34201,'1e386a27476c5b6e1461',1801,,1093,16,0,135 25,0
34201,'1f5759673f12020b0a50',1801,,1638,18,0,135 25,0
34201,'2f16807a52596335736c',1314,,1091,18,0,135 25,0,537,,1637,18,0,135 25,0
34201,'59737b0d0f044b52693e',1801,,1639,18,0,135 25,0
36500,'1e386a27476c5b6e1461',701,,1419,10,0,9 10 11,0,628,,1418,10,0,9 10 11,0
36500,'1f5759673f12020b0a50',701,,1408,10,0,9 10 11,0
36500,'2a2423055d636f354b6d',1723,,1415,10,0,9 10 11,0
36500,'2c14404d6d61074b6d28',1149,,1409,10,0,9 10 11,0
36500,'2f16807a52596335736c',601,,1404,10,0,9 10 11,0,31,,1405,10,0,133 134,0
36500,'2f6b6069415f08614303',1149,,1410,10,0,9 10 11,0
36500,'3823594e52252d7f6b14',914,,1413,10,0,9 10 11,0,803,,1412,10,0,9 10 11,0
