36501,'0e5131610429337c0530',748,,1420,27,0,135 25,0,156,,1421,27,0,166 32,0
36501,'1e386a27476c5b6e1461',705,,1436,27,0,132 117,0,1001,,1434,27,0,132 117,0,113,,1435,27,0,133 134,0
36501,'1f5759673f12020b0a50',1851,,1425,27,0,132 117,0
36501,'2a2423055d636f354b6d',1327,,1429,27,0,132 117,0,182,,1430,27,0,132 117,0
36501,'2c14404d6d61074b6d28',1004,,1426,27,0,133 134,0
36501,'2f16807a52596335736c',1848,,1422,27,0,132 117,0,85,,1423,27,0,133 134,0
36501,'3823594e52252d7f6b14',947,,1428,27,0,132 117,0,810,,1427,27,0,132 117,0
36501,'3c550d10735a472e4755',748,,1433,27,0,135 25,0
36501,'484f0e366a041c114e35',1004,,1432,27,0,133 134,0
36501,'59737b0d0f044b52693e',1807,,1431,27,0,133 134,0
