35101,'1f5759673f12020b0a50',1856,,1176,15,0,20 21 22,0
35101,'300d603a345a5010103b',926,,312,15,0,20 21 22,0,380,,313,15,0,20 21 22,0,150,,314,15,0,20 21 22,0
35101,'31744f7e5638320a2d4c',1348,,1177,15,0,20 21 22,0
35101,'3823594e52252d7f6b14',1011,,1178,15,0,20 21 22,0
35101,'485f012a2c6b445e7a47',1811,,310,15,0,20 21 22,0
35101,'4f0277002864772e6462',926,,1179,15,0,20 21 22,0,380,,1180,15,0,20 21 22,0,150,,1181,15,0,20 21 22,0
35101,'5c112750394b6b07283a',1856,,302,15,0,20 21 22,0
35101,'75034b1d5a2e41380d0c',1011,,303,15,0,20 21 22,0
35101,'7a7c2673351c18595c18',1811,,1182,15,0,20 21 22,0
35101,'7f443a14596255477616',651,,1186,15,0,23 24 18,0,105,,1188,15,0,23 24 18,0,861,,1183,15,0,23 25,0,205,,1184,15,0,20 21 22,0,119,,1185,15,0,20 21 22,0
