35501,'033e170961301f7a0308',928,,1662,23,0,20 21 22,0,390,,1663,23,0,20 21 22,0,325,,1661,23,0,20 21 22,0
35501,'055e00325b240c7d4777',1108,,1235,25,0,20 21 22,0,715,,1234,25,0,20 21 22,0
35501,'126535785649426e467c',851,,1666,25,0,49 50,0,795,,1664,23,0,20 21 22,0,180,,1665,23,0,20 21 22,0
35501,'191b086669276f0a2c02',1321,,1239,23,0,20 21 22,0
35501,'210a7c3e60384f725e7c',1108,,1668,25,0,20 21 22,0,715,,1667,25,0,20 21 22,0
35501,'371d2f0f7337032c2b25',1326,,1233,23,0,20 21 22,0
35501,'3a3841530321505b7b18',1321,,1669,23,0,20 21 22,0
35501,'4f67586f291357636e2f',1611,,1670,23,0,49 50,0,312,,1671,25,0,20 21 22,0
35501,'566406012b1e7e430018',1121,,1673,23,0,49 50,0
35501,'59737b0d0f044b52693e',1323,,1675,23,0,20 21 22,0,320,,1674,23,0,20 21 22,0
35501,'5d21673510580b5d6c6e',1326,,1676,23,0,20 21 22,0
35501,'5d5f40704724192d5825',851,,1244,25,0,49 50,0,270,,1229,23,0,49 50,0,525,,1242,23,0,20 21 22,0,175,,1243,23,0,20 21 22,0
35501,'723148100c272b183b65',928,,1231,23,0,20 21 22,0,390,,1232,23,0,20 21 22,0,325,,1230,23,0,20 21 22,0
35501,'7360781f782d14543c3f',1611,,1236,23,0,49 50,0,312,,1237,25,0,20 21 22,0
