30500,'1c2e3625233d01453772',628,,1042,6,0,9 30,0,30,,1043,6,0,9 30,0,70,,1044,6,0,9 30,0
30500,'494a652c1e455e3d7c72',848,,1045,6,0,9 30,0,680,,1046,6,0,9 30,0
30500,'5858235b60647f474275',628,,113,6,0,9 30,0,30,,114,6,0,9 30,0,70,,115,6,0,9 30,0
30500,'7f443a14596255477616',553,,1047,6,0,9 30,0
36500,'04000a7c474d7a230c2b',1242,,651,28,0,9 10 11,0
36500,'0e5131610429337c0530',927,,1403,15,0,9 10 11,0
36500,'127d168004422778154c',1242,,637,29,0,9 10 11,0
36500,'17675d5630562f244640',1007,,640,29,0,9 10 11,0
36500,'1c2e3625233d01453772',648,,1404,29,0,9 10 11,0,79,,1406,14,0,9 10 11,0
36500,'1c486c5002601c4a534a',1706,,1407,14,0,9 10 11,0
36500,'1f5759673f12020b0a50',750,,1408,28,0,9 10 11,0
36500,'2c14404d6d61074b6d28',1238,,1409,28,0,9 10 11,0
36500,'2d0d0c223c38203b5e0d',1238,,1410,29,0,9 10 11,0
36500,'2d255822185d30510a3a',1708,,650,14,0,9 10 11,0
36500,'31744f7e5638320a2d4c',1327,,1411,11,0,9 10 11,0
36500,'3823594e52252d7f6b14',1007,,1413,29,0,9 10 11,0,812,,1412,29,0,9 10 11,0
36500,'49363c5c560d0d713513',744,,638,28,0,9 10 11,0
36500,'494a652c1e455e3d7c72',634,,1414,14,0,9 10 11,0
36500,'4f0277002864772e6462',1813,,1415,29,0,9 10 11,0
36500,'553d275f1455102c362a',1703,,1416,15,0,9 10 11,0
36500,'5858235b60647f474275',648,,646,29,0,9 10 11,0,80,,648,14,0,9 10 11,0
36500,'5c695617211a647e7d16',1813,,645,29,0,9 10 11,0
36500,'791e712d420e14727657',930,,1417,16,0,9 10 11,0
36500,'7f443a14596255477616',756,,1419,29,0,9 10 11,0,658,,1418,29,0,9 10 11,0
