35601,'02070559307629202a09',650,,403,16,0,12 13 14,0,755,,402,16,0,15 16 17,0
35601,'075f4276790e1e273655',1420,,1276,16,0,15 16 17,0
35601,'0a3c663a7d504d200835',1535,,1277,16,0,12 13 14,0
35601,'14187635613e43612170',1250,,1278,16,0,12 13 14,0
35601,'184134507f4517151633',829,,1279,16,0,12 13 14,0
35601,'1c2e3625233d01453772',1050,,1280,16,0,12 13 14,0,370,,1281,16,0,12 13 14,0,100,,1282,16,0,12 13 14,0,390,,1283,16,0,12 13 14,0
35601,'1f5759673f12020b0a50',650,,1284,16,0,12 13 14,0
35601,'220e7e723c71704c1463',835,,406,16,0,15 16 17,0,415,,404,16,0,15 16 17,0,570,,405,16,0,12 13 14,0
35601,'295d5e0567072f655d20',916,,407,16,0,15 16 17,0,804,,408,16,0,15 16 17,0
35601,'2a08755845643968295b',650,,412,16,0,12 13 14,0,970,,409,16,0,15 16 17,0,80,,410,16,0,12 13 14,0,40,,411,16,0,12 13 14,0
35601,'2a5b3362091f52630354',639,,415,16,0,12 13 14,0,197,,421,16,0,12 13 14,0,414,,413,16,0,12 13 14,0,370,,414,16,0,12 13 14,0,89,,416,16,0,12 13 14,0,40,,417,16,0,12 13 14,0,80,,418,16,0,12 13 14,0
35601,'320823102b697f311363',1420,,1285,16,0,12 13 14,0
35601,'332311354b01253e3615',905,,1286,16,0,12 13 14,0
35601,'3f575e1f5f6d63575f07',1829,,1287,16,0,12 13 14,0
35601,'494a652c1e455e3d7c72',1620,,1288,16,0,12 13 14,0
35601,'4d7a6615443531084902',1220,,422,16,0,12 13 14,0,200,,423,16,0,12 13 14,0,100,,424,16,0,12 13 14,0,390,,425,16,0,12 13 14,0
35601,'4f0277002864772e6462',1935,,1289,16,0,12 13 14,0
35601,'52166b36781a3037644c',1935,,426,16,0,12 13 14,0
35601,'59445e7d50034e156e11',1820,,1290,16,0,12 13 14,0
35601,'59737b0d0f044b52693e',650,,1293,16,0,12 13 14,0,1050,,1291,16,0,12 13 14,0,40,,1292,16,0,12 13 14,0
35601,'61121d2d1b1669750837',916,,1294,16,0,12 13 14,0,804,,1295,16,0,12 13 14,0
35601,'634b592b186b573b6758',916,,1296,16,0,15 16 17,0,804,,1297,16,0,15 16 17,0
35601,'693b6416011017175f3d',1535,,427,16,0,12 13 14,0
35601,'6d0c424c36686c087407',834,,1299,16,0,15 16 17,0,416,,1298,16,0,15 16 17,0
35601,'7c40501f37807a467b28',1620,,1300,16,0,15 16 17,0
35601,'7f443a14596255477616',639,,1301,16,0,12 13 14,0,197,,1306,16,0,12 13 14,0,873,,1302,16,0,12 13 14,0,40,,1303,16,0,12 13 14,0
