35700,'055e00325b240c7d4777',1840,,432,41,0,9 10 11,0
35700,'1e386a27476c5b6e1461',757,,1324,37,0,9 10 11,0,66,,1325,37,0,9 10 11,0
35700,'2f16807a52596335736c',708,,1309,37,0,9 10 11,0,347,,1310,37,0,9 10 11,0,504,,1308,37,0,9 10 11,0
35700,'320823102b697f311363',1415,,1311,37,0,9 10 11,0
35700,'321e5f70685c1473436a',736,,1313,37,0,9 10 11,0
35700,'3823594e52252d7f6b14',950,,1312,37,0,9 10 11,0
35700,'416039027b4e59137846',1405,,1314,37,0,9 10 11,0
35700,'59445e7d50034e156e11',726,,1317,37,0,9 10 11,0
35700,'59737b0d0f044b52693e',746,,1318,37,0,9 10 11,0,66,,1319,37,0,9 10 11,0
35700,'61121d2d1b1669750837',1840,,1320,37,0,9 10 11,0
35700,'634b592b186b573b6758',1840,,1321,41,0,9 10 11,0
35700,'6d0c424c36686c087407',1415,,1322,41,0,9 10 11,0,393,,1323,41,0,9 10 11,0
35700,'71472061383531535e0f',1415,,1315,39,0,9 10 11,0,399,,1316,37,0,9 10 11,0
