39400,'012705765b230d454c07',1548,,1603,27,,,0
39400,'02070559307629202a09',913,,859,27,,,0,640,,860,27,,,0
39400,'1443632b3566627b2e20',738,,1604,27,,,0,390,,1605,27,,,0,515,,1606,27,,,0
39400,'2a08755845643968295b',738,,863,27,,,0,390,,864,27,,,0,515,,865,27,,,0
39400,'79634f716a31375a174a',913,,1609,27,,,0,640,,1610,27,,,0
39401,'02070559307629202a09',1716,,872,16,,,0
39401,'1443632b3566627b2e20',916,,1611,16,,,0,890,,1612,16,,,0
39401,'220e7e723c71704c1463',1306,,873,16,,,0
39401,'2a08755845643968295b',916,,875,16,,,0,890,,876,16,,,0
39401,'5a1f120d085a5346570a',1306,,1614,16,,,0
39401,'79634f716a31375a174a',1716,,1615,16,,,0
