35700,'055e00325b240c7d4777',1804,,432,16,0,9 10 11,0
35700,'0a3c663a7d504d200835',1657,,1307,12,0,9 10 11,0
35700,'1e386a27476c5b6e1461',709,,1324,12,0,9 10 11,0,30,,1325,12,0,9 10 11,0
35700,'2f16807a52596335736c',627,,1309,12,0,9 10 11,0,390,,1310,12,0,9 10 11,0,500,,1308,12,0,9 10 11,0
35700,'320823102b697f311363',1337,,1311,12,0,9 10 11,0
35700,'321e5f70685c1473436a',647,,1313,12,0,9 10 11,0
35700,'3823594e52252d7f6b14',919,,1312,12,0,9 10 11,0
35700,'416039027b4e59137846',1327,,1314,12,0,9 10 11,0
35700,'59445e7d50034e156e11',647,,1317,12,0,9 10 11,0
35700,'59737b0d0f044b52693e',707,,1318,12,0,9 10 11,0,30,,1319,12,0,9 10 11,0
35700,'61121d2d1b1669750837',1804,,1320,12,0,9 10 11,0
35700,'634b592b186b573b6758',1804,,1321,16,0,9 10 11,0
35700,'6d0c424c36686c087407',1337,,1322,16,0,9 10 11,0,395,,1323,16,0,9 10 11,0
35700,'71472061383531535e0f',1337,,1315,14,0,9 10 11,0,395,,1316,12,0,9 10 11,0
