35601,'02070559307629202a09',1447,,402,54,0,15 16 17,0
35601,'075f4276790e1e273655',1502,,1276,54,0,15 16 17,0
35601,'0a3c663a7d504d200835',1617,,1277,54,0,12 13 14,0
35601,'14187635613e43612170',1332,,1278,54,0,12 13 14,0
35601,'184134507f4517151633',912,,1279,54,0,12 13 14,0
35601,'1c2e3625233d01453772',1132,,1280,54,0,12 13 14,0,370,,1281,54,0,12 13 14,0,100,,1282,54,0,12 13 14,0,350,,1283,54,0,12 13 14,0
35601,'1f5759673f12020b0a50',732,,1284,54,0,12 13 14,0
35601,'220e7e723c71704c1463',917,,406,54,0,15 16 17,0,415,,404,54,0,15 16 17,0
35601,'2a08755845643968295b',1702,,409,54,0,15 16 17,0
35601,'2d6a412e153614600940',1902,,405,54,0,12 13 14,0
35601,'320823102b697f311363',1502,,1285,54,0,12 13 14,0
35601,'332311354b01253e3615',946,,1286,54,0,12 13 14,0
35601,'3f575e1f5f6d63575f07',1912,,1287,54,0,12 13 14,0
35601,'49363c5c560d0d713513',732,,403,54,0,12 13 14,0
35601,'494a652c1e455e3d7c72',1702,,1288,54,0,12 13 14,0
35601,'4f0277002864772e6462',2017,,1289,54,0,12 13 14,0
35601,'59445e7d50034e156e11',1902,,1290,54,0,12 13 14,0
35601,'59737b0d0f044b52693e',732,,1293,54,0,12 13 14,0,1010,,1291,54,0,12 13 14,0,80,,1292,54,0,12 13 14,0
35601,'5a622e2f735638475e4f',732,,412,54,0,12 13 14,0,1010,,410,54,0,12 13 14,0,80,,411,54,0,12 13 14,0
35601,'5e7c480b705d7d2d5e1b',2017,,426,54,0,12 13 14,0
35601,'5f3a5d635165645c1e2c',1302,,422,54,0,12 13 14,0,200,,423,54,0,12 13 14,0,100,,424,54,0,12 13 14,0,350,,425,54,0,12 13 14,0
35601,'61121d2d1b1669750837',1000,,1294,54,0,12 13 14,0,802,,1295,54,0,12 13 14,0
35601,'634b592b186b573b6758',1000,,1296,54,0,15 16 17,0,802,,1297,54,0,15 16 17,0
35601,'6d0c424c36686c087407',917,,1299,54,0,15 16 17,0,415,,1298,54,0,15 16 17,0
35601,'7c40501f37807a467b28',1702,,1300,54,0,15 16 17,0
35601,'7f443a14596255477616',722,,1305,5,0,12 13 14,0,196,,1306,54,0,12 13 14,0,834,,1302,54,0,12 13 14,0,80,,1303,54,0,12 13 14,0
35601,'80152c04633e535e6600',1000,,407,54,0,15 16 17,0,802,,408,54,0,15 16 17,0
