31401,'2b037649673f32451d0b',1228,,127,7,,,0
31401,'3b0d0a205721144a1f02',1228,,1059,7,,,0
32000,'2a5b3362091f52630354',731,,149,4,0,136 10 52,0
32000,'3c046c2a04663d195765',730,,150,4,0,136 10 52,0
37901,'0a2f1e22095132130163',1743,,740,13,0,114 115,0
37901,'16096334352325192d1f',1257,,1510,12,0,126 47 48,0
37901,'31744f7e5638320a2d4c',1257,,1512,12,0,114 115,0
37901,'4f0277002864772e6462',1742,,1513,12,0,126 47 48,0
37901,'52166b36781a3037644c',1740,,742,13,0,126 47 48,0
37901,'553d275f1455102c362a',1742,,1516,12,0,114 115,0
37901,'69552d0660140f203513',1256,,743,13,0,126 47 48,0
37901,'725616403949496a5c67',1256,,745,13,0,114 115,0
