35500,'033e170961301f7a0308',733,,1649,7,0,9 26,0
35500,'055e00325b240c7d4777',848,,1220,7,0,9 10 11,0,755,,1219,7,0,9 10 11,0
35500,'126535785649426e467c',613,,1651,7,0,9 10 11,0
35500,'210a7c3e60384f725e7c',848,,1654,7,0,9 10 11,0,755,,1653,7,0,9 10 11,0
35500,'2530772d5b5960361a09',1239,,1224,7,0,9 26,0
35500,'4f67586f291357636e2f',1239,,1658,7,0,9 26,0
35500,'59737b0d0f044b52693e',648,,1660,7,0,9 10 11,0
35500,'723148100c272b183b65',733,,1218,7,0,9 26,0
35500,'7249395f521c57637d3d',639,,1227,7,0,9 10 11,0
37501,'1e7832711c690d2e452a',1829,,1467,14,0,28 29,0
37501,'31744f7e5638320a2d4c',1239,,1465,14,0,28 29,0
