30400,'1c2e3625233d01453772',619,,1020,7,0,7 8,0,30,,1021,7,0,7 8,0,70,,1022,7,0,7 8,0,30,,1023,7,0,7 8,0,70,,1024,7,0,7 8,0,30,,1025,7,0,7 8,0,760,,1026,7,0,7 8,0,30,,1027,7,0,7 8,0,70,,1016,7,0,7 8,0,30,,1017,7,0,7 8,0,70,,1018,7,0,7 8,0,30,,1019,7,0,7 8,0
30400,'7f443a14596255477616',704,,1028,7,0,7 8,0
35300,'0a041e0d5834764b5d6a',658,,1198,8,0,7 8,0,590,,1199,8,0,7 8,0,558,,1200,8,0,7 8,0
35300,'6c79775968333e371768',648,,1640,8,0,7 8,0,600,,1641,8,0,7 8,0,558,,1642,8,0,7 8,0
35500,'033e170961301f7a0308',809,,1649,23,0,9 26,0
35500,'055e00325b240c7d4777',924,,1220,23,0,9 10 11,0,715,,1219,23,0,9 10 11,0
35500,'126535785649426e467c',653,,1650,13,0,9 10 11,0,53,,1651,23,0,9 10 11,0,107,,1652,2,0,9 26,0
35500,'210a7c3e60384f725e7c',924,,1654,23,0,9 10 11,0,715,,1653,23,0,9 10 11,0
35500,'4f67586f291357636e2f',1204,,1657,13,0,9 26,0,110,,1658,23,0,9 26,0,118,,1655,2,0,9 26,0,222,,1656,13,0,9 26,0
35500,'566406012b1e7e430018',924,,1659,13,0,9 26,0
35500,'59737b0d0f044b52693e',724,,1660,23,0,9 10 11,0
35500,'5d5f40704724192d5825',653,,1226,13,0,9 10 11,0,68,,1227,23,0,9 10 11,0,92,,1228,2,0,9 26,0,111,,1217,13,0,9 26,0
35500,'723148100c272b183b65',809,,1218,23,0,9 26,0
35500,'7360781f782d14543c3f',1204,,1223,13,0,9 26,0,110,,1224,23,0,9 26,0,118,,1221,2,0,9 26,0,222,,1222,13,0,9 26,0
