35600,'02070559307629202a09',704,,373,40,0,9 10 11,0
35600,'0a2f1e22095132130163',1834,,374,41,0,9 10 11,0,5,,375,41,0,9 10 11,0
35600,'0a3c663a7d504d200835',1624,,1245,41,0,9 10 11,0,15,,1246,42,0,9 10 11,0
35600,'0d7c5c285a59412d315b',1829,,1247,40,0,9 10 11,0
35600,'112a0b7f332a564f1678',1304,,1248,40,0,9 10 11,0
35600,'14187635613e43612170',1514,,1249,40,0,9 10 11,0
35600,'1a223768176411647430',1834,,1250,40,0,9 10 11,0
35600,'1c2e3625233d01453772',644,,1252,40,0,9 10 11,0,360,,1251,40,0,9 10 11,0
35600,'1c42311e025d3b40504f',1739,,376,41,0,9 10 11,0
35600,'1f5759673f12020b0a50',704,,1253,40,0,9 10 11,0
35600,'200a2d69427732221f48',1304,,377,40,0,9 10 11,0
35600,'220e7e723c71704c1463',1514,,378,44,0,9 10 11,0,330,,379,44,0,9 10 11,0
35600,'2752046f425a49721d09',1304,,380,40,0,9 10 11,0
35600,'295d5e0567072f655d20',1128,,381,44,0,9 10 11,0,801,,382,44,0,9 10 11,0
35600,'2a08755845643968295b',704,,384,40,0,9 10 11,0,40,,385,40,0,9 10 11,0,70,,386,40,0,9 10 11,0,920,,383,40,0,9 10 11,0
35600,'2a5b3362091f52630354',704,,389,40,0,9 10 11,0,45,,390,40,0,9 10 11,0,70,,391,40,0,9 10 11,0,695,,387,40,0,9 10 11,0,399,,388,41,0,9 10 11,0
35600,'31744f7e5638320a2d4c',1304,,1254,41,0,9 10 11,0,5,,1255,41,0,9 10 11,0
35600,'4d7a6615443531084902',644,,393,40,0,9 10 11,0,360,,392,40,0,9 10 11,0
35600,'4f0277002864772e6462',904,,1256,40,0,9 10 11,0
35600,'52166b36781a3037644c',904,,394,40,0,9 10 11,0
35600,'553d275f1455102c362a',1834,,1257,41,0,9 10 11,0,5,,1258,41,0,9 10 11,0
35600,'56061576073054406d39',1834,,1259,40,0,9 10 11,0
35600,'59737b0d0f044b52693e',704,,1261,40,0,9 10 11,0,40,,1262,40,0,9 10 11,0,70,,1263,40,0,9 10 11,0,920,,1260,40,0,9 10 11,0
35600,'61121d2d1b1669750837',1129,,1264,40,0,9 10 11,0,800,,1265,40,0,9 10 11,0
35600,'634b592b186b573b6758',1129,,1266,44,0,9 10 11,0,800,,1267,44,0,9 10 11,0
35600,'693b6416011017175f3d',1624,,395,41,0,9 10 11,0,15,,396,42,0,9 10 11,0,100,,397,42,0,9 10 11,0
35600,'6a233617047119584137',1304,,1268,40,0,9 10 11,0
35600,'6d0c424c36686c087407',1514,,1269,44,0,9 10 11,0,320,,1270,44,0,9 10 11,0
35600,'725616403949496a5c67',1304,,398,41,0,9 10 11,0,5,,399,41,0,9 10 11,0,525,,401,40,0,9 10 11,0
35600,'7f443a14596255477616',704,,1273,40,0,9 10 11,0,45,,1274,40,0,9 10 11,0,70,,1275,40,0,9 10 11,0,920,,1271,41,0,9 10 11,0,174,,1272,41,0,9 10 11,0
