35701,'0d4e3278231744213640',1852,,1326,45,0,12 13 14,0
35701,'136e6b484c454e417465',2009,,446,45,0,12 13 14,0
35701,'1c2e3625233d01453772',1400,,1330,45,0,12 13 14,0,250,,1327,45,0,12 13 14,0,99,,1328,45,0,12 13 14,0,280,,1329,45,0,12 13 14,0
35701,'320823102b697f311363',909,,1331,45,0,12 13 14,0
35701,'332311354b01253e3615',919,,1332,45,0,12 18 19,0
35701,'3823594e52252d7f6b14',2009,,1333,45,0,12 13 14,0
35701,'3a4a044232474e33312b',1129,,449,45,0,15 16 17,0
35701,'3a511f30370a721b2433',909,,445,45,0,12 13 14,0
35701,'494a652c1e455e3d7c72',959,,1334,45,0,12 13 14,0,267,,1335,45,0,12 13 14,0
35701,'59445e7d50034e156e11',1844,,1336,45,0,12 13 14,0
35701,'59737b0d0f044b52693e',844,,1339,45,0,12 13 14,0,965,,1337,45,0,12 13 14,0,110,,1338,45,0,12 13 14,0
35701,'61121d2d1b1669750837',1129,,1340,45,0,12 13 14,0
35701,'634b592b186b573b6758',1129,,1341,45,0,15 16 17,0
35701,'69181125652d7e4d6a80',844,,452,45,0,12 13 14,0,382,,453,45,0,15 16 17,0,174,,463,45,0,12 13 14,0,250,,460,45,0,12 13 14,0,99,,461,45,0,12 13 14,0,60,,450,45,0,12 13 14,0,110,,451,45,0,12 13 14,0,110,,462,45,0,12 13 14,0
35701,'6d0c424c36686c087407',954,,1342,45,0,15 16 17,0
35701,'702c275e051204394d01',954,,448,45,0,15 16 17,0,890,,447,45,0,12 13 14,0
35701,'7c40501f37807a467b28',1226,,1343,45,0,15 16 17,0
35701,'7f443a14596255477616',857,,1347,45,0,12 18 19,0,957,,1344,45,0,12 13 14,0,38,,1345,45,0,12 13 14,0,76,,1346,45,0,12 13 14,0
