35600,'02070559307629202a09',620,,373,1,0,9 10 11,0
35600,'0a2f1e22095132130163',1750,,375,2,0,9 10 11,0
35600,'1c42311e025d3b40504f',1650,,376,2,0,9 10 11,0
35600,'200a2d69427732221f48',1220,,377,1,0,9 10 11,0
35600,'220e7e723c71704c1463',1430,,378,5,0,9 10 11,0,370,,379,5,0,9 10 11,0
35600,'2752046f425a49721d09',1220,,380,1,0,9 10 11,0
35600,'295d5e0567072f655d20',1045,,381,5,0,9 10 11,0,800,,382,5,0,9 10 11,0
35600,'2a08755845643968295b',620,,384,1,0,9 10 11,0,80,,385,1,0,9 10 11,0,30,,386,1,0,9 10 11,0,920,,383,1,0,9 10 11,0
35600,'2a5b3362091f52630354',620,,389,1,0,9 10 11,0,80,,390,1,0,9 10 11,0,30,,391,1,0,9 10 11,0,700,,387,1,0,9 10 11,0,395,,388,2,0,9 10 11,0
35600,'4d7a6615443531084902',600,,393,1,0,9 10 11,0,320,,392,1,0,9 10 11,0
35600,'52166b36781a3037644c',820,,394,1,0,9 10 11,0
35600,'693b6416011017175f3d',1555,,396,3,0,9 10 11,0,100,,397,3,0,9 10 11,0
35600,'725616403949496a5c67',1220,,400,2,0,122 25,0,530,,401,1,0,9 10 11,0
35601,'02070559307629202a09',740,,403,58,4,,0,715,,402,58,0,15 16 17,0
35601,'220e7e723c71704c1463',925,,406,58,0,15 16 17,0,415,,404,58,0,15 16 17,0,570,,405,58,4,,0
35601,'295d5e0567072f655d20',1010,,407,58,0,15 16 17,0,800,,408,58,0,15 16 17,0
35601,'2a08755845643968295b',740,,412,58,4,,0,970,,409,58,0,15 16 17,0,40,,410,58,4,,0,80,,411,58,4,,0
35601,'2a5b3362091f52630354',745,,420,11,4,,0,180,,421,58,4,,0,415,,413,58,4,,0,370,,414,58,4,,0,90,,416,58,4,,0,40,,417,58,4,,0,80,,418,58,4,,0
35601,'4d7a6615443531084902',1310,,422,58,4,,0,200,,423,58,4,,0,100,,424,58,4,,0,390,,425,58,4,,0
35601,'52166b36781a3037644c',2025,,426,58,4,,0
35601,'693b6416011017175f3d',1625,,427,58,4,,0
35700,'1a20552b5a400f716a1b',900,,428,1,0,9 10 11,0
35700,'220e7e723c71704c1463',640,,431,1,0,9 10 11,0,680,,429,5,0,9 10 11,0,395,,430,5,0,9 10 11,0
35700,'295d5e0567072f655d20',1745,,432,5,0,9 10 11,0
35700,'2a08755845643968295b',700,,433,1,0,9 10 11,0,20,,434,1,0,9 10 11,0
35700,'2a5b3362091f52630354',630,,437,1,0,9 10 11,0,20,,438,1,0,9 10 11,0,70,,439,1,0,9 10 11,0,600,,435,3,0,9 10 11,0,395,,436,1,0,9 10 11,0
35700,'4d7a6615443531084902',610,,441,1,0,9 10 11,0,390,,442,1,0,9 10 11,0,500,,440,1,0,9 10 11,0
35701,'02070559307629202a09',920,,445,50,4,,0
35701,'1a20552b5a400f716a1b',2020,,446,50,4,,0
35701,'220e7e723c71704c1463',1005,,448,50,0,15 16 17,0,850,,447,50,4,,0
35701,'295d5e0567072f655d20',1135,,449,50,0,15 16 17,0
35701,'2a08755845643968295b',855,,452,50,4,,0,385,,453,50,0,15 16 17,0,580,,450,50,4,,0,110,,451,50,4,,0
35701,'2a5b3362091f52630354',910,,457,50,0,12 18 19,0,100,,458,50,4,,0,230,,459,50,4,,0,585,,454,50,4,,0,85,,455,50,4,,0,30,,456,50,4,,0
35701,'4d7a6615443531084902',1410,,463,50,4,,0,290,,460,50,4,,0,100,,461,50,4,,0,240,,462,50,4,,0
