35101,'1f5759673f12020b0a50',1911,,1176,30,0,20 21 22,0
35101,'300d603a345a5010103b',941,,312,30,0,20 21 22,0,380,,313,30,0,20 21 22,0,191,,314,30,0,20 21 22,0
35101,'31744f7e5638320a2d4c',1404,,1177,30,0,20 21 22,0
35101,'3823594e52252d7f6b14',1026,,1178,30,0,20 21 22,0
35101,'485f012a2c6b445e7a47',1826,,310,30,0,20 21 22,0
35101,'4f0277002864772e6462',941,,1179,30,0,20 21 22,0,380,,1180,30,0,20 21 22,0,191,,1181,30,0,20 21 22,0
35101,'5c112750394b6b07283a',1911,,302,30,0,20 21 22,0
35101,'75034b1d5a2e41380d0c',1026,,303,30,0,20 21 22,0
35101,'7a7c2673351c18595c18',1826,,1182,30,0,20 21 22,0
35101,'7f443a14596255477616',707,,1186,30,0,23 24 18,0,106,,1188,30,0,23 24 18,0,825,,1183,30,0,23 25,0,203,,1184,30,0,20 21 22,0,115,,1185,30,0,20 21 22,0
