31400,'2b037649673f32451d0b',815,,126,6,,,0
31400,'3b0d0a205721144a1f02',816,,1058,6,,,0
39700,'16096334352325192d1f',1404,,1622,4,,,0
39700,'1c2e3625233d01453772',820,,1623,4,,,0
39700,'2a08755845643968295b',711,,903,4,,,0
39700,'2a5b3362091f52630354',656,,904,4,,,0
39700,'2b037649673f32451d0b',906,,905,4,,,0
39700,'4d7a6615443531084902',820,,906,4,,,0
39700,'532f7e634a3b56246321',906,,1624,4,,,0
39700,'59737b0d0f044b52693e',711,,1626,4,,,0
39700,'69552d0660140f203513',1404,,907,4,,,0
39700,'7f443a14596255477616',656,,1627,4,,,0
