35500,'033e170961301f7a0308',759,,1649,18,0,9 26,0
35500,'055e00325b240c7d4777',914,,1220,18,0,9 10 11,0,715,,1219,18,0,9 10 11,0
35500,'126535785649426e467c',640,,1650,8,0,9 10 11,0,13,,1651,18,0,9 10 11,0
35500,'210a7c3e60384f725e7c',914,,1654,18,0,9 10 11,0,715,,1653,18,0,9 10 11,0
35500,'4f67586f291357636e2f',1153,,1657,8,0,9 26,0,152,,1658,18,0,9 26,0,338,,1656,8,0,9 26,0
35500,'566406012b1e7e430018',913,,1659,8,0,9 26,0
35500,'59737b0d0f044b52693e',714,,1660,18,0,9 10 11,0
35500,'5d5f40704724192d5825',640,,1226,8,0,9 10 11,0,68,,1227,18,0,9 10 11,0,205,,1217,8,0,9 26,0
35500,'723148100c272b183b65',759,,1218,18,0,9 26,0
35500,'7360781f782d14543c3f',1153,,1223,8,0,9 26,0,152,,1224,18,0,9 26,0,338,,1222,8,0,9 26,0
