31300,'2d754f17311a6a76795e',950,,1056,6,0,44 45,0
31300,'34787530700b1355023c',950,,124,6,0,44 45,0
31301,'2d754f17311a6a76795e',1155,,1057,5,0,33 34 6,0
31301,'34787530700b1355023c',1155,,125,5,0,33 34 6,0
31900,'1c2e3625233d01453772',658,,1074,4,0,9 68 38,0
31900,'4f0277002864772e6462',1233,,1076,4,0,9 68 38,0
31900,'5e7c480b705d7d2d5e1b',1233,,144,4,0,9 68 38,0
31900,'5f3a5d635165645c1e2c',658,,142,4,0,9 68 38,0
31901,'1c2e3625233d01453772',1452,,1077,33,0,69 70 71,0,256,,1078,33,0,69 70 71,0,205,,1079,33,0,69 70 71,0
31901,'4f0277002864772e6462',1847,,1080,33,0,69 70 71,0
31901,'5e7c480b705d7d2d5e1b',1847,,148,33,0,69 70 71,0
31901,'5f3a5d635165645c1e2c',1452,,145,33,0,69 70 71,0,256,,146,33,0,69 70 71,0,205,,147,33,0,69 70 71,0
