37900,'16096334352325192d1f',1436,,1503,22,0,65 66 67,0
37900,'1e386a27476c5b6e1461',741,,1508,22,0,65 66 67,0,5,,1509,26,0,65 66 67,0
37900,'1f5759673f12020b0a50',851,,1504,22,0,65 66 67,0
37900,'59737b0d0f044b52693e',851,,1506,22,0,65 66 67,0
37901,'16096334352325192d1f',1217,,1510,2,0,126 47 48,0
37901,'1e7832711c690d2e452a',1702,,1516,2,0,114 115,0
37901,'2a2423055d636f354b6d',1702,,1513,2,0,126 47 48,0
37901,'31744f7e5638320a2d4c',1217,,1512,2,0,114 115,0
39100,'2f16807a52596335736c',853,,1577,9,,,0
39100,'532f7e634a3b56246321',948,,1579,12,,,0
39200,'2c5f74455e25454d432d',740,,1591,11,0,165,0
39200,'35315f0c7e2102062569',1724,,1588,11,0,165,0
39200,'3a3f4e3d72733e4d2177',1724,,1592,10,0,165,0
39201,'2c5f74455e25454d432d',741,,1594,4,0,164,0,984,,1595,4,0,164,0
39201,'35315f0c7e2102062569',1237,,1593,4,0,164,0
39301,'1e7832711c690d2e452a',1723,,1601,4,0,168,0
39301,'31744f7e5638320a2d4c',1238,,1599,4,0,168,0
39700,'16096334352325192d1f',1445,,1622,16,,,0
39700,'1e386a27476c5b6e1461',743,,1627,16,,,0
39700,'1e7832711c690d2e452a',1641,,1625,10,,,0
39701,'16096334352325192d1f',1217,,1628,2,,,0
39701,'1e386a27476c5b6e1461',807,,1632,2,,,0,895,,1633,2,,,0
39801,'1e7832711c690d2e452a',1726,,1636,4,,,0
39801,'31744f7e5638320a2d4c',1235,,1635,4,,,0
