39200,'0665296e7e807358130c',938,,832,7,0,165,0
39200,'2c5f74455e25454d432d',725,,1591,7,0,165,0
39200,'35315f0c7e2102062569',1709,,1588,7,0,165,0
39200,'3a3f4e3d72733e4d2177',1709,,1592,6,0,165,0
39200,'3f242a2f47502e255740',706,,828,7,0,165,0,105,,829,7,0,165,0,525,,830,7,0,165,0
39201,'0665296e7e807358130c',1153,,847,5,0,164,0,400,,849,5,0,164,0
39201,'2c5f74455e25454d432d',756,,1594,9,0,164,0,985,,1595,9,0,164,0
39201,'35315f0c7e2102062569',1248,,1593,9,0,164,0
39201,'3f242a2f47502e255740',1236,,845,6,0,164,0,488,,846,6,0,164,0,122,,844,6,0,164,0
39400,'35315f0c7e2102062569',1327,,1607,9,,,0
39400,'3a3f4e3d72733e4d2177',1727,,1608,9,,,0
39401,'2c5f74455e25454d432d',724,,1613,4,,,0
