31900,'2a2423055d636f354b6d',1302,,1076,19,0,9 68 38,0
31900,'2f16807a52596335736c',645,,1073,18,0,9 68 38,0,83,,1074,19,0,9 68 38,0,117,,1075,18,0,9 68 38,0
35800,'1e386a27476c5b6e1461',700,,1356,23,0,9 10 11,0,19,,1357,22,0,9 10 11,0,195,,1358,22,0,9 10 11,0
35800,'1f5759673f12020b0a50',758,,1349,22,0,9 10 11,0,498,,1350,23,0,9 10 11,0
35800,'2a2423055d636f354b6d',1559,,1353,22,0,9 10 11,0
35800,'2f16807a52596335736c',1244,,1348,22,0,9 10 11,0
35800,'3823594e52252d7f6b14',858,,1351,22,0,9 10 11,0
35800,'59737b0d0f044b52693e',659,,1354,23,0,9 10 11,0
35800,'71472061383531535e0f',640,,1352,22,0,9 10 11,0
35800,'7a7c2673351c18595c18',1659,,1355,22,0,9 10 11,0
