39400,'012705765b230d454c07',1602,,1603,33,,,0
39400,'02070559307629202a09',927,,859,33,,,0,680,,860,33,,,0
39400,'1443632b3566627b2e20',752,,1604,33,,,0,390,,1605,33,,,0,515,,1606,33,,,0
39400,'2a08755845643968295b',752,,863,33,,,0,390,,864,33,,,0,515,,865,33,,,0
39400,'2a5b3362091f52630354',752,,866,34,,,0,390,,867,34,,,0,515,,868,34,,,0
39400,'693b6416011017175f3d',1602,,870,34,,,0
39400,'79634f716a31375a174a',927,,1609,33,,,0,680,,1610,33,,,0
39401,'2a5b3362091f52630354',750,,877,13,4,,0
39401,'4e3f30715c2160755238',750,,1613,13,4,,0
39801,'0a2f1e22095132130163',1831,,915,26,,,0
39801,'31744f7e5638320a2d4c',1340,,1635,25,,,0
39801,'553d275f1455102c362a',1831,,1636,25,,,0
39801,'725616403949496a5c67',1340,,916,26,,,0
