35701,'055e00325b240c7d4777',1106,,449,27,0,15 16 17,0
35701,'0d4e3278231744213640',1827,,1326,27,0,12 13 14,0
35701,'1c2e3625233d01453772',1338,,1330,27,0,12 13 14,0,290,,1327,27,0,12 13 14,0,98,,1328,27,0,12 13 14,0,282,,1329,27,0,12 13 14,0
35701,'320823102b697f311363',848,,1331,27,0,12 13 14,0
35701,'332311354b01253e3615',856,,1332,27,0,12 18 19,0
35701,'3823594e52252d7f6b14',1948,,1333,27,0,12 13 14,0
35701,'494a652c1e455e3d7c72',938,,1334,27,0,12 13 14,0,270,,1335,27,0,12 13 14,0
35701,'59445e7d50034e156e11',1822,,1336,27,0,12 13 14,0
35701,'59737b0d0f044b52693e',823,,1339,27,0,12 13 14,0,924,,1337,27,0,12 13 14,0,111,,1338,27,0,12 13 14,0
35701,'61121d2d1b1669750837',1106,,1340,27,0,12 13 14,0
35701,'634b592b186b573b6758',1106,,1341,27,0,15 16 17,0
35701,'6d0c424c36686c087407',933,,1342,27,0,15 16 17,0
35701,'7c40501f37807a467b28',1208,,1343,27,0,15 16 17,0
35701,'7f443a14596255477616',834,,1347,27,0,12 18 19,0,917,,1344,27,0,12 13 14,0,76,,1345,27,0,12 13 14,0,78,,1346,27,0,12 13 14,0
