301,30100,'1e386a27476c5b6e1461',944,945,946
301,30100,'2f16807a52596335736c',932,933,934,935,936,937,938,939,940,941,942,943
301,30101,'1e386a27476c5b6e1461',960,961
301,30101,'2f16807a52596335736c',947,948,949,950,951,952,953,954,955,956,957,958
301,30101,'3c2a73256541336f410c',959
302,30200,'1e386a27476c5b6e1461',974
302,30200,'2f16807a52596335736c',962,963,964,965,966,967,968,969,970,971,972,973
302,30201,'2f16807a52596335736c',975,976,977,978,979,980,981,982,983,984,985,986
303,30300,'2f16807a52596335736c',987,988,989,990,991,992,993,994,995,996,997
303,30301,'112a0b7f332a564f1678',998
303,30301,'2f16807a52596335736c',999,1000,1001,1002,1003,1004,1005,1006,1007,1008,1009,1010,1011,1012,1013
303,30301,'31744f7e5638320a2d4c',1014
303,30301,'65010049261f3230571f',1015
304,30400,'1e386a27476c5b6e1461',1028
304,30400,'2f16807a52596335736c',1016,1017,1018,1019,1020,1021,1022,1023,1024,1025,1026,1027
304,30401,'1e7832711c690d2e452a',1041
304,30401,'2f16807a52596335736c',1029,1030,1031,1032,1033,1034,1035,1036,1037,1038,1039,1040
305,30500,'1e386a27476c5b6e1461',1047
305,30500,'2f16807a52596335736c',1042,1043,1044
305,30500,'71472061383531535e0f',1045,1046
305,30501,'1e386a27476c5b6e1461',1053
305,30501,'2f16807a52596335736c',1048,1049,1050
305,30501,'71472061383531535e0f',1051,1052
310,31000,'2d754f17311a6a76795e',1054
310,31001,'2d754f17311a6a76795e',1055
313,31300,'2d754f17311a6a76795e',1056
313,31301,'2d754f17311a6a76795e',1057
314,31400,'3b0d0a205721144a1f02',1058
314,31401,'3b0d0a205721144a1f02',1059
315,31500,'3b09390537191f550750',1060
315,31501,'3b09390537191f550750',1061
316,31600,'3b0d0a205721144a1f02',1062
316,31601,'3b0d0a205721144a1f02',1063
317,31700,'3b0d0a205721144a1f02',1064
317,31701,'3b0d0a205721144a1f02',1065,1066
318,31800,'2a2423055d636f354b6d',1069
318,31800,'2f16807a52596335736c',1067,1068
318,31801,'2a2423055d636f354b6d',1072
318,31801,'2f16807a52596335736c',1070,1071
319,31900,'2a2423055d636f354b6d',1076
319,31900,'2f16807a52596335736c',1073,1074,1075
319,31901,'2a2423055d636f354b6d',1080
319,31901,'2f16807a52596335736c',1077,1078,1079
320,32000,'3f242a2f47502e255740',150
320,32001,'3f242a2f47502e255740',152
324,32400,'2c5f74455e25454d432d',1081
324,32400,'3f242a2f47502e255740',155
324,32401,'2c5f74455e25454d432d',1082
324,32401,'3f242a2f47502e255740',158
325,32500,'114a44065a5209536517',172
325,32500,'3f242a2f47502e255740',166,167,168,169,170,171
325,32501,'114a44065a5209536517',182
325,32501,'3f242a2f47502e255740',178,179,180,181
326,32600,'2c5f74455e25454d432d',1083
326,32600,'3f242a2f47502e255740',185
326,32601,'2c5f74455e25454d432d',1086
326,32601,'35315f0c7e2102062569',1084,1085
326,32601,'3f242a2f47502e255740',188
327,32700,'3f242a2f47502e255740',197,198,199,200,201,202
327,32701,'3f242a2f47502e255740',208,209,210,211,212
342,34200,'1e386a27476c5b6e1461',1090
342,34200,'2a2423055d636f354b6d',1088
342,34200,'2f16807a52596335736c',1087
342,34200,'59737b0d0f044b52693e',1089
342,34201,'1e386a27476c5b6e1461',1093
342,34201,'1f5759673f12020b0a50',1638
342,34201,'2f16807a52596335736c',1091,1637
342,34201,'59737b0d0f044b52693e',1639
344,34400,'1e386a27476c5b6e1461',1099
344,34400,'2a2423055d636f354b6d',1096
344,34400,'2f16807a52596335736c',1094
344,34400,'532f7e634a3b56246321',1097
344,34400,'59737b0d0f044b52693e',1098
344,34400,'7061714f794c79290d6c',1095
344,34401,'112a0b7f332a564f1678',1100
344,34401,'1e7832711c690d2e452a',1107
344,34401,'1f5759673f12020b0a50',1102
344,34401,'2f16807a52596335736c',1101
344,34401,'31744f7e5638320a2d4c',1104,1105
344,34401,'532f7e634a3b56246321',1106
344,34401,'59737b0d0f044b52693e',1109
344,34401,'6d172c0d3d7d4159370f',1108
344,34401,'7061714f794c79290d6c',1103
350,35000,'112a0b7f332a564f1678',1110
350,35000,'16096334352325192d1f',1111
350,35000,'1c486c5002601c4a534a',1116
350,35000,'1e386a27476c5b6e1461',1128,1129,1130,1131,1132,1133
350,35000,'1e7832711c690d2e452a',1123,1124,1125,1126
350,35000,'1f5759673f12020b0a50',1117
350,35000,'2f16807a52596335736c',1112,1113,1114,1115
350,35000,'31744f7e5638320a2d4c',1118,1119,1120,1121
350,35000,'59737b0d0f044b52693e',1127
350,35000,'65010049261f3230571f',1122
350,35001,'1e386a27476c5b6e1461',1154,1155,1156,1157
350,35001,'1e7832711c690d2e452a',1146,1147,1148,1149,1150
350,35001,'1f5759673f12020b0a50',1140
350,35001,'2f16807a52596335736c',1134,1135,1136,1137,1138,1139
350,35001,'31744f7e5638320a2d4c',1141,1142,1143,1144,1145
350,35001,'59737b0d0f044b52693e',1151,1152,1153
351,35100,'1e386a27476c5b6e1461',1172,1173,1174
351,35100,'1e7832711c690d2e452a',1169,1170
351,35100,'1f5759673f12020b0a50',1159,1160
351,35100,'2a2423055d636f354b6d',1166,1167,1168
351,35100,'2f16807a52596335736c',1158
351,35100,'31744f7e5638320a2d4c',1161,1162,1163
351,35100,'3823594e52252d7f6b14',1164,1165
351,35100,'59737b0d0f044b52693e',1171
351,35101,'1e386a27476c5b6e1461',1183,1184,1185,1186,1187,1188
351,35101,'1f5759673f12020b0a50',1176
351,35101,'2a2423055d636f354b6d',1179,1180,1181
351,35101,'2f16807a52596335736c',1175
351,35101,'31744f7e5638320a2d4c',1177
351,35101,'3823594e52252d7f6b14',1178
351,35101,'7a7c2673351c18595c18',1182
352,35200,'2f16807a52596335736c',1189,1190,1191,1192,1193
352,35201,'2f16807a52596335736c',1194,1195,1196,1197
353,35300,'09371135013651047068',1198,1199,1200
353,35300,'6c79775968333e371768',1640,1641,1642
353,35301,'09371135013651047068',1205,1201,1202,1206,1203
353,35301,'145c255a11476c503429',1643,1644
353,35301,'1644407d017a5f6d6e28',1204
353,35301,'6c79775968333e371768',1645,1646,1647
353,35301,'784516016b486a280f43',1648
354,35400,'2f16807a52596335736c',1207,1208,1209,1210,1211
354,35401,'1e386a27476c5b6e1461',1216
354,35401,'2f16807a52596335736c',1212,1213,1214
354,35401,'59737b0d0f044b52693e',1215
355,35500,'033e170961301f7a0308',1649
355,35500,'055e00325b240c7d4777',1219,1220
355,35500,'126535785649426e467c',1650,1651,1652
355,35500,'210a7c3e60384f725e7c',1653,1654
355,35500,'2530772d5b5960361a09',1221,1222,1223,1224
355,35500,'4f67586f291357636e2f',1655,1656,1657,1658
355,35500,'566406012b1e7e430018',1659
355,35500,'59737b0d0f044b52693e',1660
355,35500,'723148100c272b183b65',1218
355,35500,'7249395f521c57637d3d',1226,1227,1228,1217
355,35501,'033e170961301f7a0308',1661,1662,1663
355,35501,'055e00325b240c7d4777',1234,1235
355,35501,'12050f054d0a0f53752f',1239
355,35501,'126535785649426e467c',1664,1665,1666
355,35501,'210a7c3e60384f725e7c',1667,1668
355,35501,'2530772d5b5960361a09',1236,1237,1238
355,35501,'371d2f0f7337032c2b25',1233
355,35501,'3a3841530321505b7b18',1669
355,35501,'4f67586f291357636e2f',1670,1671,1672
355,35501,'566406012b1e7e430018',1673
355,35501,'59737b0d0f044b52693e',1674,1675
355,35501,'5d21673510580b5d6c6e',1676
355,35501,'723148100c272b183b65',1230,1231,1232
355,35501,'7249395f521c57637d3d',1242,1243,1244,1229
356,35600,'055e00325b240c7d4777',381,382
356,35600,'0a3c663a7d504d200835',1245,1246
356,35600,'0d7c5c285a59412d315b',1247
356,35600,'112a0b7f332a564f1678',1248
356,35600,'1a223768176411647430',1250
356,35600,'1e386a27476c5b6e1461',1271,1272,1273,1274,1275
356,35600,'1e7832711c690d2e452a',1257,1258
356,35600,'1f5759673f12020b0a50',1253
356,35600,'2943795d360756687162',1249
356,35600,'2a2423055d636f354b6d',1256
356,35600,'2a6804265d6c7a6d704c',1268
356,35600,'2f16807a52596335736c',1251,1252
356,35600,'31744f7e5638320a2d4c',1254,1255
356,35600,'56061576073054406d39',1259
356,35600,'59737b0d0f044b52693e',1260,1261,1262,1263
356,35600,'61121d2d1b1669750837',1264,1265
356,35600,'634b592b186b573b6758',1266,1267
356,35600,'6d0c424c36686c087407',1269,1270
356,35601,'055e00325b240c7d4777',407,408
356,35601,'075f4276790e1e273655',1276
356,35601,'0a3c663a7d504d200835',1277
356,35601,'184134507f4517151633',1279
356,35601,'1e386a27476c5b6e1461',1301,1302,1303,1304,1305,1306
356,35601,'1f5759673f12020b0a50',1284
356,35601,'2943795d360756687162',1278
356,35601,'2a2423055d636f354b6d',1289
356,35601,'2f16807a52596335736c',1280,1281,1282,1283
356,35601,'320823102b697f311363',1285
356,35601,'321e5f70685c1473436a',1287
356,35601,'332311354b01253e3615',1286
356,35601,'59445e7d50034e156e11',1290
356,35601,'59737b0d0f044b52693e',1291,1292,1293
356,35601,'61121d2d1b1669750837',1294,1295
356,35601,'634b592b186b573b6758',1296,1297
356,35601,'6d0c424c36686c087407',1298,1299
356,35601,'71472061383531535e0f',1288
356,35601,'7c40501f37807a467b28',1300
357,35700,'055e00325b240c7d4777',432
357,35700,'0a3c663a7d504d200835',1307
357,35700,'1e386a27476c5b6e1461',1324,1325
357,35700,'2f16807a52596335736c',1308,1309,1310
357,35700,'320823102b697f311363',1311
357,35700,'321e5f70685c1473436a',1313
357,35700,'3823594e52252d7f6b14',1312
357,35700,'416039027b4e59137846',1314
357,35700,'59445e7d50034e156e11',1317
357,35700,'59737b0d0f044b52693e',1318,1319
357,35700,'61121d2d1b1669750837',1320
357,35700,'634b592b186b573b6758',1321
357,35700,'6d0c424c36686c087407',1322,1323
357,35700,'71472061383531535e0f',1315,1316
357,35701,'055e00325b240c7d4777',449
357,35701,'0d4e3278231744213640',1326
357,35701,'1e386a27476c5b6e1461',1344,1345,1346,1347
357,35701,'2f16807a52596335736c',1327,1328,1329,1330
357,35701,'320823102b697f311363',1331
357,35701,'332311354b01253e3615',1332
357,35701,'3823594e52252d7f6b14',1333
357,35701,'59445e7d50034e156e11',1336
357,35701,'59737b0d0f044b52693e',1337,1338,1339
357,35701,'61121d2d1b1669750837',1340
357,35701,'634b592b186b573b6758',1341
357,35701,'6d0c424c36686c087407',1342
357,35701,'71472061383531535e0f',1334,1335
357,35701,'7c40501f37807a467b28',1343
358,35800,'1e386a27476c5b6e1461',1356,1357,1358
358,35800,'1f5759673f12020b0a50',1349,1350
358,35800,'2a2423055d636f354b6d',1353
358,35800,'2f16807a52596335736c',1348
358,35800,'3823594e52252d7f6b14',1351
358,35800,'59737b0d0f044b52693e',1354
358,35800,'71472061383531535e0f',1352
358,35800,'7a7c2673351c18595c18',1355
358,35801,'1e386a27476c5b6e1461',1367
358,35801,'1f5759673f12020b0a50',1360,1361
358,35801,'2a2423055d636f354b6d',1365,1366
358,35801,'2f16807a52596335736c',1359
358,35801,'3823594e52252d7f6b14',1362,1363
358,35801,'71472061383531535e0f',1364
359,35900,'114a44065a5209536517',500,501,502
359,35900,'2c5f74455e25454d432d',1368,1369
359,35900,'3f242a2f47502e255740',496,497,498,499
359,35900,'4a0603184e160563480a',485
359,35900,'4b6f482a4a7216552331',484
359,35901,'114a44065a5209536517',520,521
359,35901,'3f242a2f47502e255740',514,515,516,517,518
359,35901,'4a0603184e160563480a',503,504
359,35901,'79634f716a31375a174a',519
360,36000,'114a44065a5209536517',535,536,537
360,36000,'3f242a2f47502e255740',531,532,1370,533
360,36000,'3f4d67570e29103a1e70',522,523
360,36000,'79634f716a31375a174a',534
360,36001,'114a44065a5209536517',549,550
360,36001,'3f242a2f47502e255740',545,546,547
360,36001,'3f4d67570e29103a1e70',538,539
360,36001,'79634f716a31375a174a',548
361,36100,'114a44065a5209536517',561
361,36100,'2c5f74455e25454d432d',1371,1372
361,36100,'3f242a2f47502e255740',558,559
361,36100,'3f4d67570e29103a1e70',552
361,36100,'4b6f482a4a7216552331',551
361,36100,'79634f716a31375a174a',560
361,36101,'114a44065a5209536517',571,572
361,36101,'3f242a2f47502e255740',569,570
361,36101,'4a0603184e160563480a',563
361,36101,'4b6f482a4a7216552331',562
362,36200,'1e386a27476c5b6e1461',1379,1380,1381,1382
362,36200,'1f5759673f12020b0a50',1377,1378
362,36200,'2f16807a52596335736c',1373,1374,1375,1376
362,36201,'1e386a27476c5b6e1461',1390,1391,1392
362,36201,'1f5759673f12020b0a50',1388,1389
362,36201,'2f16807a52596335736c',1383,1384,1385,1386,1387
363,36300,'1e386a27476c5b6e1461',1397,1398
363,36300,'1f5759673f12020b0a50',1394
363,36300,'2f16807a52596335736c',1393
363,36300,'3c2a73256541336f410c',1395
363,36300,'59737b0d0f044b52693e',1396
363,36301,'1e386a27476c5b6e1461',1401,1402
363,36301,'2a2423055d636f354b6d',1400
363,36301,'2f16807a52596335736c',1399
364,36400,'114a44065a5209536517',618,619
364,36400,'3f242a2f47502e255740',613,614,615,616,617
364,36400,'3f4d67570e29103a1e70',603
364,36400,'4a0603184e160563480a',604
364,36401,'114a44065a5209536517',635,636
364,36401,'3f242a2f47502e255740',631,632,633,634
364,36401,'3f4d67570e29103a1e70',620
364,36401,'4a0603184e160563480a',621,622
365,36500,'0e5131610429337c0530',1403
365,36500,'1c486c5002601c4a534a',1407
365,36500,'1e386a27476c5b6e1461',1418,1419
365,36500,'1e7832711c690d2e452a',1416
365,36500,'1f5759673f12020b0a50',1408
365,36500,'2a2423055d636f354b6d',1415
365,36500,'2c14404d6d61074b6d28',1409
365,36500,'2f16807a52596335736c',1404,1405,1406
365,36500,'2f6b6069415f08614303',1410
365,36500,'31744f7e5638320a2d4c',1411
365,36500,'3823594e52252d7f6b14',1412,1413
365,36500,'3c550d10735a472e4755',1417
365,36500,'71472061383531535e0f',1414
365,36501,'0e5131610429337c0530',1420,1421
365,36501,'1e386a27476c5b6e1461',1434,1435,1436
365,36501,'1f5759673f12020b0a50',1425
365,36501,'2a2423055d636f354b6d',1429,1430
365,36501,'2c14404d6d61074b6d28',1426
365,36501,'2f16807a52596335736c',1422,1423,1424
365,36501,'3823594e52252d7f6b14',1427,1428
365,36501,'3c550d10735a472e4755',1433
365,36501,'484f0e366a041c114e35',1432
365,36501,'59737b0d0f044b52693e',1431
369,36900,'1f5759673f12020b0a50',1439
369,36900,'2f16807a52596335736c',1437,1438
369,36900,'3823594e52252d7f6b14',1440,1441
369,36900,'71472061383531535e0f',1442
369,36901,'1e386a27476c5b6e1461',1449,1450
369,36901,'1f5759673f12020b0a50',1445
369,36901,'2f16807a52596335736c',1443,1444
369,36901,'3823594e52252d7f6b14',1446,1447
369,36901,'71472061383531535e0f',1448
373,37300,'1e386a27476c5b6e1461',1455,1456
373,37300,'1f5759673f12020b0a50',1453
373,37300,'2a2423055d636f354b6d',1454
373,37300,'2f16807a52596335736c',1451,1452
373,37301,'1e386a27476c5b6e1461',1462
373,37301,'1f5759673f12020b0a50',1459
373,37301,'2a2423055d636f354b6d',1461
373,37301,'2f16807a52596335736c',1457,1458
373,37301,'31744f7e5638320a2d4c',1460
375,37500,'1e386a27476c5b6e1461',1463,1464
375,37501,'1e7832711c690d2e452a',1467
375,37501,'31744f7e5638320a2d4c',1465,1466
376,37600,'1e7832711c690d2e452a',1477,1478
376,37600,'1f5759673f12020b0a50',1472
376,37600,'2a2423055d636f354b6d',1474,1475,1476
376,37600,'2f16807a52596335736c',1468,1469,1470,1471
376,37600,'31744f7e5638320a2d4c',1473
376,37601,'112a0b7f332a564f1678',1479
376,37601,'1e386a27476c5b6e1461',1490
376,37601,'1e7832711c690d2e452a',1487
376,37601,'2a2423055d636f354b6d',1486
376,37601,'2a6804265d6c7a6d704c',1489
376,37601,'2f16807a52596335736c',1480,1481,1482
376,37601,'31744f7e5638320a2d4c',1483,1484,1485
376,37601,'59737b0d0f044b52693e',1488
377,37700,'0428793f447876305975',1491
377,37700,'1e386a27476c5b6e1461',1496
377,37700,'2f16807a52596335736c',1492,1493,1494
377,37700,'416039027b4e59137846',1495
377,37701,'0e5131610429337c0530',1497
377,37701,'1e386a27476c5b6e1461',1502
377,37701,'2f16807a52596335736c',1498,1499,1500
377,37701,'3c550d10735a472e4755',1501
379,37900,'16096334352325192d1f',1503
379,37900,'1e386a27476c5b6e1461',1507,1508,1509
379,37900,'1f5759673f12020b0a50',1504
379,37900,'532f7e634a3b56246321',1505
379,37900,'59737b0d0f044b52693e',1506
379,37901,'16096334352325192d1f',1510
379,37901,'1e7832711c690d2e452a',1515,1516
379,37901,'2a2423055d636f354b6d',1513
379,37901,'31744f7e5638320a2d4c',1511,1512
379,37901,'532f7e634a3b56246321',1514
380,38000,'2c5f74455e25454d432d',1517
380,38000,'3f242a2f47502e255740',748
380,38001,'2c5f74455e25454d432d',1518
380,38001,'3f242a2f47502e255740',751
381,38100,'16096334352325192d1f',1519
381,38100,'2f16807a52596335736c',1520,1521,1522,1523
381,38101,'16096334352325192d1f',1524
381,38101,'2f16807a52596335736c',1525,1526,1527,1528
383,38300,'1e386a27476c5b6e1461',1534,1535
383,38300,'1f5759673f12020b0a50',1531
383,38300,'2f16807a52596335736c',1529,1530
383,38300,'59737b0d0f044b52693e',1533
383,38300,'71472061383531535e0f',1532
383,38301,'1e7832711c690d2e452a',1538
383,38301,'2a2423055d636f354b6d',1537
383,38301,'2e3411187e393b60664e',1539
383,38301,'2f16807a52596335736c',1536
383,38301,'6e63331c083228186b3c',1540
388,38800,'1e386a27476c5b6e1461',1551,1552,1553,1554,1555,1556
388,38800,'2a2423055d636f354b6d',1548,1549
388,38800,'2f16807a52596335736c',1541,1542,1543,1544,1545,1546
388,38800,'3823594e52252d7f6b14',1547
388,38800,'7a7c2673351c18595c18',1550
388,38801,'1e386a27476c5b6e1461',1569,1570,1571,1572,1573,1574,1575
388,38801,'1f5759673f12020b0a50',1564,1565
388,38801,'2f16807a52596335736c',1557,1558,1559,1560,1561,1562,1563
388,38801,'31744f7e5638320a2d4c',1566
388,38801,'3823594e52252d7f6b14',1567
388,38801,'7a7c2673351c18595c18',1568
391,39100,'1e386a27476c5b6e1461',1580
391,39100,'2f16807a52596335736c',1576,1577,1578
391,39100,'532f7e634a3b56246321',1579
391,39101,'1e386a27476c5b6e1461',1587
391,39101,'1e7832711c690d2e452a',1585
391,39101,'2f16807a52596335736c',1581
391,39101,'31744f7e5638320a2d4c',1583
391,39101,'532f7e634a3b56246321',1584
391,39101,'59737b0d0f044b52693e',1586
391,39101,'7061714f794c79290d6c',1582
392,39200,'0665296e7e807358130c',831,832
392,39200,'2c5f74455e25454d432d',1590,1591
392,39200,'35315f0c7e2102062569',1588,1589
392,39200,'3a3f4e3d72733e4d2177',1592
392,39200,'3f242a2f47502e255740',828,829,830
392,39201,'0665296e7e807358130c',847,848,849
392,39201,'2c5f74455e25454d432d',1594,1595,1596
392,39201,'35315f0c7e2102062569',1593
392,39201,'3f242a2f47502e255740',844,845,846
393,39300,'1e386a27476c5b6e1461',1597,1598
393,39301,'1e7832711c690d2e452a',1601,1602
393,39301,'31744f7e5638320a2d4c',1599,1600
394,39400,'012705765b230d454c07',1603
394,39400,'35315f0c7e2102062569',1607
394,39400,'3a3f4e3d72733e4d2177',1608
394,39400,'3f242a2f47502e255740',1604,1605,1606
394,39400,'79634f716a31375a174a',1609,1610
394,39401,'114a44065a5209536517',1614
394,39401,'2c5f74455e25454d432d',1613
394,39401,'3f242a2f47502e255740',1611,1612
394,39401,'79634f716a31375a174a',1615
395,39500,'3f242a2f47502e255740',1616,1617,1618
395,39501,'3f242a2f47502e255740',1619,1620,1621
397,39700,'16096334352325192d1f',1622
397,39700,'1e386a27476c5b6e1461',1627
397,39700,'1e7832711c690d2e452a',1625
397,39700,'2f16807a52596335736c',1623
397,39700,'532f7e634a3b56246321',1624
397,39700,'59737b0d0f044b52693e',1626
397,39701,'16096334352325192d1f',1628
397,39701,'1e386a27476c5b6e1461',1632,1633
397,39701,'2f16807a52596335736c',1629
397,39701,'532f7e634a3b56246321',1630
397,39701,'59737b0d0f044b52693e',1631
398,39800,'1e386a27476c5b6e1461',1634
398,39801,'1e7832711c690d2e452a',1636
398,39801,'31744f7e5638320a2d4c',1635
