35501,'033e170961301f7a0308',856,,1662,6,0,20 21 22,0,393,,1663,6,0,20 21 22,0,362,,1661,6,0,20 21 22,0
35501,'055e00325b240c7d4777',1036,,1235,8,0,20 21 22,0,715,,1234,8,0,20 21 22,0
35501,'126535785649426e467c',821,,1666,8,0,49 50,0,795,,1664,6,0,20 21 22,0,140,,1665,6,0,20 21 22,0
35501,'191b086669276f0a2c02',1251,,1239,6,0,20 21 22,0
35501,'210a7c3e60384f725e7c',1036,,1668,8,0,20 21 22,0,715,,1667,8,0,20 21 22,0
35501,'371d2f0f7337032c2b25',1256,,1233,6,0,20 21 22,0
35501,'3a3841530321505b7b18',1251,,1669,6,0,20 21 22,0
35501,'4f67586f291357636e2f',1406,,1672,6,0,72 25,0,135,,1670,6,0,49 50,0,310,,1671,8,0,20 21 22,0
35501,'566406012b1e7e430018',1051,,1673,6,0,49 50,0
35501,'59737b0d0f044b52693e',1251,,1675,6,0,20 21 22,0,360,,1674,6,0,20 21 22,0
35501,'5d21673510580b5d6c6e',1256,,1676,6,0,20 21 22,0
35501,'5d5f40704724192d5825',821,,1244,8,0,49 50,0,230,,1229,6,0,49 50,0,565,,1242,6,0,20 21 22,0,135,,1243,6,0,20 21 22,0
35501,'723148100c272b183b65',856,,1231,6,0,20 21 22,0,393,,1232,6,0,20 21 22,0,362,,1230,6,0,20 21 22,0
35501,'7360781f782d14543c3f',1406,,1238,6,0,72 25,0,135,,1236,6,0,49 50,0,310,,1237,8,0,20 21 22,0
