35100,'02070559307629202a09',849,,285,49,0,9 10 11,0,378,,286,49,0,9 10 11,0
35100,'0a2f1e22095132130163',1909,,287,44,0,9 10 11,0
35100,'1a20552b5a400f716a1b',930,,290,49,0,9 10 11,0,795,,289,49,0,9 10 11,0
35100,'1f5759673f12020b0a50',849,,1159,49,0,9 10 11,0,378,,1160,49,0,9 10 11,0
35100,'2a08755845643968295b',1227,,291,49,0,9 10 11,0
35100,'2a5b3362091f52630354',716,,292,49,0,9 10 11,0,32,,293,56,0,9 10 11,0,261,,294,44,0,9 10 11,0
35100,'31744f7e5638320a2d4c',1302,,1163,37,0,9 10 11,0,12,,1161,45,0,9 10 11,0
35100,'3823594e52252d7f6b14',930,,1165,49,0,9 10 11,0,795,,1164,49,0,9 10 11,0
35100,'4f0277002864772e6462',1142,,1168,49,0,9 10 11,0,267,,1166,49,0,9 10 11,0,110,,1167,49,0,9 10 11,0
35100,'52166b36781a3037644c',1142,,298,49,0,9 10 11,0,267,,296,49,0,9 10 11,0,110,,297,49,0,9 10 11,0
35100,'553d275f1455102c362a',1909,,1169,45,0,9 10 11,0
35100,'59737b0d0f044b52693e',1227,,1171,49,0,9 10 11,0
35100,'725616403949496a5c67',1302,,301,37,0,9 10 11,0,12,,299,44,0,9 10 11,0
35100,'7f443a14596255477616',716,,1172,49,0,9 10 11,0,32,,1173,57,0,9 10 11,0,261,,1174,45,0,9 10 11,0
