37600,'02070559307629202a09',831,,698,17,0,7 8,0
37600,'0a2f1e22095132130163',1811,,699,26,0,7 8,0,90,,700,26,0,7 8,0
37600,'1c2e3625233d01453772',656,,1468,17,0,7 8,0,173,,1469,25,0,7 8,0,587,,1470,17,0,7 8,0,310,,1471,17,0,7 8,0
37600,'1f5759673f12020b0a50',831,,1472,17,0,7 8,0
37600,'31744f7e5638320a2d4c',1306,,1473,26,0,7 8,0
37600,'4d7a6615443531084902',656,,701,17,0,7 8,0,175,,702,26,0,7 8,0,585,,703,17,0,7 8,0,310,,704,17,0,7 8,0
37600,'4f0277002864772e6462',711,,1474,17,0,7 8,0,215,,1475,17,0,7 8,0,275,,1476,17,0,7 8,0
37600,'52166b36781a3037644c',711,,705,17,0,7 8,0,215,,706,17,0,7 8,0,275,,707,17,0,7 8,0
37600,'553d275f1455102c362a',1815,,1477,25,0,7 8,0,91,,1478,26,0,7 8,0
37600,'725616403949496a5c67',1306,,708,26,0,7 8,0
