35601,'055e00325b240c7d4777',943,,407,41,0,15 16 17,0,802,,408,41,0,15 16 17,0
35601,'075f4276790e1e273655',1445,,1276,41,0,15 16 17,0
35601,'0a3c663a7d504d200835',1600,,1277,41,0,12 13 14,0
35601,'184134507f4517151633',855,,1279,41,0,12 13 14,0
35601,'1e386a27476c5b6e1461',705,,1304,2,0,12 13 14,0,196,,1306,41,0,12 13 14,0,834,,1302,41,0,12 13 14,0,80,,1303,41,0,12 13 14,0
35601,'1f5759673f12020b0a50',715,,1284,41,0,12 13 14,0
35601,'2943795d360756687162',1315,,1278,41,0,12 13 14,0
35601,'2a2423055d636f354b6d',2000,,1289,41,0,12 13 14,0
35601,'2f16807a52596335736c',1115,,1280,41,0,12 13 14,0,330,,1281,41,0,12 13 14,0,100,,1282,41,0,12 13 14,0,390,,1283,41,0,12 13 14,0
35601,'320823102b697f311363',1445,,1285,41,0,12 13 14,0
35601,'321e5f70685c1473436a',1855,,1287,41,0,12 13 14,0
35601,'332311354b01253e3615',930,,1286,41,0,12 13 14,0
35601,'59445e7d50034e156e11',1845,,1290,41,0,12 13 14,0
35601,'59737b0d0f044b52693e',715,,1293,41,0,12 13 14,0,1010,,1291,41,0,12 13 14,0,80,,1292,41,0,12 13 14,0
35601,'61121d2d1b1669750837',943,,1294,41,0,12 13 14,0,802,,1295,41,0,12 13 14,0
35601,'634b592b186b573b6758',943,,1296,41,0,15 16 17,0,802,,1297,41,0,15 16 17,0
35601,'6d0c424c36686c087407',900,,1299,41,0,15 16 17,0,415,,1298,41,0,15 16 17,0
35601,'71472061383531535e0f',1645,,1288,41,0,12 13 14,0
35601,'7c40501f37807a467b28',1645,,1300,41,0,15 16 17,0
