35500,'033e170961301f7a0308',801,,1649,19,0,9 26,0
35500,'055e00325b240c7d4777',916,,1220,19,0,9 10 11,0,715,,1219,19,0,9 10 11,0
35500,'126535785649426e467c',642,,1650,9,0,9 10 11,0,13,,1651,19,0,9 10 11,0
35500,'210a7c3e60384f725e7c',916,,1654,19,0,9 10 11,0,715,,1653,19,0,9 10 11,0
35500,'4f67586f291357636e2f',1155,,1657,9,0,9 26,0,152,,1658,19,0,9 26,0,338,,1656,9,0,9 26,0
35500,'566406012b1e7e430018',915,,1659,9,0,9 26,0
35500,'59737b0d0f044b52693e',716,,1660,19,0,9 10 11,0
35500,'5d5f40704724192d5825',642,,1226,9,0,9 10 11,0,68,,1227,19,0,9 10 11,0,205,,1217,9,0,9 26,0
35500,'723148100c272b183b65',801,,1218,19,0,9 26,0
35500,'7360781f782d14543c3f',1155,,1223,9,0,9 26,0,152,,1224,19,0,9 26,0,338,,1222,9,0,9 26,0
