31801,'2a2423055d636f354b6d',1740,,1072,3,0,74 21,0
31801,'2f16807a52596335736c',1258,,1070,3,0,74 21,0,571,,1071,3,0,74 21,0
31901,'2a2423055d636f354b6d',1748,,1080,3,0,69 70 71,0
31901,'2f16807a52596335736c',1356,,1077,3,0,69 70 71,0,257,,1078,3,0,69 70 71,0,209,,1079,3,0,69 70 71,0
35801,'1e386a27476c5b6e1461',1757,,1367,9,0,91 92,0
35801,'1f5759673f12020b0a50',1424,,1360,9,0,91 92,0,410,,1361,9,0,91 92,0
35801,'2a2423055d636f354b6d',924,,1365,9,0,91 92,0,806,,1366,9,0,93 94 95,0
35801,'2f16807a52596335736c',1837,,1359,9,0,91 92,0
35801,'3823594e52252d7f6b14',1016,,1362,9,0,91 92,0,810,,1363,9,0,91 92,0
35801,'71472061383531535e0f',1308,,1364,9,0,91 92,0
