35600,'02070559307629202a09',716,,373,52,0,9 10 11,0
35600,'0a2f1e22095132130163',1849,,374,53,0,9 10 11,0,4,,375,53,0,9 10 11,0
35600,'0d7c5c285a59412d315b',1840,,1247,52,0,9 10 11,0
35600,'112a0b7f332a564f1678',1318,,1248,52,0,9 10 11,0
35600,'14187635613e43612170',1528,,1249,52,0,9 10 11,0
35600,'1a223768176411647430',1850,,1250,52,0,9 10 11,0
35600,'1c2e3625233d01453772',656,,1252,52,0,9 10 11,0,362,,1251,52,0,9 10 11,0
35600,'1c42311e025d3b40504f',1753,,376,53,0,9 10 11,0
35600,'1f5759673f12020b0a50',716,,1253,52,0,9 10 11,0
35600,'200a2d69427732221f48',1318,,377,52,0,9 10 11,0
35600,'220e7e723c71704c1463',1528,,378,56,0,9 10 11,0,372,,379,56,0,9 10 11,0
35600,'2752046f425a49721d09',1318,,380,52,0,9 10 11,0
35600,'295d5e0567072f655d20',1140,,381,56,0,9 10 11,0,802,,382,56,0,9 10 11,0
35600,'2a08755845643968295b',716,,384,52,0,9 10 11,0,42,,385,52,0,9 10 11,0,70,,386,52,0,9 10 11,0,921,,383,52,0,9 10 11,0
35600,'2a5b3362091f52630354',719,,389,52,0,9 10 11,0,95,,390,52,0,9 10 11,0,25,,391,52,0,9 10 11,0,689,,387,52,0,9 10 11,0,402,,388,53,0,9 10 11,0
35600,'31744f7e5638320a2d4c',1318,,1254,53,0,9 10 11,0,5,,1255,53,0,9 10 11,0
35600,'4d7a6615443531084902',656,,393,52,0,9 10 11,0,362,,392,52,0,9 10 11,0
35600,'4f0277002864772e6462',919,,1256,52,0,9 10 11,0
35600,'52166b36781a3037644c',919,,394,52,0,9 10 11,0
35600,'553d275f1455102c362a',1849,,1257,53,0,9 10 11,0,4,,1258,53,0,9 10 11,0
35600,'56061576073054406d39',1850,,1259,52,0,9 10 11,0
35600,'59737b0d0f044b52693e',716,,1261,52,0,9 10 11,0,42,,1262,52,0,9 10 11,0,70,,1263,52,0,9 10 11,0,921,,1260,52,0,9 10 11,0
35600,'61121d2d1b1669750837',1142,,1264,52,0,9 10 11,0,800,,1265,52,0,9 10 11,0
35600,'634b592b186b573b6758',1140,,1266,56,0,9 10 11,0,802,,1267,56,0,9 10 11,0
35600,'6a233617047119584137',1318,,1268,52,0,9 10 11,0
35600,'6d0c424c36686c087407',1528,,1269,56,0,9 10 11,0,322,,1270,56,0,9 10 11,0
35600,'725616403949496a5c67',1318,,398,53,0,9 10 11,0,5,,399,53,0,9 10 11,0,527,,401,52,0,9 10 11,0
35600,'7f443a14596255477616',719,,1273,52,0,9 10 11,0,95,,1274,52,0,9 10 11,0,25,,1275,52,0,9 10 11,0,914,,1271,53,0,9 10 11,0,177,,1272,53,0,9 10 11,0
