35601,'02070559307629202a09',1505,,402,61,4,,0
35601,'075f4276790e1e273655',1520,,1276,61,4,,0
35601,'220e7e723c71704c1463',935,,406,61,4,,0,415,,404,61,4,,0
35601,'2a08755845643968295b',1720,,409,61,4,,0
35601,'634b592b186b573b6758',1020,,1296,61,4,,0,800,,1297,61,4,,0
35601,'6d0c424c36686c087407',935,,1299,61,4,,0,415,,1298,61,4,,0
35601,'7c40501f37807a467b28',1720,,1300,61,4,,0
35601,'80152c04633e535e6600',1020,,407,61,4,,0,800,,408,61,4,,0
35701,'220e7e723c71704c1463',1015,,448,53,4,,0
35701,'2a08755845643968295b',1250,,453,53,4,,0
35701,'634b592b186b573b6758',1145,,1341,53,4,,0
35701,'6d0c424c36686c087407',1015,,1342,53,4,,0
35701,'7c40501f37807a467b28',1250,,1343,53,4,,0
35701,'80152c04633e535e6600',1145,,449,53,4,,0
