31001,'2d754f17311a6a76795e',1147,,1055,6,0,55 40,0
31001,'7e0f6d0161517025331a',1147,,123,6,0,55 40,0
38300,'02070559307629202a09',720,,762,12,0,9 35 36 37 38,0
38300,'1c2e3625233d01453772',1411,,1530,12,0,9 35 36 37 38,0
38300,'1f5759673f12020b0a50',720,,1531,12,0,9 35 36 37 38,0
38300,'2a08755845643968295b',720,,763,12,0,9 35 36 37 38,0
38300,'2a5b3362091f52630354',708,,765,12,0,9 35 36 37 38,0
38300,'4d7a6615443531084902',1411,,768,12,0,9 35 36 37 38,0
38300,'59737b0d0f044b52693e',720,,1533,12,0,9 35 36 37 38,0
38300,'7f443a14596255477616',708,,1535,12,0,9 35 36 37 38,0
