30100,3102272,1,0,0
30100,3102253,2,0,0
30100,3102216,3,0,0
30100,3100727,4,0,0
30100,3100728,5,0,0
30100,3120043,6,0,0
30100,3102283,7,0,0
30100,3101961,8,1,1
30101,3101961,1,0,0
30101,3102284,2,0,0
30101,3120044,3,0,0
30101,3100729,4,0,0
30101,3100726,5,0,0
30101,3102219,6,0,0
30101,3102254,7,0,0
30101,3102272,8,1,1
30200,3120036,1,0,0
30200,3100823,2,0,0
30200,3101464,3,0,0
30200,3101463,4,0,0
30200,3100469,5,0,0
30200,3120042,6,0,0
30200,3100465,7,0,0
30200,3100457,8,0,0
30200,3102286,9,0,0
30200,3101961,10,1,1
30201,3101961,1,0,0
30201,3102285,2,0,0
30201,3100458,3,0,0
30201,3100466,4,0,0
30201,3100470,5,0,0
30201,3101462,6,0,0
30201,3101465,7,0,0
30201,3100823,8,0,0
30201,3120037,9,1,1
30300,3100382,1,0,0
30300,3100956,2,0,0
30300,3100375,3,0,0
30300,3100778,4,0,0
30300,3101348,5,0,0
30300,3101441,6,0,0
30300,3101783,7,0,0
30300,3115802,8,0,0
30300,3101438,9,0,0
30300,3115797,10,0,0
30300,3101587,11,0,0
30300,3102106,12,1,1
30301,3102106,1,0,0
30301,3101586,2,0,0
30301,3115802,3,0,0
30301,3101439,4,0,0
30301,3101440,5,0,0
30301,3101347,6,0,0
30301,3100778,7,0,0
30301,3100375,8,0,0
30301,3100956,9,1,1
30301,3115797,10,0,0
30301,3101783,11,1,1
30301,3100381,12,1,1
30400,3115843,1,0,0
30400,3101043,2,0,0
30400,3100237,3,0,0
30400,3100235,4,0,0
30400,3100352,5,0,0
30400,3100769,6,0,0
30400,3101286,7,0,0
30400,3100758,8,0,0
30400,3108742,9,0,0
30400,3100134,10,1,1
30401,3100134,1,0,0
30401,3108743,2,0,0
30401,3100759,3,0,0
30401,3101287,4,0,0
30401,3100770,5,0,0
30401,3100351,6,0,0
30401,3100236,7,0,0
30401,3100237,8,0,0
30401,3101044,9,0,0
30401,3115843,10,1,1
30500,3101622,1,0,0
30500,3113125,2,0,0
30500,3102333,3,0,0
30500,3101686,4,0,0
30500,3101683,5,0,0
30500,3101684,6,0,0
30500,3101789,7,0,0
30500,3101801,8,0,0
30500,3101791,9,0,0
30500,3100697,10,0,0
30500,3100694,11,0,0
30500,3100701,12,0,0
30500,3100686,13,0,0
30500,3116224,14,0,0
30500,3101082,15,0,0
30500,3101078,16,0,0
30500,3100551,17,0,0
30500,3115288,18,0,0
30500,3102328,19,0,0
30500,3115289,20,0,0
30500,3115292,21,0,0
30500,3115294,22,0,0
30500,3102020,23,0,0
30500,3116596,24,0,0
30500,3116415,25,0,0
30500,3102330,26,0,0
30500,3102019,27,0,0
30500,3101942,28,1,1
30501,3101942,1,0,0
30501,3102018,2,0,0
30501,3102331,3,0,0
30501,3116416,4,0,0
30501,3116597,5,0,0
30501,3102021,6,0,0
30501,3115293,7,0,0
30501,3115291,8,0,0
30501,3115290,9,0,0
30501,3102329,10,0,0
30501,3115287,11,0,0
30501,3100551,12,0,0
30501,3101077,13,0,0
30501,3101081,14,0,0
30501,3105891,15,0,0
30501,3100685,16,0,0
30501,3100700,17,0,0
30501,3100695,18,0,0
30501,3100696,19,0,0
30501,3101790,20,0,0
30501,3101800,21,0,0
30501,3101788,22,0,0
30501,3101794,23,0,0
30501,3101682,24,0,0
30501,3101685,25,0,0
30501,3102332,26,0,0
30501,3115506,27,0,0
30501,3101622,28,1,1
31000,3101783,1,0,0
31000,3113340,2,0,0
31000,3115326,3,0,0
31000,3101326,4,0,0
31000,3101329,5,0,0
31000,3101331,6,0,0
31000,3105196,7,0,0
31000,3100750,8,0,0
31000,3116572,9,0,0
31000,3102238,10,0,0
31000,3102222,11,1,1
31001,3102238,1,0,0
31001,3102222,2,0,0
31001,3116572,3,0,0
31001,3100751,4,0,0
31001,3105196,5,0,0
31001,3101330,6,0,0
31001,3101328,7,0,0
31001,3101327,8,0,0
31001,3115327,9,0,0
31001,3115328,10,0,0
31001,3101783,11,1,1
31300,3103063,1,0,0
31300,3115358,2,0,0
31300,3113061,3,0,0
31300,3100541,4,0,0
31300,3100546,5,0,0
31300,3100737,6,0,0
31300,915360,7,0,0
31300,3100478,8,0,0
31300,3100093,9,0,0
31300,3100089,10,0,0
31300,3115361,11,1,1
31301,3115361,1,0,0
31301,3100092,2,0,0
31301,3100477,3,0,0
31301,915359,4,0,0
31301,3100737,5,0,0
31301,3100547,6,0,0
31301,3100542,7,0,0
31301,3113061,8,0,0
31301,3112963,9,0,0
31301,3103063,10,1,1
31400,3105478,1,0,0
31400,3112866,2,0,0
31400,3101176,3,0,0
31400,3101174,4,0,0
31400,3101179,5,0,0
31400,3101874,6,0,0
31400,3113355,7,0,0
31400,3113374,8,0,0
31400,3115335,9,0,0
31400,3112550,10,0,0
31400,3115827,11,0,0
31400,3100332,12,0,0
31400,3100328,13,0,0
31400,3101170,14,0,0
31400,3101172,15,0,0
31400,3101812,16,0,0
31400,3100471,17,0,0
31400,3101100,18,0,0
31400,3101102,19,0,0
31400,3100168,20,0,0
31400,3101714,21,1,1
31401,3101714,1,0,0
31401,3100169,2,0,0
31401,3101103,3,0,0
31401,3101101,4,0,0
31401,3100472,5,0,0
31401,3101813,6,0,0
31401,3101173,7,0,0
31401,3101171,8,0,0
31401,3100329,9,0,0
31401,3100333,10,0,0
31401,3112909,11,0,0
31401,3115336,12,0,0
31401,3112669,13,0,0
31401,3115334,14,0,0
31401,3115333,15,0,0
31401,3101873,16,0,0
31401,3101178,17,0,0
31401,3101177,18,0,0
31401,3101175,19,0,0
31401,3115332,20,0,0
31401,3105478,21,1,1
31500,915340,1,0,0
31500,901396,2,0,0
31500,903241,3,0,0
31500,3105493,4,0,0
31500,3115333,5,1,1
31501,3113355,1,0,0
31501,3115343,2,0,0
31501,903241,3,0,0
31501,901394,4,0,0
31501,915340,5,1,1
31600,903241,1,0,0
31600,3105493,2,0,0
31600,3104444,3,0,0
31600,3101812,4,0,0
31600,3115344,5,0,0
31600,3115345,6,0,0
31600,3115347,7,0,0
31600,3102722,8,0,0
31600,3112665,9,0,0
31600,3112697,10,0,0
31600,3101714,11,1,1
31601,3101714,1,0,0
31601,3107363,2,0,0
31601,3115348,3,0,0
31601,3106016,4,0,0
31601,3112706,5,0,0
31601,3115346,6,0,0
31601,3112759,7,0,0
31601,3101813,8,0,0
31601,3105538,9,0,0
31601,3115343,10,0,0
31601,903241,11,1,1
31700,3113038,1,0,0
31700,3115349,2,0,0
31700,3116417,3,0,0
31700,3112514,4,0,0
31700,3115351,5,0,0
31700,3106649,6,0,0
31700,3115353,7,0,0
31700,3115354,8,0,0
31700,3112594,9,0,0
31700,3101779,10,0,0
31700,3102607,11,0,0
31700,3101714,12,1,1
31701,3101726,1,0,0
31701,3101714,2,0,0
31701,3115357,3,0,0
31701,3115356,4,0,0
31701,3101780,5,0,0
31701,3106678,6,0,0
31701,3106661,7,0,0
31701,3106653,8,0,0
31701,3115352,9,0,0
31701,3113443,10,0,0
31701,3115350,11,0,0
31701,3113316,12,0,0
31701,3116417,13,0,0
31701,3113038,14,1,1
31800,900411,1,0,0
31800,3100382,2,0,0
31800,3100377,3,0,0
31800,3100384,4,0,0
31800,3100378,5,0,0
31800,3100380,6,0,0
31800,3100544,7,0,0
31800,3100535,8,0,0
31800,3100541,9,0,0
31800,3108746,10,0,0
31800,3100546,11,0,0
31800,3100537,12,0,0
31800,3100532,13,0,0
31800,3100533,14,0,0
31800,3100540,15,0,0
31800,3100097,16,0,0
31800,3100093,17,0,0
31800,3100089,18,0,0
31800,3100099,19,0,0
31800,3100088,20,0,0
31800,3100834,21,0,0
31800,3100836,22,0,0
31800,3100832,23,0,0
31800,3100835,24,0,0
31800,3102177,25,0,0
31800,3102181,26,0,0
31800,3102183,27,0,0
31800,3102179,28,0,0
31800,3102175,29,0,0
31800,3102193,30,0,0
31800,3102197,31,0,0
31800,3102196,32,0,0
31800,3100550,33,0,0
31800,3101512,34,0,0
31800,3101560,35,0,0
31800,3102038,36,0,0
31800,3115912,37,0,0
31800,3102089,38,0,0
31800,3102094,39,0,0
31800,3102047,40,0,0
31800,3102007,41,0,0
31800,3102082,42,0,0
31800,3102035,43,0,0
31800,3116480,44,1,1
31801,3116481,1,0,0
31801,3102035,2,0,0
31801,3102081,3,0,0
31801,3102006,4,0,0
31801,3102046,5,0,0
31801,3102095,6,0,0
31801,3102088,7,0,0
31801,3115910,8,0,0
31801,3102039,9,0,0
31801,3101561,10,0,0
31801,3101511,11,0,0
31801,3100889,12,0,0
31801,3102195,13,0,0
31801,3102198,14,0,0
31801,3102194,15,0,0
31801,3102174,16,0,0
31801,3102178,17,0,0
31801,3102182,18,0,0
31801,3102180,19,0,0
31801,3102176,20,0,0
31801,3100838,21,0,0
31801,3100831,22,0,0
31801,3100837,23,0,0
31801,3100833,24,0,0
31801,3100087,25,0,0
31801,3100098,26,0,0
31801,3113368,27,0,0
31801,3115915,28,0,0
31801,3100092,29,0,0
31801,3100096,30,0,0
31801,3100539,31,0,0
31801,3100538,32,0,0
31801,3100531,33,0,0
31801,3100536,34,0,0
31801,3100547,35,0,0
31801,3100545,36,0,0
31801,3100542,37,0,0
31801,3100534,38,0,0
31801,3100543,39,0,0
31801,3100379,40,0,0
31801,3100378,41,0,0
31801,3100383,42,0,0
31801,3100376,43,0,0
31801,3100381,44,0,0
31801,900411,45,1,1
31900,903058,1,0,0
31900,900358,2,0,0
31900,900640,3,0,0
31900,3100737,4,0,0
31900,3100478,5,0,0
31900,3100804,6,0,0
31900,3101212,7,0,0
31900,3101575,8,0,0
31900,3100966,9,0,0
31900,3101256,10,0,0
31900,3101252,11,0,0
31900,3100957,12,0,0
31900,3100960,13,0,0
31900,3100964,14,0,0
31900,3100961,15,0,0
31900,3100607,16,0,0
31900,3100962,17,0,0
31900,3100897,18,0,0
31900,3100892,19,0,0
31900,3100895,20,0,0
31900,3100884,21,0,0
31900,3120005,22,0,0
31900,3100891,23,0,0
31900,3101513,24,0,0
31900,3101508,25,0,0
31900,3101512,26,0,0
31900,3101560,27,0,0
31900,3102038,28,0,0
31900,3115912,29,0,0
31900,3102089,30,0,0
31900,3102094,31,0,0
31900,3102047,32,0,0
31900,3102007,33,0,0
31900,3102082,34,0,0
31900,3102035,35,0,0
31900,3116480,36,1,1
31901,3116481,1,0,0
31901,3102035,2,0,0
31901,3102081,3,0,0
31901,3102006,4,0,0
31901,3102046,5,0,0
31901,3102095,6,0,0
31901,3102088,7,0,0
31901,3115910,8,0,0
31901,3102039,9,0,0
31901,3101561,10,0,0
31901,3101512,11,0,0
31901,3101509,12,0,0
31901,3101507,13,0,0
31901,3100890,14,0,0
31901,3120006,15,0,0
31901,3100883,16,0,0
31901,3100894,17,0,0
31901,3100893,18,0,0
31901,3100896,19,0,0
31901,3100602,20,0,0
31901,3100606,21,0,0
31901,3100612,22,0,0
31901,3100963,23,0,0
31901,3100959,24,0,0
31901,3100958,25,0,0
31901,3101251,26,0,0
31901,3101255,27,0,0
31901,3100965,28,0,0
31901,3101574,29,0,0
31901,3101211,30,0,0
31901,3100803,31,0,0
31901,3100477,32,0,0
31901,3100737,33,0,0
31901,900642,34,0,0
31901,900357,35,0,0
31901,903057,36,1,1
32000,3106662,1,0,0
32000,3101812,2,0,0
32000,3101813,3,0,0
32000,3101173,4,0,0
32000,3101171,5,0,0
32000,3100329,6,0,0
32000,3100333,7,0,0
32000,3100331,8,0,0
32000,3102324,9,1,1
32001,3102324,1,0,0
32001,3100330,2,0,0
32001,3100332,3,0,0
32001,3100328,4,0,0
32001,3101170,5,0,0
32001,3101172,6,0,0
32001,3101812,7,0,0
32001,3101813,8,0,0
32001,3106662,9,1,1
32400,3101573,1,0,0
32400,3101568,2,0,0
32400,3101570,3,0,0
32400,3100907,4,0,0
32400,3100910,5,0,0
32400,3100908,6,0,0
32400,3100217,7,0,0
32400,3100221,8,0,0
32400,3100220,9,0,0
32400,3100211,10,0,0
32400,3100213,11,0,0
32400,3100206,12,0,0
32400,3100209,13,0,0
32400,3101121,14,0,0
32400,3101115,15,0,0
32400,3101119,16,0,0
32400,3116570,17,0,0
32400,3101426,18,0,0
32400,3115267,19,1,1
32401,3115267,1,0,0
32401,3115739,2,0,0
32401,3116571,3,0,0
32401,3101118,4,0,0
32401,3101114,5,0,0
32401,3101120,6,0,0
32401,3100208,7,0,0
32401,3100207,8,0,0
32401,3100212,9,0,0
32401,3100210,10,0,0
32401,3100219,11,0,0
32401,3100222,12,0,0
32401,3100218,13,0,0
32401,3100908,14,0,0
32401,3100909,15,0,0
32401,3100906,16,0,0
32401,3101571,17,0,0
32401,3101569,18,0,0
32401,3101572,19,1,1
32500,3100091,1,0,0
32500,3116590,2,0,0
32500,3100966,3,0,0
32500,3101256,4,0,0
32500,3101252,5,0,0
32500,3100957,6,0,0
32500,3100960,7,0,0
32500,3100964,8,0,0
32500,3100611,9,0,0
32500,3100603,10,0,0
32500,3100615,11,0,0
32500,3100614,12,0,0
32500,3100601,13,0,0
32500,3101413,14,0,0
32500,3101417,15,0,0
32500,3101433,16,0,0
32500,3101419,17,0,0
32500,3101425,18,0,0
32500,3101407,19,1,1
32501,3101407,1,0,0
32501,3101399,2,0,0
32501,3101420,3,0,0
32501,3101424,4,0,0
32501,3101418,5,0,0
32501,3101434,6,0,0
32501,3101416,7,0,0
32501,3101412,8,0,0
32501,3100605,9,0,0
32501,3100613,10,0,0
32501,3100616,11,0,0
32501,3100604,12,0,0
32501,3100610,13,0,0
32501,3100963,14,0,0
32501,3100959,15,0,0
32501,3100958,16,0,0
32501,3101251,17,0,0
32501,3101255,18,0,0
32501,3100965,19,0,0
32501,3116590,20,0,0
32501,3100091,21,1,1
32600,3101046,1,0,0
32600,3101674,2,0,0
32600,3101011,3,0,0
32600,3100824,4,0,0
32600,3100992,5,0,0
32600,3100994,6,0,0
32600,3100999,7,0,0
32600,3115545,8,0,0
32600,3100817,9,0,0
32600,3100815,10,0,0
32600,3100814,11,0,0
32600,3101464,12,0,0
32600,3101463,13,0,0
32600,3100469,14,1,1
32601,3100470,1,0,0
32601,3101462,2,0,0
32601,3101465,3,0,0
32601,3100815,4,0,0
32601,3100814,5,0,0
32601,3100816,6,0,0
32601,3115544,7,0,0
32601,3100998,8,0,0
32601,3100995,9,0,0
32601,3100993,10,0,0
32601,3100820,11,0,0
32601,3101018,12,0,0
32601,3101675,13,0,0
32601,3101047,14,1,1
32700,3101349,1,0,0
32700,3101348,2,0,0
32700,3101441,3,0,0
32700,3101438,4,0,0
32700,3101437,5,0,0
32700,3101443,6,0,0
32700,3101925,7,0,0
32700,3100750,8,0,0
32700,3102221,9,0,0
32700,3102223,10,0,0
32700,3102229,11,0,0
32700,3102231,12,0,0
32700,3102239,13,1,1
32701,3102223,1,0,0
32701,3102229,2,0,0
32701,3102231,3,0,0
32701,3102239,4,0,0
32701,3100751,5,0,0
32701,3101926,6,0,0
32701,3101442,7,0,0
32701,3101437,8,0,0
32701,3101439,9,0,0
32701,3101440,10,0,0
32701,3101347,11,0,0
32701,3101349,12,0,0
32701,3101348,13,0,0
32701,3101441,14,0,0
32701,3101438,15,0,0
34200,3101128,1,0,0
34200,3101130,2,0,0
34200,3100002,3,0,0
34200,3101782,4,0,0
34200,3101324,5,0,0
34200,3101296,6,0,0
34200,3101298,7,0,0
34200,3100631,8,0,0
34200,3101835,9,0,0
34200,3100514,10,0,0
34200,3101345,11,0,0
34200,3101886,12,0,0
34200,3101779,13,0,0
34200,3101811,14,0,0
34200,3101727,15,0,0
34200,3101715,16,0,0
34200,3101722,17,0,0
34200,3101726,18,0,0
34200,3101714,19,0,0
34200,3101710,20,0,0
34200,3101724,21,1,1
34201,3101724,1,0,0
34201,3101723,2,0,0
34201,3101711,3,0,0
34201,3101726,4,0,0
34201,3101714,5,0,0
34201,3101721,6,0,0
34201,3101709,7,0,0
34201,3101716,8,0,0
34201,3101728,9,0,0
34201,3101810,10,0,0
34201,3101780,11,0,0
34201,3101887,12,0,0
34201,3101346,13,0,0
34201,3100514,14,0,0
34201,3101834,15,0,0
34201,3100632,16,0,0
34201,3101299,17,0,0
34201,3101297,18,0,0
34201,3101325,19,0,0
34201,3101781,20,0,0
34201,3100003,21,0,0
34201,3101131,22,0,0
34201,3101129,23,1,1
34400,3100313,1,0,0
34400,3100314,2,0,0
34400,3100270,3,0,0
34400,3100266,4,0,0
34400,3100268,5,0,0
34400,3101833,6,0,0
34400,3100514,7,0,0
34400,3101345,8,0,0
34400,3101886,9,0,0
34400,3101779,10,0,0
34400,3101811,11,0,0
34400,3112383,12,0,0
34400,3101737,13,0,0
34400,3101717,14,0,0
34400,3101705,15,0,0
34400,3101727,16,0,0
34400,3101715,17,0,0
34400,3101722,18,0,0
34400,3101726,19,0,0
34400,3101714,20,0,0
34400,3101710,21,0,0
34400,3101724,22,1,1
34401,3101724,1,0,0
34401,3101723,2,0,0
34401,3101711,3,0,0
34401,3101726,4,0,0
34401,3101714,5,0,0
34401,3101721,6,0,0
34401,3101709,7,0,0
34401,3101716,8,0,0
34401,3101728,9,0,0
34401,3101718,10,0,0
34401,3101738,11,0,0
34401,3112384,12,0,0
34401,3101810,13,0,0
34401,3101780,14,0,0
34401,3101887,15,0,0
34401,3101346,16,0,0
34401,3100514,17,0,0
34401,3101832,18,0,0
34401,3101835,19,0,0
34401,3100269,20,0,0
34401,3100267,21,0,0
34401,3100271,22,0,0
34401,3100315,23,0,0
34401,3100313,24,1,1
35000,1103134,1,0,0
35000,1115967,2,0,0
35000,1102091,3,0,0
35000,1103333,4,0,0
35000,1115969,5,0,0
35000,1102862,6,0,0
35000,1115979,7,0,0
35000,1104220,8,0,0
35000,1100763,9,0,0
35000,1115981,10,0,0
35000,1103903,11,1,1
35000,3113522,12,0,0
35000,3100114,13,0,0
35000,3100111,14,0,0
35000,3100115,15,0,0
35000,3100117,16,0,0
35000,3102232,17,0,0
35000,3102228,18,0,0
35000,3114620,19,0,0
35000,3102234,20,0,0
35000,3102222,21,0,0
35000,3102229,22,0,0
35000,3102231,23,0,0
35000,3102235,24,0,0
35000,3102237,25,0,0
35000,3101344,26,0,0
35000,3101343,27,0,0
35000,3101342,28,0,0
35000,3102304,29,0,0
35000,3102306,30,0,0
35000,3102303,31,0,0
35000,3102308,32,0,0
35000,3100147,33,0,0
35000,3100161,34,0,0
35000,3100153,35,0,0
35000,3100154,36,0,0
35000,3100155,37,0,0
35000,3100163,38,0,0
35000,3100148,39,0,0
35000,3100150,40,0,0
35000,3100157,41,0,0
35000,3100120,42,0,0
35000,3101353,43,0,0
35000,3101354,44,0,0
35000,3101351,45,0,0
35000,3100587,46,0,0
35000,3100586,47,0,0
35000,3100580,48,0,0
35000,3100582,49,0,0
35000,3100581,50,0,0
35000,3101549,51,0,0
35000,3101553,52,0,0
35000,3101551,53,0,0
35000,3101478,54,0,0
35000,3101480,55,0,0
35000,3100427,56,0,0
35000,3100422,57,0,0
35000,3100420,58,0,0
35000,3100428,59,0,0
35000,3100101,60,0,0
35000,3100104,61,0,0
35000,3100102,62,0,0
35000,3101595,63,0,0
35000,3101588,64,0,0
35000,3101593,65,0,0
35000,3115550,66,0,0
35000,3101591,67,0,0
35000,3101587,68,0,0
35000,3102093,69,0,0
35000,3102106,70,1,1
35001,3101960,1,0,0
35001,3102106,2,0,0
35001,3102092,3,0,0
35001,3101590,4,0,0
35001,3115549,5,0,0
35001,3101592,6,0,0
35001,3101589,7,0,0
35001,3101594,8,0,0
35001,3100103,9,0,0
35001,3100105,10,0,0
35001,3100100,11,0,0
35001,3100429,12,0,0
35001,3100419,13,0,0
35001,3100421,14,0,0
35001,3100426,15,0,0
35001,3101479,16,0,0
35001,3101477,17,0,0
35001,3101550,18,0,0
35001,3101552,19,0,0
35001,3101548,20,0,0
35001,3100585,21,0,0
35001,3100580,22,0,0
35001,3100582,23,0,0
35001,3100581,24,0,0
35001,3100588,25,0,0
35001,3101350,26,0,0
35001,3101355,27,0,0
35001,3101352,28,0,0
35001,3100121,29,0,0
35001,3100156,30,0,0
35001,3100151,31,0,0
35001,3100149,32,0,0
35001,3100154,33,0,0
35001,3100152,34,0,0
35001,3100160,35,0,0
35001,3100146,36,0,0
35001,3102302,37,0,0
35001,3102309,38,0,0
35001,3102307,39,0,0
35001,3102305,40,0,0
35001,3101341,41,0,0
35001,3101846,42,0,0
35001,3101340,43,0,0
35001,3102236,44,0,0
35001,3101586,45,0,0
35001,3102230,46,0,0
35001,3102221,47,0,0
35001,3102226,48,0,0
35001,3102238,49,0,0
35001,3114620,50,0,0
35001,3102227,51,0,0
35001,3102233,52,0,0
35001,3100116,53,0,0
35001,3100110,54,0,0
35001,3100112,55,0,0
35001,3100113,56,0,0
35001,3115985,57,0,0
35001,3113436,58,0,0
35001,1115982,59,0,0
35001,1100763,60,0,0
35001,1104221,61,0,0
35001,1103903,62,0,0
35001,1115980,63,0,0
35001,1102863,64,0,0
35001,1115970,65,0,0
35001,1102091,66,0,0
35001,1103333,67,1,1
35001,1103134,68,0,0
35001,1115967,69,1,1
35100,3102272,1,0,0
35100,3102250,2,0,0
35100,3102259,3,0,0
35100,3102265,4,0,0
35100,3102255,5,0,0
35100,3102253,6,0,0
35100,3102257,7,0,0
35100,3102212,8,0,0
35100,3102217,9,0,0
35100,3102216,10,0,0
35100,3115318,11,0,0
35100,3102214,12,0,0
35100,3100727,13,0,0
35100,3100730,14,0,0
35100,3100732,15,0,0
35100,3100728,16,0,0
35100,3100733,17,0,0
35100,3100722,18,0,0
35100,3100724,19,0,0
35100,3100307,20,0,0
35100,3120043,21,0,0
35100,3102283,22,0,0
35100,3101961,23,1,1
35100,3100284,24,0,0
35100,3100301,25,0,0
35100,3100286,26,0,0
35100,3100306,27,0,0
35100,3100290,28,0,0
35100,3100304,29,0,0
35100,3100295,30,0,0
35100,3100297,31,0,0
35100,3100294,32,0,0
35100,3100300,33,0,0
35100,3102299,34,0,0
35100,3102292,35,0,0
35100,3102295,36,0,0
35100,3116232,37,0,0
35100,3102294,38,0,0
35100,3100311,39,0,0
35100,3102297,40,0,0
35100,3101855,41,0,0
35100,3101853,42,0,0
35100,3100346,43,0,0
35100,3100348,44,0,0
35100,3100343,45,0,0
35100,3100344,46,0,0
35100,3101658,47,0,0
35100,3101645,48,0,0
35100,3101652,49,0,0
35100,3101650,50,0,0
35100,3101660,51,0,0
35100,3101656,52,0,0
35100,3101654,53,0,0
35100,3100043,54,0,0
35100,3100036,55,0,0
35100,3100040,56,0,0
35100,3100034,57,0,0
35100,3100037,58,0,0
35100,3100032,59,0,0
35100,3102037,60,0,0
35100,3102078,61,0,0
35100,3102034,62,0,0
35100,3102066,63,0,0
35100,3102027,64,0,0
35100,3101965,65,0,0
35100,3101954,66,0,0
35100,3101987,67,0,0
35100,3102015,68,0,0
35100,3102059,69,0,0
35100,3102001,70,1,1
35101,3102001,1,0,0
35101,3102070,2,0,0
35101,3102060,3,0,0
35101,3102067,4,0,0
35101,3101988,5,0,0
35101,3101953,6,0,0
35101,3101966,7,0,0
35101,3102028,8,0,0
35101,3102065,9,0,0
35101,3102034,10,0,0
35101,3102077,11,0,0
35101,3102036,12,0,0
35101,3100033,13,0,0
35101,3100038,14,0,0
35101,3100035,15,0,0
35101,3100041,16,0,0
35101,3100656,17,0,0
35101,3100658,18,0,0
35101,3101655,19,0,0
35101,3101657,20,0,0
35101,3101661,21,0,0
35101,3114672,22,0,0
35101,3101653,23,0,0
35101,3101646,24,0,0
35101,3101659,25,0,0
35101,3100345,26,0,0
35101,3100342,27,0,0
35101,3100349,28,0,0
35101,3100347,29,0,0
35101,3101854,30,0,0
35101,3101857,31,0,0
35101,3101856,32,0,0
35101,3102298,33,0,0
35101,3102293,34,0,0
35101,3114611,35,0,0
35101,3102296,36,0,0
35101,3102291,37,0,0
35101,3102300,38,0,0
35101,3100299,39,0,0
35101,3100293,40,0,0
35101,3100298,41,0,0
35101,3100296,42,0,0
35101,3100312,43,0,0
35101,3100305,44,0,0
35101,3101961,45,0,0
35101,3102284,46,0,0
35101,3120044,47,0,0
35101,3100308,48,0,0
35101,3100725,49,0,0
35101,3100723,50,0,0
35101,3100734,51,0,0
35101,3100729,52,0,0
35101,3100731,53,0,0
35101,3100726,54,0,0
35101,3100291,55,0,0
35101,3100292,56,0,0
35101,3100287,57,0,0
35101,3100302,58,0,0
35101,3100285,59,0,0
35101,3100727,60,0,0
35101,3100730,61,1,1
35101,3102215,62,0,0
35101,3102219,63,0,0
35101,3102218,64,0,0
35101,3102213,65,0,0
35101,3102258,66,0,0
35101,3102254,67,0,0
35101,3102256,68,0,0
35101,3102266,69,0,0
35101,3102260,70,0,0
35101,3102252,71,0,0
35101,3102272,72,1,1
35200,3102243,1,0,0
35200,3102245,2,0,0
35200,3102273,3,0,0
35200,3102279,4,0,0
35200,3102149,5,0,0
35200,3102147,6,0,0
35200,3102145,7,0,0
35200,3102299,8,0,0
35200,3102292,9,0,0
35200,3102295,10,0,0
35200,3116232,11,0,0
35200,3102294,12,0,0
35200,3102297,13,0,0
35200,3101855,14,0,0
35200,3115645,15,0,0
35200,3100495,16,0,0
35200,3100506,17,0,0
35200,3100502,18,0,0
35200,3100920,19,0,0
35200,3100918,20,0,0
35200,3100915,21,0,0
35200,3100916,22,0,0
35200,3100911,23,0,0
35200,3101304,24,0,0
35200,3101302,25,0,0
35200,3101300,26,0,0
35200,3115404,27,0,0
35200,3115278,28,0,0
35200,3101485,29,0,0
35200,3100430,30,0,0
35200,3100432,31,0,0
35200,3100434,32,0,0
35200,3101021,33,0,0
35200,3101961,34,1,1
35201,3101961,1,0,0
35201,3101022,2,0,0
35201,3100435,3,0,0
35201,3100433,4,0,0
35201,3100431,5,0,0
35201,3101486,6,0,0
35201,3115277,7,0,0
35201,3115403,8,0,0
35201,3101301,9,0,0
35201,3101303,10,0,0
35201,3101305,11,0,0
35201,3100912,12,0,0
35201,3100917,13,0,0
35201,3100914,14,0,0
35201,3100919,15,0,0
35201,3100913,16,0,0
35201,3100503,17,0,0
35201,3100507,18,0,0
35201,3100494,19,0,0
35201,3115647,20,0,0
35201,3101856,21,0,0
35201,3102298,22,0,0
35201,3102293,23,0,0
35201,3114611,24,0,0
35201,3102296,25,0,0
35201,3102291,26,0,0
35201,3102300,27,0,0
35201,3102146,28,0,0
35201,3102148,29,0,0
35201,3102150,30,0,0
35201,3102280,31,0,0
35201,3102247,32,0,0
35201,3102246,33,0,0
35201,3102244,34,1,1
35300,3100237,1,0,0
35300,3100850,2,0,0
35300,3100852,3,0,0
35300,3100848,4,0,0
35300,3101361,5,0,0
35300,3101365,6,0,0
35300,3112385,7,0,0
35300,3101286,8,0,0
35300,3101282,9,0,0
35300,3100760,10,0,0
35300,3100758,11,0,0
35300,3120009,12,0,0
35300,3108742,13,0,0
35300,3100790,14,0,0
35300,3100134,15,1,1
35301,3100134,1,0,0
35301,3100790,2,0,0
35301,3108743,3,0,0
35301,3120010,4,0,0
35301,3100759,5,0,0
35301,3100761,6,0,0
35301,3101283,7,0,0
35301,3101287,8,0,0
35301,3101476,9,0,0
35301,3115478,10,0,0
35301,3101366,11,0,0
35301,3101362,12,0,0
35301,3100849,13,0,0
35301,3100853,14,0,0
35301,3100851,15,0,0
35301,3100230,16,0,0
35301,3100237,17,1,1
35400,3100354,1,0,0
35400,3100234,2,0,0
35400,3100236,3,0,0
35400,3100240,4,0,0
35400,3100245,5,0,0
35400,3100238,6,0,0
35400,3101365,7,0,0
35400,3115478,8,0,0
35400,3101359,9,0,0
35400,3101367,10,0,0
35400,3101357,11,0,0
35400,3101356,12,0,0
35400,3102211,13,0,0
35400,3102208,14,0,0
35400,3102205,15,0,0
35400,3100752,16,0,0
35400,3100756,17,0,0
35400,3100921,18,0,0
35400,3100918,19,0,0
35400,3100915,20,0,0
35400,3100916,21,0,0
35400,3100911,22,0,0
35400,3101304,23,0,0
35400,3101302,24,0,0
35400,3101300,25,0,0
35400,3115404,26,0,0
35400,3115278,27,0,0
35400,3101485,28,0,0
35400,3100430,29,0,0
35400,3100432,30,0,0
35400,3100434,31,0,0
35400,3101021,32,0,0
35400,3101961,33,1,1
35401,3101961,1,0,0
35401,3101022,2,0,0
35401,3100435,3,0,0
35401,3100433,4,0,0
35401,3100431,5,0,0
35401,3101486,6,0,0
35401,3115277,7,0,0
35401,3115403,8,0,0
35401,3101301,9,0,0
35401,3101303,10,0,0
35401,3101305,11,0,0
35401,3100912,12,0,0
35401,3100917,13,0,0
35401,3100914,14,0,0
35401,3100919,15,0,0
35401,3100922,16,0,0
35401,3100757,17,0,0
35401,3100752,18,0,0
35401,3102204,19,0,0
35401,3102209,20,0,0
35401,3102210,21,0,0
35401,3102203,22,0,0
35401,3101358,23,0,0
35401,3101368,24,0,0
35401,3101360,25,0,0
35401,3115478,26,0,0
35401,3101366,27,0,0
35401,3100239,28,0,0
35401,3100244,29,0,0
35401,3100241,30,0,0
35401,3100235,31,0,0
35401,3100233,32,0,0
35401,3100353,33,1,1
35500,3102272,1,0,0
35500,3102250,2,0,0
35500,3102259,3,0,0
35500,3102265,4,0,0
35500,3102255,5,0,0
35500,3102270,6,0,0
35500,3100272,7,0,0
35500,3115856,8,0,0
35500,3101044,9,0,0
35500,3115843,10,0,0
35500,3100230,11,0,0
35500,3100237,12,0,0
35500,3100242,13,0,0
35500,3100241,14,0,0
35500,3100235,15,0,0
35500,3100233,16,0,0
35500,3100353,17,0,0
35500,3100352,18,0,0
35500,3100358,19,0,0
35500,3100360,20,0,0
35500,3100356,21,0,0
35500,3100362,22,0,0
35500,3100769,23,0,0
35500,3101286,24,0,0
35500,3101282,25,0,0
35500,3100760,26,0,0
35500,3100758,27,0,0
35500,3100762,28,0,0
35500,3100444,29,0,0
35500,3100441,30,0,0
35500,3100442,31,0,0
35500,3120004,32,0,0
35500,3101746,33,0,0
35500,3101745,34,0,0
35500,3101159,35,0,0
35500,3101150,36,0,0
35500,3101158,37,0,0
35500,3101160,38,0,0
35500,3101946,39,0,0
35500,3102057,40,0,0
35500,3101961,41,1,1
35500,3102042,42,0,0
35500,3101951,43,0,0
35500,3102076,44,0,0
35500,3102001,45,1,1
35501,3102001,1,0,0
35501,3102075,2,0,0
35501,3101952,3,0,0
35501,3102043,4,0,0
35501,3101961,5,0,0
35501,3102056,6,0,0
35501,3101945,7,0,0
35501,3101153,8,0,0
35501,3101157,9,0,0
35501,3101151,10,0,0
35501,3101744,11,0,0
35501,3101741,12,0,0
35501,3101747,13,0,0
35501,3120003,14,0,0
35501,3100443,15,0,0
35501,3100440,16,0,0
35501,3100445,17,0,0
35501,3100763,18,0,0
35501,3100759,19,0,0
35501,3100761,20,0,0
35501,3101283,21,0,0
35501,3101287,22,0,0
35501,3100770,23,0,0
35501,3100363,24,0,0
35501,3100357,25,0,0
35501,3100361,26,0,0
35501,3100359,27,0,0
35501,3100351,28,0,0
35501,3100354,29,0,0
35501,3100234,30,0,0
35501,3100236,31,0,0
35501,3100240,32,0,0
35501,3100243,33,0,0
35501,3100231,34,0,0
35501,3100237,35,1,1
35501,3115843,36,0,0
35501,3101043,37,0,0
35501,3101042,38,0,0
35501,3100273,39,0,0
35501,3102271,40,0,0
35501,3102256,41,0,0
35501,3102266,42,0,0
35501,3102260,43,0,0
35501,3102252,44,0,0
35501,3102272,45,1,1
35600,3102166,1,0,0
35600,3116568,2,0,0
35600,3101614,3,0,0
35600,3101612,4,0,0
35600,3101603,5,0,0
35600,3101613,6,0,0
35600,3101600,7,0,0
35600,3101605,8,0,0
35600,3101607,9,0,0
35600,3101313,10,0,0
35600,3101315,11,0,0
35600,3101319,12,0,0
35600,3101316,13,0,0
35600,3101775,14,0,0
35600,3101772,15,0,0
35600,3101774,16,0,0
35600,3101771,17,0,0
35600,3101050,18,0,0
35600,3101053,19,0,0
35600,3101052,20,0,0
35600,3100050,21,0,0
35600,3100053,22,0,0
35600,3100051,23,0,0
35600,3100397,24,0,0
35600,3100403,25,0,0
35600,3100395,26,0,0
35600,3100394,27,0,0
35600,3100401,28,0,0
35600,3101214,29,0,0
35600,3101217,30,0,0
35600,3101219,31,0,0
35600,3101213,32,0,0
35600,3100057,33,0,0
35600,3100985,34,0,0
35600,3100983,35,0,0
35600,3100979,36,0,0
35600,3100987,37,0,0
35600,3100981,38,0,0
35600,3114839,39,0,0
35600,3101839,40,0,0
35600,3101841,41,0,0
35600,3100596,42,0,0
35600,3100594,43,0,0
35600,3100592,44,0,0
35600,3114881,45,0,0
35600,3100655,46,0,0
35600,3101579,47,0,0
35600,3101580,48,0,0
35600,3101582,49,0,0
35600,3101585,50,0,0
35600,3100137,51,0,0
35600,3100140,52,0,0
35600,3100139,53,0,0
35600,3100142,54,0,0
35600,3100135,55,0,0
35600,3101978,56,0,0
35600,3101972,57,0,0
35600,3101937,58,0,0
35600,3102103,59,0,0
35600,3102063,60,0,0
35600,3101941,61,0,0
35600,3102012,62,0,0
35600,3101979,63,0,0
35600,3102048,64,0,0
35600,3102049,65,0,0
35600,3102001,66,1,1
35601,3102001,1,0,0
35601,3116535,2,0,0
35601,3102080,3,0,0
35601,3101980,4,0,0
35601,3101940,5,0,0
35601,3102064,6,0,0
35601,3102102,7,0,0
35601,3101938,8,0,0
35601,3101971,9,0,0
35601,3101977,10,0,0
35601,3100133,11,0,0
35601,3100143,12,0,0
35601,3100138,13,0,0
35601,3100141,14,0,0
35601,3100136,15,0,0
35601,3101584,16,0,0
35601,3101583,17,0,0
35601,3101581,18,0,0
35601,3101578,19,0,0
35601,3100654,20,0,0
35601,3100595,21,0,0
35601,3100591,22,0,0
35601,3100593,23,0,0
35601,3101837,24,0,0
35601,3101840,25,0,0
35601,3101838,26,0,0
35601,3101843,27,0,0
35601,3101836,28,0,0
35601,3100986,29,0,0
35601,3100980,30,0,0
35601,3100982,31,0,0
35601,3100984,32,0,0
35601,3100058,33,0,0
35601,3100056,34,0,0
35601,3101218,35,0,0
35601,3101216,36,0,0
35601,3101215,37,0,0
35601,3100400,38,0,0
35601,3100399,39,0,0
35601,3100398,40,0,0
35601,3100402,41,0,0
35601,3100396,42,0,0
35601,3100052,43,0,0
35601,3100054,44,0,0
35601,3100049,45,0,0
35601,3101051,46,0,0
35601,3101054,47,0,0
35601,3101049,48,0,0
35601,3101770,49,0,0
35601,3101773,50,0,0
35601,3101772,51,0,0
35601,3101776,52,0,0
35601,3101317,53,0,0
35601,3101318,54,0,0
35601,3101314,55,0,0
35601,3101312,56,0,0
35601,3101606,57,0,0
35601,3101604,58,0,0
35601,3101612,59,0,0
35601,3101613,60,0,0
35601,3101600,61,0,0
35601,3101617,62,0,0
35601,3116567,63,0,0
35601,3115685,64,1,1
35700,3102166,1,0,0
35700,3116568,2,0,0
35700,3101614,3,0,0
35700,3101612,4,0,0
35700,3101603,5,0,0
35700,3101600,6,0,0
35700,3101608,7,0,0
35700,3101616,8,0,0
35700,3101610,9,0,0
35700,3101703,10,0,0
35700,3101700,11,0,0
35700,3101702,12,0,0
35700,3102171,13,0,0
35700,3102168,14,0,0
35700,3101208,15,0,0
35700,3101210,16,0,0
35700,3100192,17,0,0
35700,3102143,18,0,0
35700,3102142,19,0,0
35700,3101734,20,0,0
35700,3101735,21,0,0
35700,3102165,22,0,0
35700,3102163,23,0,0
35700,3100903,24,0,0
35700,3100905,25,0,0
35700,3100901,26,0,0
35700,3100711,27,0,0
35700,3100715,28,0,0
35700,3100708,29,0,0
35700,3100707,30,0,0
35700,3100712,31,0,0
35700,3100705,32,0,0
35700,3101460,33,0,0
35700,3100106,34,0,0
35700,3101823,35,0,0
35700,3101819,36,0,0
35700,3101821,37,0,0
35700,3101825,38,0,0
35700,3101817,39,0,0
35700,3101969,40,0,0
35700,3102054,41,0,0
35700,3114701,42,0,0
35700,3101976,43,0,0
35700,3102100,44,0,0
35700,3101986,45,0,0
35700,3116536,46,0,0
35700,3116512,47,0,0
35700,3116538,48,0,0
35700,3102012,49,0,0
35700,3101979,50,0,0
35700,3101978,51,0,0
35700,3101972,52,0,0
35700,3102048,53,0,0
35700,3102049,54,0,0
35700,3102001,55,1,1
35701,3102001,1,0,0
35701,3116535,2,0,0
35701,3102080,3,0,0
35701,3101980,4,0,0
35701,3116508,5,0,0
35701,3116539,6,0,0
35701,3116513,7,0,0
35701,3116537,8,0,0
35701,3101985,9,0,0
35701,3102101,10,0,0
35701,3101975,11,0,0
35701,3114702,12,0,0
35701,3102052,13,0,0
35701,3101970,14,0,0
35701,3101816,15,0,0
35701,3101824,16,0,0
35701,3101820,17,0,0
35701,3101818,18,0,0
35701,3101822,19,0,0
35701,3100107,20,0,0
35701,3101459,21,0,0
35701,3100704,22,0,0
35701,3100713,23,0,0
35701,3100706,24,0,0
35701,3100709,25,0,0
35701,3100714,26,0,0
35701,3100710,27,0,0
35701,3100900,28,0,0
35701,3100904,29,0,0
35701,3100902,30,0,0
35701,3102162,31,0,0
35701,3102164,32,0,0
35701,3101736,33,0,0
35701,3101733,34,0,0
35701,3102141,35,0,0
35701,3102144,36,0,0
35701,3100191,37,0,0
35701,3101209,38,0,0
35701,3101207,39,0,0
35701,3102169,40,0,0
35701,3102167,41,0,0
35701,3102170,42,0,0
35701,3101701,43,0,0
35701,3101699,44,0,0
35701,3101704,45,0,0
35701,3101611,46,0,0
35701,3101615,47,0,0
35701,3101609,48,0,0
35701,3101603,49,0,0
35701,3101600,50,0,0
35701,3101612,51,1,1
35701,3101617,52,0,0
35701,3116567,53,0,0
35701,3115685,54,1,1
35800,900241,1,0,0
35800,903224,2,0,0
35800,3101203,3,0,0
35800,901432,4,0,0
35800,3101863,5,0,0
35800,3101864,6,0,0
35800,3101860,7,0,0
35800,3101865,8,0,0
35800,3101292,9,0,0
35800,3101294,10,0,0
35800,3100179,11,0,0
35800,3100173,12,0,0
35800,3100182,13,0,0
35800,3100176,14,0,0
35800,3100181,15,0,0
35800,3100178,16,0,0
35800,3100170,17,0,0
35800,3100609,18,0,0
35800,3100961,19,0,0
35800,3100607,20,0,0
35800,3100962,21,0,0
35800,3100897,22,0,0
35800,3100892,23,0,0
35800,3100895,24,0,0
35800,3100884,25,0,0
35800,3120005,26,0,0
35800,3100891,27,0,0
35800,3101513,28,0,0
35800,3101508,29,0,0
35800,3101512,30,0,0
35800,3101560,31,0,0
35800,3102038,32,0,0
35800,3115912,33,0,0
35800,3102089,34,0,0
35800,3102094,35,0,0
35800,3102047,36,0,0
35800,3102007,37,0,0
35800,3102082,38,0,0
35800,3102035,39,0,0
35800,3116540,40,0,0
35800,3116512,41,0,0
35800,3116538,42,0,0
35800,3102012,43,0,0
35800,3101979,44,0,0
35800,3102049,45,0,0
35800,3102001,46,1,1
35801,3102001,1,0,0
35801,3116535,2,0,0
35801,3102080,3,0,0
35801,3101980,4,0,0
35801,3116508,5,0,0
35801,3116539,6,0,0
35801,3116513,7,0,0
35801,3102035,8,0,0
35801,3102081,9,0,0
35801,3102006,10,0,0
35801,3102046,11,0,0
35801,3102095,12,0,0
35801,3102088,13,0,0
35801,3115910,14,0,0
35801,3102039,15,0,0
35801,3101561,16,0,0
35801,3101509,17,0,0
35801,3101507,18,0,0
35801,3100890,19,0,0
35801,3120006,20,0,0
35801,3100883,21,0,0
35801,3100894,22,0,0
35801,3100893,23,0,0
35801,3100896,24,0,0
35801,3100602,25,0,0
35801,3100606,26,0,0
35801,3100612,27,0,0
35801,3100608,28,0,0
35801,3100171,29,0,0
35801,3100177,30,0,0
35801,3100180,31,0,0
35801,3100175,32,0,0
35801,3100183,33,0,0
35801,3100172,34,0,0
35801,3101221,35,0,0
35801,3101293,36,0,0
35801,3101291,37,0,0
35801,3101295,38,0,0
35801,3101859,39,0,0
35801,3101861,40,0,0
35801,3101862,41,0,0
35801,901430,42,0,0
35801,3101204,43,0,0
35801,903224,44,0,0
35801,900240,45,1,1
35900,3101339,1,0,0
35900,3101334,2,0,0
35900,3101338,3,0,0
35900,3101336,4,0,0
35900,3101632,5,0,0
35900,3101626,6,0,0
35900,3100414,7,0,0
35900,3100412,8,0,0
35900,3100406,9,0,0
35900,3100405,10,0,0
35900,3100416,11,0,0
35900,3100409,12,0,0
35900,3101192,13,0,0
35900,3101190,14,0,0
35900,3101188,15,0,0
35900,3100393,16,0,0
35900,3101448,17,0,0
35900,3101455,18,0,0
35900,3101457,19,0,0
35900,3101458,20,0,0
35900,3101453,21,0,0
35900,3101426,22,0,0
35900,3115267,23,1,1
35901,3115267,1,0,0
35901,3115739,2,0,0
35901,3101452,3,0,0
35901,3101456,4,0,0
35901,3101454,5,0,0
35901,3101449,6,0,0
35901,3100392,7,0,0
35901,3101187,8,0,0
35901,3101189,9,0,0
35901,3101191,10,0,0
35901,3100408,11,0,0
35901,3100415,12,0,0
35901,3100404,13,0,0
35901,3100407,14,0,0
35901,3100411,15,0,0
35901,3100413,16,0,0
35901,3101625,17,0,0
35901,3101631,18,0,0
35901,3101335,19,0,0
35901,3101337,20,0,0
35901,3101333,21,0,0
35901,3101339,22,1,1
36000,3108744,1,0,0
36000,3101184,2,0,0
36000,3101185,3,0,0
36000,3100792,4,0,0
36000,3100796,5,0,0
36000,3102323,6,0,0
36000,3100217,7,0,0
36000,3100221,8,0,0
36000,3100220,9,0,0
36000,3100211,10,0,0
36000,3100213,11,0,0
36000,3100206,12,0,0
36000,3100209,13,0,0
36000,3101121,14,0,0
36000,3101115,15,0,0
36000,3101119,16,0,0
36000,3116570,17,0,0
36000,3101426,18,0,0
36000,3115267,19,1,1
36001,3115267,1,0,0
36001,3115739,2,0,0
36001,3116571,3,0,0
36001,3101118,4,0,0
36001,3101114,5,0,0
36001,3101120,6,0,0
36001,3100208,7,0,0
36001,3100207,8,0,0
36001,3100212,9,0,0
36001,3100210,10,0,0
36001,3100219,11,0,0
36001,3100222,12,0,0
36001,3100218,13,0,0
36001,3102322,14,0,0
36001,3100795,15,0,0
36001,3100793,16,0,0
36001,3101186,17,0,0
36001,3101183,18,0,0
36001,3108744,19,1,1
36100,3108744,1,0,0
36100,3101063,2,0,0
36100,3101692,3,0,0
36100,3100952,4,0,0
36100,3100955,5,0,0
36100,3101489,6,0,0
36100,3114613,7,0,0
36100,3101144,8,0,0
36100,3101142,9,0,0
36100,3101140,10,0,0
36100,3100393,11,0,0
36100,3101448,12,0,0
36100,3101455,13,0,0
36100,3101457,14,0,0
36100,3101458,15,0,0
36100,3101453,16,0,0
36100,3101450,17,0,0
36100,3101222,18,0,0
36100,3115740,19,0,0
36100,3101061,20,0,0
36100,3101426,21,0,0
36100,3115267,22,1,1
36101,3115267,1,0,0
36101,3115739,2,0,0
36101,3101060,3,0,0
36101,3115741,4,0,0
36101,3101220,5,0,0
36101,3101451,6,0,0
36101,3101452,7,0,0
36101,3101456,8,0,0
36101,3101454,9,0,0
36101,3101449,10,0,0
36101,3100392,11,0,0
36101,3101141,12,0,0
36101,3101143,13,0,0
36101,3114614,14,0,0
36101,3101490,15,0,0
36101,3100954,16,0,0
36101,3100953,17,0,0
36101,3101691,18,0,0
36101,3101062,19,0,0
36101,3108744,20,1,1
36200,3101014,1,0,0
36200,3101018,2,0,0
36200,3100824,3,0,0
36200,3100992,4,0,0
36200,3100994,5,0,0
36200,3100999,6,0,0
36200,3100998,7,0,0
36200,3116593,8,0,0
36200,3120008,9,0,0
36200,3101227,10,0,0
36200,3101229,11,0,0
36200,3100073,12,0,0
36200,3100085,13,0,0
36200,3100065,14,0,0
36200,3100079,15,0,0
36200,3100247,16,0,0
36200,3100263,17,0,0
36200,3100254,18,0,0
36200,3102020,19,0,0
36200,3116596,20,0,0
36200,3101963,21,0,0
36200,3115508,22,0,0
36200,3102062,23,0,0
36200,3102097,24,0,0
36200,3102017,25,0,0
36200,3101981,26,0,0
36200,3102068,27,0,0
36200,3102015,28,0,0
36200,3102059,29,0,0
36200,3102001,30,1,1
36201,3102001,1,0,0
36201,3102070,2,0,0
36201,3102060,3,0,0
36201,3102069,4,0,0
36201,3101935,5,0,0
36201,3102016,6,0,0
36201,3102096,7,0,0
36201,3102061,8,0,0
36201,3115507,9,0,0
36201,3101964,10,0,0
36201,3116597,11,0,0
36201,3102021,12,0,0
36201,3100251,13,0,0
36201,3100263,14,0,0
36201,3100246,15,0,0
36201,3100080,16,0,0
36201,3100066,17,0,0
36201,3100086,18,0,0
36201,3100074,19,0,0
36201,3101230,20,0,0
36201,3101228,21,0,0
36201,3120007,22,0,0
36201,3116594,23,0,0
36201,3100998,24,0,0
36201,3100995,25,0,0
36201,3100993,26,0,0
36201,3100820,27,0,0
36201,3101011,28,0,0
36201,3101015,29,1,1
36300,3101622,1,0,0
36300,3101621,2,0,0
36300,3101564,3,0,0
36300,3101562,4,0,0
36300,3101567,5,0,0
36300,3100388,6,0,0
36300,3101677,7,0,0
36300,3101679,8,0,0
36300,3100970,9,0,0
36300,3101115,10,0,0
36300,3101119,11,0,0
36300,3101113,12,0,0
36300,3100930,13,0,0
36300,3100928,14,0,0
36300,3100924,15,0,0
36300,3100926,16,0,0
36300,3100975,17,0,0
36300,3100977,18,0,0
36300,3100974,19,0,0
36300,3100972,20,0,0
36300,3100968,21,0,0
36300,3101517,22,0,0
36300,3101518,23,0,0
36300,3101521,24,0,0
36300,3102135,25,0,0
36300,3102139,26,0,0
36300,3115778,27,0,0
36300,3101999,28,0,0
36300,3102071,29,0,0
36300,3102019,30,0,0
36300,3102083,31,0,0
36300,3102062,32,0,0
36300,3102097,33,0,0
36300,3102017,34,0,0
36300,3101981,35,0,0
36300,3102068,36,0,0
36300,3102015,37,0,0
36300,3102059,38,0,0
36300,3102001,39,1,1
36301,3102001,1,0,0
36301,3102070,2,0,0
36301,3102060,3,0,0
36301,3102069,4,0,0
36301,3101935,5,0,0
36301,3102016,6,0,0
36301,3102096,7,0,0
36301,3113538,8,0,0
36301,3102084,9,0,0
36301,3102018,10,0,0
36301,3102072,11,0,0
36301,3102000,12,0,0
36301,3115779,13,0,0
36301,3102140,14,0,0
36301,3102134,15,0,0
36301,3101520,16,0,0
36301,3101519,17,0,0
36301,3101516,18,0,0
36301,3100967,19,0,0
36301,3100971,20,0,0
36301,3100973,21,0,0
36301,3100969,22,0,0
36301,3100978,23,0,0
36301,3100976,24,0,0
36301,3100925,25,0,0
36301,3100923,26,0,0
36301,3100927,27,0,0
36301,3100929,28,0,0
36301,3101112,29,0,0
36301,3101118,30,0,0
36301,3101114,31,0,0
36301,3101678,32,0,0
36301,3101676,33,0,0
36301,3100387,34,0,0
36301,3101566,35,0,0
36301,3101563,36,0,0
36301,3101565,37,0,0
36301,3101620,38,0,0
36301,3101622,39,1,1
36400,3101622,1,0,0
36400,3101621,2,0,0
36400,3101564,3,0,0
36400,3101115,4,0,0
36400,3101119,5,0,0
36400,3116570,6,0,0
36400,3101426,7,0,0
36400,3115267,8,1,1
36401,3115267,1,0,0
36401,3115739,2,0,0
36401,3116571,3,0,0
36401,3101118,4,0,0
36401,3101114,5,0,0
36401,3101565,6,0,0
36401,3101620,7,0,0
36401,3101622,8,1,1
36500,3100313,1,0,0
36500,3100314,2,0,0
36500,3100270,3,0,0
36500,3100266,4,0,0
36500,3100268,5,0,0
36500,3101834,6,0,0
36500,3100632,7,0,0
36500,3101299,8,0,0
36500,3101297,9,0,0
36500,3101325,10,0,0
36500,3101781,11,0,0
36500,3100003,12,0,0
36500,3101131,13,0,0
36500,3101129,14,0,0
36500,3101133,15,0,0
36500,3101127,16,0,0
36500,3202000,17,0,0
36500,3202006,18,0,0
36500,3201426,19,0,0
36500,3201402,20,0,0
36500,3202005,21,0,0
36500,3200557,22,0,0
36500,3202008,23,0,0
36500,3201385,24,0,0
36500,3201788,25,0,0
36500,3202013,26,0,0
36500,3100336,27,0,0
36500,3100338,28,0,0
36500,3101690,29,0,0
36500,3101681,30,0,0
36500,3101688,31,0,0
36500,3101686,32,0,0
36500,3101683,33,0,0
36500,3101684,34,0,0
36500,3101789,35,0,0
36500,3101801,36,0,0
36500,3101791,37,0,0
36500,3101798,38,0,0
36500,3101799,39,0,0
36500,3120041,40,0,0
36500,3100665,41,0,0
36500,3100661,42,0,0
36500,3100672,43,0,0
36500,3100669,44,0,0
36500,3101526,45,0,0
36500,3101535,46,0,0
36500,3101531,47,0,0
36500,3115627,48,0,0
36500,3115625,49,0,0
36500,3102124,50,0,0
36500,3102119,51,0,0
36500,3115918,52,0,0
36500,3115749,53,0,0
36500,3102071,54,0,0
36500,3102019,55,0,0
36500,3102083,56,0,0
36500,3102062,57,0,0
36500,3102097,58,0,0
36500,3102017,59,0,0
36500,3101981,60,0,0
36500,3102068,61,0,0
36500,3102015,62,0,0
36500,3102059,63,0,0
36500,3102001,64,1,1
36501,3102001,1,0,0
36501,3102070,2,0,0
36501,3102060,3,0,0
36501,3102069,4,0,0
36501,3101935,5,0,0
36501,3102016,6,0,0
36501,3102096,7,0,0
36501,3113538,8,0,0
36501,3102084,9,0,0
36501,3102018,10,0,0
36501,3102072,11,0,0
36501,3115748,12,0,0
36501,3115917,13,0,0
36501,3102118,14,0,0
36501,3102123,15,0,0
36501,3115624,16,0,0
36501,3115626,17,0,0
36501,3101530,18,0,0
36501,3101534,19,0,0
36501,3101527,20,0,0
36501,3100668,21,0,0
36501,3100671,22,0,0
36501,3100662,23,0,0
36501,3100664,24,0,0
36501,3120040,25,0,0
36501,3101080,26,0,0
36501,3101797,27,0,0
36501,3101790,28,0,0
36501,3101800,29,0,0
36501,3101788,30,0,0
36501,3101794,31,0,0
36501,3101682,32,0,0
36501,3101685,33,0,0
36501,3101687,34,0,0
36501,3101680,35,0,0
36501,3101689,36,0,0
36501,3100337,37,0,0
36501,3100335,38,0,0
36501,3202012,39,0,0
36501,3201426,40,0,0
36501,3201788,41,0,0
36501,3201385,42,0,0
36501,3202007,43,0,0
36501,3202009,44,0,0
36501,3200557,45,0,0
36501,3202006,46,0,0
36501,3201402,47,0,0
36501,3202005,48,0,0
36501,3202001,49,0,0
36501,3101126,50,0,0
36501,3101132,51,0,0
36501,3101128,52,0,0
36501,3101130,53,0,0
36501,3100002,54,0,0
36501,3101782,55,0,0
36501,3101324,56,0,0
36501,3101296,57,0,0
36501,3101298,58,0,0
36501,3100631,59,0,0
36501,3101835,60,0,0
36501,3101832,61,0,0
36501,3100269,62,0,0
36501,3100267,63,0,0
36501,3100271,64,0,0
36501,3100315,65,0,0
36501,3100313,66,1,1
36900,3101006,1,0,0
36900,3101105,2,0,0
36900,3101109,3,0,0
36900,3101107,4,0,0
36900,3105435,5,0,0
36900,3101828,6,0,0
36900,3101280,7,0,0
36900,3101272,8,0,0
36900,3101277,9,0,0
36900,3101278,10,0,0
36900,3100579,11,0,0
36900,3100574,12,0,0
36900,3100576,13,0,0
36900,3100572,14,0,0
36900,3114790,15,0,0
36900,3108745,16,0,0
36900,3100247,17,0,0
36900,3100263,18,0,0
36900,3100254,19,0,0
36900,3102020,20,0,0
36900,3116596,21,0,0
36900,3101963,22,0,0
36900,3115508,23,0,0
36900,3102062,24,0,0
36900,3102097,25,0,0
36900,3102017,26,0,0
36900,3101981,27,0,0
36900,3102068,28,0,0
36900,3102015,29,0,0
36900,3102059,30,0,0
36900,3102001,31,1,1
36901,3102001,1,0,0
36901,3102070,2,0,0
36901,3102060,3,0,0
36901,3102069,4,0,0
36901,3101935,5,0,0
36901,3102016,6,0,0
36901,3102096,7,0,0
36901,3102061,8,0,0
36901,3115507,9,0,0
36901,3101964,10,0,0
36901,3116597,11,0,0
36901,3102021,12,0,0
36901,3100251,13,0,0
36901,3100263,14,0,0
36901,3100246,15,0,0
36901,3101269,16,0,0
36901,3114602,17,0,0
36901,3100573,18,0,0
36901,3100577,19,0,0
36901,3100575,20,0,0
36901,3100578,21,0,0
36901,3101279,22,0,0
36901,3101276,23,0,0
36901,3101273,24,0,0
36901,3101281,25,0,0
36901,3101829,26,0,0
36901,3105434,27,0,0
36901,3101106,28,0,0
36901,3101108,29,0,0
36901,3101104,30,0,0
36901,3101005,31,1,1
37300,3100373,1,0,0
37300,3100371,2,0,0
37300,3100473,3,0,0
37300,3100475,4,0,0
37300,3120013,5,0,0
37300,3101932,6,0,0
37300,3101931,7,0,0
37300,3100340,8,0,0
37300,3101827,9,0,0
37300,3101828,10,0,0
37300,3101280,11,0,0
37300,3101272,12,0,0
37300,3101277,13,0,0
37300,3101278,14,0,0
37300,3100579,15,0,0
37300,3100574,16,0,0
37300,3100576,17,0,0
37300,3100572,18,0,0
37300,3114790,19,0,0
37300,3108745,20,0,0
37300,3100247,21,0,0
37300,3100263,22,0,0
37300,3100254,23,0,0
37300,3102020,24,0,0
37300,3116596,25,0,0
37300,3101963,26,0,0
37300,3115508,27,0,0
37300,3102062,28,0,0
37300,3102097,29,0,0
37300,3102017,30,0,0
37300,3101981,31,0,0
37300,3102068,32,0,0
37300,3102015,33,0,0
37300,3102059,34,0,0
37300,3102001,35,1,1
37301,3102001,1,0,0
37301,3102070,2,0,0
37301,3102060,3,0,0
37301,3102069,4,0,0
37301,3101935,5,0,0
37301,3102016,6,0,0
37301,3102096,7,0,0
37301,3102061,8,0,0
37301,3115507,9,0,0
37301,3101964,10,0,0
37301,3116597,11,0,0
37301,3102021,12,0,0
37301,3100251,13,0,0
37301,3100263,14,0,0
37301,3100246,15,0,0
37301,3101269,16,0,0
37301,3114602,17,0,0
37301,3100573,18,0,0
37301,3100577,19,0,0
37301,3100575,20,0,0
37301,3100578,21,0,0
37301,3101279,22,0,0
37301,3101276,23,0,0
37301,3101273,24,0,0
37301,3101281,25,0,0
37301,3101829,26,0,0
37301,3101826,27,0,0
37301,3100339,28,0,0
37301,3101931,29,0,0
37301,3101932,30,0,0
37301,3120014,31,0,0
37301,3100476,32,0,0
37301,3100474,33,0,0
37301,3100372,34,0,0
37301,3100374,35,1,1
37500,3100354,1,0,0
37500,3100234,2,0,0
37500,3100236,3,0,0
37500,3100240,4,0,0
37500,3100243,5,0,0
37500,3100231,6,0,0
37500,3115843,7,0,0
37500,3101043,8,0,0
37500,3101042,9,0,0
37500,3100273,10,0,0
37500,3102250,11,0,0
37500,3102259,12,0,0
37500,3102265,13,0,0
37500,3102255,14,0,0
37500,3102274,15,0,0
37500,3102253,16,0,0
37500,3102257,17,0,0
37500,3102212,18,0,0
37500,3102217,19,0,0
37500,3102216,20,0,0
37500,3115318,21,0,0
37500,3102214,22,0,0
37500,3100727,23,0,0
37500,3100730,24,1,1
37501,3100730,1,0,0
37501,3102215,2,0,0
37501,3102219,3,0,0
37501,3102218,4,0,0
37501,3102213,5,0,0
37501,3102258,6,0,0
37501,3102254,7,0,0
37501,3102261,8,0,0
37501,3102250,9,0,0
37501,3102259,10,0,0
37501,3102265,11,0,0
37501,3102255,12,0,0
37501,3102272,13,1,1
37501,3102270,14,0,0
37501,3100272,15,0,0
37501,3115856,16,0,0
37501,3101044,17,0,0
37501,3115843,18,0,0
37501,3100230,19,0,0
37501,3100242,20,0,0
37501,3100241,21,0,0
37501,3100235,22,0,0
37501,3100233,23,0,0
37501,3100353,24,1,1
37600,8117024,1,0,0
37600,8117023,2,0,0
37600,8119492,3,0,0
37600,8121672,4,0,0
37600,8124006,5,0,0
37600,3115960,6,0,0
37600,3115961,7,0,0
37600,3113311,8,0,0
37600,3120011,9,0,0
37600,3102184,10,0,0
37600,3102189,11,0,0
37600,3102187,12,0,0
37600,3102191,13,0,0
37600,3101806,14,0,0
37600,3101804,15,0,0
37600,3101808,16,0,0
37600,3101029,17,0,0
37600,3101028,18,0,0
37600,3101033,19,0,0
37600,3101025,20,0,0
37600,3100184,21,0,0
37600,3101377,22,0,0
37600,3101382,23,0,0
37600,3101379,24,0,0
37600,3101386,25,0,0
37600,3101385,26,0,0
37600,3101389,27,0,0
37600,3101152,28,0,0
37600,3101161,29,0,0
37600,3100134,30,1,1
37601,3100134,1,0,0
37601,3101156,2,0,0
37601,3101381,3,0,0
37601,3101388,4,0,0
37601,3101384,5,0,0
37601,3101387,6,0,0
37601,3101380,7,0,0
37601,3101383,8,0,0
37601,3101378,9,0,0
37601,3100185,10,0,0
37601,3101026,11,0,0
37601,3101032,12,0,0
37601,3101027,13,0,0
37601,3101030,14,0,0
37601,3101809,15,0,0
37601,3101805,16,0,0
37601,3101807,17,0,0
37601,3102192,18,0,0
37601,3102188,19,0,0
37601,3102190,20,0,0
37601,3102184,21,0,0
37601,3120012,22,0,0
37601,3112838,23,0,0
37601,3112777,24,0,0
37601,3113514,25,0,0
37601,8124005,26,0,0
37601,8121673,27,0,0
37601,8117024,28,0,0
37601,8119492,29,0,0
37601,8117023,30,1,1
37700,8204646,1,0,0
37700,8217508,2,0,0
37700,8217664,3,0,0
37700,8204651,4,0,0
37700,8209649,5,0,0
37700,3101850,6,0,0
37700,3101852,7,0,0
37700,3100455,8,0,0
37700,3101461,9,0,0
37700,3101463,10,0,0
37700,3100469,11,0,0
37700,3100448,12,0,0
37700,3100451,13,0,0
37700,3100465,14,0,0
37700,3100464,15,0,0
37700,3100467,16,0,0
37700,3100447,17,0,0
37700,3120042,18,0,0
37700,3100457,19,0,0
37700,3102286,20,0,0
37700,3101756,21,0,0
37700,3101748,22,0,0
37700,3101766,23,0,0
37700,3102015,24,0,0
37700,3102059,25,0,0
37700,3102001,26,1,1
37701,3102001,1,0,0
37701,3102070,2,0,0
37701,3102060,3,0,0
37701,3120015,4,0,0
37701,3101767,5,0,0
37701,3101749,6,0,0
37701,3101757,7,0,0
37701,3102285,8,0,0
37701,3100458,9,0,0
37701,3100446,10,0,0
37701,3100468,11,0,0
37701,3100463,12,0,0
37701,3100466,13,0,0
37701,3100450,14,0,0
37701,3100449,15,0,0
37701,3100470,16,0,0
37701,3101461,17,1,1
37701,3100456,18,0,0
37701,3101851,19,0,0
37701,3101849,20,0,0
37701,8209649,21,0,0
37701,8204651,22,0,0
37701,8217664,23,0,0
37701,8217508,24,0,0
37701,8204646,25,1,1
37900,3101040,1,0,0
37900,3101034,2,0,0
37900,3101036,3,0,0
37900,3101039,4,0,0
37900,3101778,5,0,0
37900,3101777,6,0,0
37900,3100489,7,0,0
37900,3101205,8,0,0
37900,3100571,9,0,0
37900,3100569,10,0,0
37900,3100488,11,0,0
37900,3101468,12,0,0
37900,3101193,13,0,0
37900,3101201,14,0,0
37900,3101200,15,0,0
37900,3101197,16,0,0
37900,3115775,17,0,0
37900,3115774,18,0,0
37900,3100330,19,0,0
37900,3100332,20,0,0
37900,3100328,21,0,0
37900,3101170,22,0,0
37900,3101172,23,0,0
37900,3101812,24,0,0
37900,3100471,25,0,0
37900,3101100,26,0,0
37900,3101102,27,0,0
37900,3100166,28,0,0
37900,3100168,29,0,0
37900,3101723,30,0,0
37900,3101721,31,0,0
37900,3101709,32,0,0
37900,3101730,33,0,0
37900,3101711,34,0,0
37900,3101726,35,0,0
37900,3101714,36,1,1
37900,3100773,37,0,0
37900,3100776,38,0,0
37900,3100777,39,0,0
37900,3100568,40,1,1
37901,3101721,1,0,0
37901,3101709,2,0,0
37901,3101730,3,0,0
37901,3101726,4,0,0
37901,3101714,5,0,0
37901,3101710,6,0,0
37901,3101724,7,0,0
37901,3100169,8,0,0
37901,3100167,9,0,0
37901,3101103,10,0,0
37901,3101101,11,0,0
37901,3100472,12,0,0
37901,3101813,13,0,0
37901,3101173,14,0,0
37901,3101171,15,0,0
37901,3100329,16,0,0
37901,3100333,17,0,0
37901,3100331,18,0,0
37901,3112864,19,0,0
37901,3112772,20,0,0
37901,3101198,21,0,0
37901,3101199,22,0,0
37901,3101202,23,0,0
37901,3101194,24,0,0
37901,3101469,25,0,0
37901,3100488,26,0,0
37901,3100568,27,0,0
37901,3100570,28,0,0
37901,3101206,29,1,1
37901,3100490,30,0,0
37901,3101778,31,0,0
37901,3100569,32,0,0
37901,3100777,33,0,0
37901,3100775,34,0,0
37901,3100774,35,0,0
37901,3101777,36,0,0
37901,3101038,37,0,0
37901,3101037,38,0,0
37901,3101035,39,0,0
37901,3101041,40,1,1
38000,3100569,1,0,0
38000,3100488,2,0,0
38000,3100490,3,0,0
38000,3101778,4,0,0
38000,3101882,5,0,0
38000,3101880,6,0,0
38000,3100417,7,0,0
38000,3100414,8,0,0
38000,3100410,9,1,1
38001,3100410,1,0,0
38001,3100413,2,0,0
38001,3100418,3,0,0
38001,3101879,4,0,0
38001,3101881,5,0,0
38001,3101777,6,0,0
38001,3100489,7,0,0
38001,3100487,8,0,0
38001,3100569,9,1,1
38100,3101055,1,0,0
38100,3101056,2,0,0
38100,3101146,3,0,0
38100,3102172,4,0,0
38100,3100716,5,0,0
38100,3101897,6,0,0
38100,3100323,7,0,0
38100,3100319,8,0,0
38100,3100322,9,0,0
38100,3100321,10,0,0
38100,3102161,11,0,0
38100,3100590,12,0,0
38100,3100767,13,0,0
38100,3100766,14,0,0
38100,3114834,15,0,0
38100,3101031,16,0,0
38100,3101505,17,0,0
38100,3101161,18,0,0
38100,3100134,19,1,1
38101,3100134,1,0,0
38101,3101156,2,0,0
38101,3101506,3,0,0
38101,3101271,4,0,0
38101,3100767,5,0,0
38101,3100766,6,0,0
38101,3114834,7,0,0
38101,3100589,8,0,0
38101,3102160,9,0,0
38101,3100320,10,0,0
38101,3100323,11,0,0
38101,3100319,12,0,0
38101,3100322,13,0,0
38101,3101896,14,0,0
38101,3100717,15,0,0
38101,3102173,16,0,0
38101,3101145,17,0,0
38101,3101057,18,0,0
38101,3101055,19,1,1
38300,1103033,1,0,0
38300,1103834,2,0,0
38300,1101814,3,0,0
38300,3100187,4,0,0
38300,3101311,5,0,0
38300,3101308,6,0,0
38300,3101597,7,0,0
38300,3100751,8,0,0
38300,3100741,9,0,0
38300,3100743,10,0,0
38300,3102200,11,0,0
38300,3101330,12,0,0
38300,3101328,13,0,0
38300,3101327,14,0,0
38300,3100119,15,0,0
38300,3100123,16,0,0
38300,3101353,17,0,0
38300,3101354,18,0,0
38300,3101351,19,0,0
38300,3100587,20,0,0
38300,3100586,21,0,0
38300,3101549,22,0,0
38300,3101553,23,0,0
38300,3101551,24,0,0
38300,3101478,25,0,0
38300,3101480,26,0,0
38300,3100427,27,0,0
38300,3100422,28,0,0
38300,3100420,29,0,0
38300,3100428,30,0,0
38300,3100101,31,0,0
38300,3100104,32,0,0
38300,3100102,33,0,0
38300,3101595,34,0,0
38300,3101588,35,0,0
38300,3101593,36,0,0
38300,3115550,37,0,0
38300,3101591,38,0,0
38300,3102093,39,0,0
38300,3102106,40,1,1
38301,3102106,1,0,0
38301,3102092,2,0,0
38301,3101590,3,0,0
38301,3115549,4,0,0
38301,3101592,5,0,0
38301,3101589,6,0,0
38301,3101594,7,0,0
38301,3100103,8,0,0
38301,3100105,9,0,0
38301,3100100,10,0,0
38301,3100429,11,0,0
38301,3100419,12,0,0
38301,3100421,13,0,0
38301,3100426,14,0,0
38301,3101479,15,0,0
38301,3101477,16,0,0
38301,3101550,17,0,0
38301,3101552,18,0,0
38301,3101548,19,0,0
38301,3100585,20,0,0
38301,3100588,21,0,0
38301,3101350,22,0,0
38301,3101355,23,0,0
38301,3101352,24,0,0
38301,3100122,25,0,0
38301,3100118,26,0,0
38301,3101326,27,0,0
38301,3101329,28,0,0
38301,3101331,29,0,0
38301,3102199,30,0,0
38301,3100742,31,0,0
38301,3100740,32,0,0
38301,3100750,33,0,0
38301,3101596,34,0,0
38301,3101309,35,0,0
38301,3101310,36,0,0
38301,3100186,37,0,0
38301,1101815,38,0,0
38301,1103833,39,0,0
38301,1103032,40,1,1
38800,8204646,1,0,0
38800,3100817,2,0,0
38800,3100827,3,0,0
38800,3100807,4,0,0
38800,3101462,5,0,0
38800,3101465,6,0,0
38800,3100815,7,0,0
38800,3100818,8,0,0
38800,3100828,9,0,0
38800,3100821,10,0,0
38800,3101233,11,0,0
38800,3101231,12,0,0
38800,3101239,13,0,0
38800,3101237,14,0,0
38800,3120008,15,0,0
38800,3101227,16,0,0
38800,3101229,17,0,0
38800,3100073,18,0,0
38800,3100085,19,0,0
38800,3100065,20,0,0
38800,3100079,21,0,0
38800,3100247,22,0,0
38800,3100263,23,0,0
38800,3100254,24,0,0
38800,3102020,25,0,0
38800,3116596,26,0,0
38800,3116415,27,0,0
38800,3102330,28,0,0
38800,3102019,29,0,0
38800,3101942,30,1,1
38801,3101942,1,0,0
38801,3102018,2,0,0
38801,3102331,3,0,0
38801,3116416,4,0,0
38801,3116597,5,0,0
38801,3102021,6,0,0
38801,3100251,7,0,0
38801,3100263,8,0,0
38801,3100246,9,0,0
38801,3100080,10,0,0
38801,3100066,11,0,0
38801,3100086,12,0,0
38801,3100074,13,0,0
38801,3101230,14,0,0
38801,3101228,15,0,0
38801,3120007,16,0,0
38801,3101238,17,0,0
38801,3101240,18,0,0
38801,3101232,19,0,0
38801,3101234,20,0,0
38801,3100822,21,0,0
38801,3100829,22,0,0
38801,3100819,23,0,0
38801,3100814,24,0,0
38801,3100816,25,0,0
38801,8204646,26,1,1
38801,3101464,27,0,0
38801,3101463,28,0,0
38801,3100806,29,0,0
38801,3100827,30,1,1
39100,3100001,1,0,0
39100,3101375,2,0,0
39100,3101373,3,0,0
39100,3106662,4,0,0
39100,3101695,5,0,0
39100,3101697,6,0,0
39100,3100047,7,0,0
39100,3101007,8,0,0
39100,3101123,9,0,0
39100,3101727,10,0,0
39100,3101715,11,0,0
39100,3101730,12,0,0
39100,3101722,13,0,0
39100,3101726,14,0,0
39100,3101714,15,0,0
39100,3101710,16,0,0
39100,3101724,17,1,1
39101,3101724,1,0,0
39101,3101723,2,0,0
39101,3101711,3,0,0
39101,3101726,4,0,0
39101,3101714,5,0,0
39101,3101729,6,0,0
39101,3101721,7,0,0
39101,3101709,8,0,0
39101,3101716,9,0,0
39101,3101728,10,0,0
39101,3101122,11,0,0
39101,3101008,12,0,0
39101,3100048,13,0,0
39101,3101698,14,0,0
39101,3101696,15,0,0
39101,3106662,16,0,0
39101,3101374,17,0,0
39101,3101376,18,0,0
39101,3100001,19,1,1
39200,3101261,1,0,0
39200,3100018,2,0,0
39200,3100479,3,0,0
39200,3100845,4,0,0
39200,3101924,5,0,0
39200,3101246,6,0,0
39200,3100027,7,0,0
39200,3100031,8,0,0
39200,3100025,9,0,0
39200,3100023,10,0,0
39200,3101930,11,0,0
39200,3101097,12,0,0
39200,3100844,13,0,0
39200,3100365,14,0,0
39200,3100619,15,0,0
39200,3101099,16,0,0
39200,3101619,17,0,0
39200,3101248,18,0,0
39200,3101249,19,0,0
39200,3101708,20,0,0
39200,3101712,21,0,0
39200,3101724,22,0,0
39200,3101721,23,0,0
39200,3101709,24,0,0
39200,3101730,25,0,0
39200,3101726,26,0,0
39200,3101714,27,1,1
39201,3101724,1,0,0
39201,3101723,2,0,0
39201,3101721,3,0,0
39201,3101709,4,0,0
39201,3101730,5,0,0
39201,3101726,6,0,0
39201,3101714,7,0,0
39201,3101712,8,0,0
39201,3101707,9,0,0
39201,3101247,10,0,0
39201,3101248,11,0,0
39201,3101618,12,0,0
39201,3101098,13,0,0
39201,3101096,14,0,0
39201,3100618,15,0,0
39201,3100364,16,0,0
39201,3100843,17,0,0
39201,3101929,18,0,0
39201,3100023,19,1,1
39201,3100024,20,0,0
39201,3100030,21,0,0
39201,3100026,22,0,0
39201,3101245,23,0,0
39201,3101923,24,0,0
39201,3100846,25,0,0
39201,3100479,26,0,0
39201,3100017,27,0,0
39201,3101262,28,1,1
39300,3101224,1,0,0
39300,3100703,2,0,0
39300,3100020,3,0,0
39300,3101667,4,0,0
39300,3101669,5,0,0
39300,6516107,6,0,0
39300,3100633,7,0,0
39300,3100635,8,0,0
39300,3100637,9,0,0
39300,3100526,10,0,0
39300,3100524,11,0,0
39300,3101182,12,0,0
39300,3101671,13,0,0
39300,3100640,14,0,0
39300,3100511,15,0,0
39300,3100513,16,0,0
39300,3100719,17,0,0
39300,3100721,18,0,0
39300,3100006,19,0,0
39300,3101831,20,0,0
39300,3100772,21,0,0
39300,3101169,22,0,0
39300,3101901,23,0,0
39300,3101903,24,0,0
39300,3101906,25,0,0
39300,3101904,26,0,0
39300,3116014,27,0,0
39300,3100877,28,0,0
39300,3100882,29,0,0
39300,3102156,30,0,0
39300,3101713,31,0,0
39300,3101714,32,0,0
39300,3101726,33,0,0
39300,3101706,34,0,0
39300,3101722,35,0,0
39300,3101724,36,1,1
39301,3101724,1,0,0
39301,3101723,2,0,0
39301,3101721,3,0,0
39301,3101709,4,0,0
39301,3101730,5,0,0
39301,3101726,6,0,0
39301,3101714,7,0,0
39301,3102157,8,0,0
39301,3100881,9,0,0
39301,3114736,10,0,0
39301,3101905,11,0,0
39301,3101902,12,0,0
39301,3101900,13,0,0
39301,3101168,14,0,0
39301,3100771,15,0,0
39301,3101830,16,0,0
39301,3100005,17,0,0
39301,3100720,18,0,0
39301,3100718,19,0,0
39301,3100512,20,0,0
39301,3100510,21,0,0
39301,3100639,22,0,0
39301,3101670,23,0,0
39301,3101181,24,0,0
39301,3100525,25,0,0
39301,3100527,26,0,0
39301,3100638,27,0,0
39301,3100636,28,0,0
39301,3100634,29,0,0
39301,6516107,30,1,1
39301,3101668,31,0,0
39301,3101666,32,0,0
39301,3100019,33,0,0
39301,3100702,34,0,0
39301,3101224,35,1,1
39301,3101904,36,0,0
39301,3116014,37,1,1
39400,3100132,1,0,0
39400,3100131,2,0,0
39400,3100129,3,0,0
39400,3101395,4,0,0
39400,3100010,5,0,0
39400,3100007,6,0,0
39400,3101878,7,0,0
39400,3100516,8,0,0
39400,3100483,9,0,0
39400,3100485,10,0,0
39400,3101072,11,0,0
39400,3100842,12,0,0
39400,3116414,13,0,0
39400,3114617,14,0,0
39400,3100523,15,0,0
39400,3100524,16,0,0
39400,3101180,17,0,0
39400,3100638,18,0,0
39400,3100636,19,0,0
39400,3100634,20,0,0
39400,6516107,21,0,0
39400,6516105,22,0,0
39400,3100127,23,0,0
39400,3115397,24,0,0
39400,6500225,25,0,0
39400,6516110,26,0,0
39400,6516134,27,0,0
39400,3101165,28,0,0
39400,6516119,29,0,0
39400,6516064,30,0,0
39400,3100945,31,0,0
39400,3100782,32,0,0
39400,3100780,33,0,0
39400,3100784,34,0,0
39400,3100786,35,0,0
39400,3100783,36,0,0
39400,3100789,37,0,0
39400,3101391,38,0,0
39400,3100061,39,0,0
39400,3100059,40,0,0
39400,3101556,41,0,0
39400,3101559,42,0,0
39400,3100549,43,0,0
39400,3100283,44,0,0
39400,3102275,45,0,0
39400,3101719,46,0,0
39400,3101714,47,0,0
39400,3100785,48,0,0
39400,3100779,49,0,0
39400,3100781,50,0,0
39400,3100012,51,0,0
39400,3100014,52,0,0
39400,3100876,53,0,0
39400,3100882,54,0,0
39400,3102156,55,0,0
39400,3101248,56,0,0
39400,3101249,57,0,0
39400,3101708,58,0,0
39400,3101726,59,1,1
39401,3101726,1,0,0
39401,3101714,2,0,0
39401,3101707,3,0,0
39401,3101248,4,0,0
39401,3101249,5,0,0
39401,3102157,6,0,0
39401,3100881,7,0,0
39401,3100875,8,0,0
39401,3100013,9,0,0
39401,3100011,10,0,0
39401,3100782,11,0,0
39401,3100780,12,0,0
39401,3100784,13,1,1
39401,3101720,14,0,0
39401,3101725,15,0,0
39401,3102276,16,0,0
39401,3100282,17,0,0
39401,3100548,18,0,0
39401,3101558,19,0,0
39401,3101557,20,0,0
39401,3100060,21,0,0
39401,3100062,22,0,0
39401,3101392,23,0,0
39401,3100788,24,0,0
39401,3100783,25,0,0
39401,3100787,26,0,0
39401,3100785,27,0,0
39401,3100779,28,0,0
39401,3100781,29,0,0
39401,3100944,30,0,0
39401,6516064,31,0,0
39401,6516119,32,0,0
39401,3101164,33,0,0
39401,6516134,34,0,0
39401,6516110,35,0,0
39401,6500226,36,0,0
39401,3115396,37,0,0
39401,3100126,38,0,0
39401,6516105,39,0,0
39401,6516107,40,0,0
39401,3100633,41,0,0
39401,3100635,42,0,0
39401,3100637,43,0,0
39401,3101180,44,0,0
39401,3100525,45,0,0
39401,3100522,46,0,0
39401,3100528,47,0,0
39401,3116413,48,0,0
39401,3100841,49,0,0
39401,3101073,50,0,0
39401,3100484,51,0,0
39401,3100482,52,0,0
39401,3100515,53,0,0
39401,3100517,54,0,0
39401,3100008,55,0,0
39401,3100009,56,0,0
39401,3101396,57,0,0
39401,3100128,58,0,0
39401,3100131,59,0,0
39401,3100132,60,1,1
39500,3115245,1,0,0
39500,3101224,2,0,0
39500,3100703,3,0,0
39500,3100020,4,0,0
39500,3101667,5,0,0
39500,3101669,6,0,0
39500,3100640,7,0,0
39500,3100511,8,0,0
39500,3100513,9,0,0
39500,3100719,10,0,0
39500,3101466,11,0,0
39500,6516119,12,0,0
39500,6516064,13,0,0
39500,3100145,14,0,0
39500,3100521,15,0,0
39500,3100519,16,0,0
39500,3100016,17,0,0
39500,3100014,18,0,0
39500,3100876,19,0,0
39500,3100882,20,0,0
39500,3102156,21,0,0
39500,3101713,22,0,0
39500,3101712,23,1,1
39501,3101712,1,0,0
39501,3101726,2,0,0
39501,3101714,3,0,0
39501,3102157,4,0,0
39501,3100881,5,0,0
39501,3100875,6,0,0
39501,3100013,7,0,0
39501,3100015,8,0,0
39501,3100518,9,0,0
39501,3100520,10,0,0
39501,3100144,11,0,0
39501,6516064,12,0,0
39501,6516119,13,0,0
39501,3101467,14,0,0
39501,3100718,15,0,0
39501,3100512,16,0,0
39501,3100510,17,0,0
39501,3100639,18,0,0
39501,3101668,19,0,0
39501,3101666,20,0,0
39501,3100019,21,0,0
39501,3100702,22,0,0
39501,3101224,23,0,0
39501,3115245,24,1,1
39700,3101176,1,0,0
39700,3101174,2,0,0
39700,3101179,3,0,0
39700,3101874,4,0,0
39700,3101875,5,0,0
39700,3101393,6,0,0
39700,3100653,7,0,0
39700,3100650,8,0,0
39700,3101322,9,0,0
39700,3101320,10,0,0
39700,3101543,11,0,0
39700,3101547,12,0,0
39700,3101545,13,0,0
39700,3101723,14,0,0
39700,3101721,15,0,0
39700,3101709,16,0,0
39700,3101730,17,0,0
39700,3101708,18,0,0
39700,3101726,19,0,0
39700,3101714,20,1,1
39701,3101721,1,0,0
39701,3101709,2,0,0
39701,3101730,3,0,0
39701,3101726,4,0,0
39701,3101714,5,0,0
39701,3101710,6,0,0
39701,3101724,7,0,0
39701,3101707,8,0,0
39701,3101546,9,0,0
39701,3101544,10,0,0
39701,3101542,11,0,0
39701,3101321,12,0,0
39701,3101323,13,0,0
39701,3100651,14,0,0
39701,3100652,15,0,0
39701,3101394,16,0,0
39701,3101875,17,0,0
39701,3101873,18,0,0
39701,3101178,19,0,0
39701,3101177,20,0,0
39701,3101175,21,1,1
39800,3112466,1,0,0
39800,3100785,2,0,0
39800,3100779,3,0,0
39800,3100781,4,0,0
39800,3100946,5,0,0
39800,3100942,6,0,0
39800,3100944,7,0,0
39800,3102153,8,0,0
39800,3101672,9,0,0
39800,6516064,10,0,0
39800,3101163,11,0,0
39800,3101167,12,0,0
39800,3100145,13,0,0
39800,3100521,14,0,0
39800,3100519,15,0,0
39800,3100016,16,0,0
39800,3100014,17,0,0
39800,3100876,18,0,0
39800,3100882,19,0,0
39800,3102156,20,0,0
39800,3101714,21,0,0
39800,3101726,22,0,0
39800,3101706,23,0,0
39800,3101722,24,0,0
39800,3101724,25,1,1
39801,3101724,1,0,0
39801,3101723,2,0,0
39801,3101721,3,0,0
39801,3101709,4,0,0
39801,3101730,5,0,0
39801,3101726,6,0,0
39801,3101714,7,0,0
39801,3102157,8,0,0
39801,3100881,9,0,0
39801,3100875,10,0,0
39801,3100013,11,0,0
39801,3100015,12,0,0
39801,3100518,13,0,0
39801,3100520,14,0,0
39801,3100144,15,0,0
39801,3101166,16,0,0
39801,3101162,17,0,0
39801,6516064,18,0,0
39801,3101673,19,0,0
39801,3102152,20,0,0
39801,3100945,21,0,0
39801,3100943,22,0,0
39801,3100947,23,0,0
39801,3100782,24,0,0
39801,3100780,25,0,0
39801,3100784,26,0,0
39801,3112466,27,1,1
