34401,'0b4a7276424731257409',1316,,230,5,0,132 117,0
34401,'112a0b7f332a564f1678',1316,,1100,5,0,132 117,0
34401,'1c2e3625233d01453772',1854,,1101,5,0,132 117,0
34401,'1c6b260d7b7104763d5b',1319,,232,15,0,132 117,0
34401,'1f5759673f12020b0a50',1804,,1102,5,0,132 117,0
34401,'20694715463639414353',1539,,1103,14,0,132 117,0
34401,'31744f7e5638320a2d4c',1316,,1104,18,0,132 117,0,488,,1105,5,0,132 117,0
34401,'49363c5c560d0d713513',1809,,228,5,0,132 117,0
34401,'532f7e634a3b56246321',1319,,1106,15,0,132 117,0
34401,'553d275f1455102c362a',1809,,1107,18,0,132 117,0
34401,'597325055c30707c624a',1316,,1108,5,0,132 117,0
34401,'59737b0d0f044b52693e',1804,,1109,5,0,132 117,0
34401,'5a622e2f735638475e4f',1809,,231,5,0,132 117,0
34401,'5f3a5d635165645c1e2c',1854,,233,5,0,132 117,0
34401,'6275774556272b571209',1316,,234,5,0,132 117,0
34401,'751a71197d113c71746a',1539,,237,15,0,132 117,0
36501,'1c2e3625233d01453772',1949,,1422,59,0,132 117,0,92,,1424,19,0,132 117,0
36501,'1f5759673f12020b0a50',1959,,1425,59,0,132 117,0
36501,'3823594e52252d7f6b14',1059,,1428,59,0,132 117,0,855,,1427,59,0,132 117,0
36501,'49363c5c560d0d713513',1959,,652,59,0,132 117,0
36501,'4f0277002864772e6462',1434,,1429,59,0,132 117,0,182,,1430,59,0,132 117,0
36501,'5e7c480b705d7d2d5e1b',1434,,664,59,0,132 117,0,182,,665,59,0,132 117,0
36501,'5f3a5d635165645c1e2c',1949,,660,59,0,132 117,0,92,,662,19,0,132 117,0
36501,'657c421e081b56557239',1059,,654,59,0,132 117,0,855,,653,59,0,132 117,0
36501,'7f443a14596255477616',824,,1436,59,0,132 117,0,990,,1434,59,0,132 117,0
