35101,'1f5759673f12020b0a50',1916,,1176,34,0,20 21 22,0
35101,'300d603a345a5010103b',946,,312,34,0,20 21 22,0,380,,313,34,0,20 21 22,0,190,,314,34,0,20 21 22,0
35101,'31744f7e5638320a2d4c',1419,,1177,43,0,20 21 22,0
35101,'3823594e52252d7f6b14',1031,,1178,34,0,20 21 22,0
35101,'485f012a2c6b445e7a47',1831,,310,34,0,20 21 22,0
35101,'4f0277002864772e6462',946,,1179,34,0,20 21 22,0,380,,1180,34,0,20 21 22,0,190,,1181,34,0,20 21 22,0
35101,'5c112750394b6b07283a',1916,,302,34,0,20 21 22,0
35101,'75034b1d5a2e41380d0c',1031,,303,34,0,20 21 22,0
35101,'7a7c2673351c18595c18',1831,,1182,34,0,20 21 22,0
35101,'7f443a14596255477616',722,,1187,42,0,23 24 18,0,111,,1188,43,0,23 24 18,0,811,,1183,34,0,23 25,0,212,,1184,43,0,20 21 22,0,145,,1185,34,0,20 21 22,0
