32401,'2c5f74455e25454d432d',1326,,1082,5,0,90 25,0
32401,'3f242a2f47502e255740',1851,,158,5,0,90 25,0
36001,'114a44065a5209536517',816,,549,5,0,53 21 54,0,615,,550,5,0,53 21 54,0
36001,'3f242a2f47502e255740',1656,,545,5,0,53 21 54,0,100,,546,5,0,53 21 54,0,245,,547,5,0,53 21 54,0
36001,'3f4d67570e29103a1e70',1116,,538,5,0,127 25,0,805,,539,5,0,127 25,0
36001,'79634f716a31375a174a',1921,,548,5,0,53 21 54,0
36301,'1e386a27476c5b6e1461',1401,,1401,31,0,31 32,0
36301,'2a2423055d636f354b6d',1938,,1400,31,0,31 32,0
36401,'114a44065a5209536517',1229,,635,5,0,31 32,0,602,,636,5,0,31 32,0
36401,'3f242a2f47502e255740',821,,631,5,0,31 32,0,100,,632,5,0,31 32,0,810,,633,5,0,31 32,0,200,,634,5,0,31 32,0
36401,'3f4d67570e29103a1e70',1751,,620,5,0,31 32,0
36401,'4a0603184e160563480a',1029,,621,5,0,31 32,0,592,,622,5,0,31 32,0
