35000,'02070559307629202a09',853,,238,40,0,9 35 36 37 38,0
35000,'1c2e3625233d01453772',703,,1114,38,0,9 35 36 37 38,0,41,,1115,44,0,9 35 36 37 38,0,174,,1112,44,0,9 35 36 37 38,0,685,,1113,38,0,9 35 36 37 38,0
35000,'1f5759673f12020b0a50',853,,1117,40,0,9 35 36 37 38,0
35000,'2a08755845643968295b',823,,243,38,0,9 35 36 37 38,0
35000,'2a5b3362091f52630354',638,,244,38,0,9 35 36 37 38,0,90,,245,38,0,9 35 36 37 38,0,7,,247,16,0,9 35 36 37 38,0,88,,248,39,0,9 35 36 37 38,0
35000,'4d7a6615443531084902',703,,254,38,0,9 35 36 37 38,0,41,,255,44,0,9 35 36 37 38,0,174,,250,44,0,9 35 36 37 38,0,685,,252,38,0,9 35 36 37 38,0
35000,'59737b0d0f044b52693e',823,,1127,38,0,9 35 36 37 38,0
35000,'7f443a14596255477616',638,,1128,38,0,9 35 36 37 38,0,90,,1129,38,0,9 35 36 37 38,0,7,,1131,16,0,9 35 36 37 38,0,88,,1132,39,0,9 35 36 37 38,0
38300,'02070559307629202a09',740,,762,26,0,9 35 36 37 38,0
38300,'1c2e3625233d01453772',834,,1529,12,0,9 35 36 37 38,0,596,,1530,26,0,9 35 36 37 38,0
38300,'1f5759673f12020b0a50',740,,1531,26,0,9 35 36 37 38,0
38300,'2a08755845643968295b',740,,763,26,0,9 35 36 37 38,0
38300,'2a5b3362091f52630354',706,,764,12,0,9 35 36 37 38,0,27,,765,26,0,9 35 36 37 38,0,1001,,766,12,0,9 35 36 37 38,0
38300,'494a652c1e455e3d7c72',1734,,1532,12,0,9 35 36 37 38,0
38300,'4d7a6615443531084902',834,,767,12,0,9 35 36 37 38,0,596,,768,26,0,9 35 36 37 38,0
38300,'59737b0d0f044b52693e',740,,1533,26,0,9 35 36 37 38,0
38300,'7f443a14596255477616',706,,1534,12,0,9 35 36 37 38,0,27,,1535,26,0,9 35 36 37 38,0
