30401,'1c2e3625233d01453772',744,,1033,9,0,46 47 48,0,70,,1034,9,0,46 47 48,0,30,,1035,9,0,46 47 48,0,70,,1036,9,0,46 47 48,0,30,,1037,9,0,46 47 48,0,761,,1038,9,0,46 47 48,0,30,,1039,9,0,46 47 48,0,70,,1040,9,0,46 47 48,0,30,,1029,9,0,46 47 48,0,70,,1030,9,0,46 47 48,0,30,,1031,9,0,46 47 48,0,70,,1032,9,0,46 47 48,0
30401,'553d275f1455102c362a',1820,,1041,9,0,46 47 48,0
35500,'033e170961301f7a0308',736,,1649,9,0,9 26,0
35500,'055e00325b240c7d4777',851,,1220,9,0,9 10 11,0,755,,1219,9,0,9 10 11,0
35500,'126535785649426e467c',627,,1651,9,0,9 10 11,0
35500,'210a7c3e60384f725e7c',851,,1654,9,0,9 10 11,0,755,,1653,9,0,9 10 11,0
35500,'4f67586f291357636e2f',1242,,1658,9,0,9 26,0
35500,'59737b0d0f044b52693e',651,,1660,9,0,9 10 11,0
35500,'5d5f40704724192d5825',642,,1227,9,0,9 10 11,0
35500,'723148100c272b183b65',736,,1218,9,0,9 26,0
35500,'7360781f782d14543c3f',1242,,1224,9,0,9 26,0
37501,'31744f7e5638320a2d4c',1241,,1465,16,0,28 29,0
37501,'553d275f1455102c362a',1831,,1467,16,0,28 29,0
