35601,'055e00325b240c7d4777',903,,407,5,0,15 16 17,0,802,,408,5,0,15 16 17,0
35601,'075f4276790e1e273655',1405,,1276,5,0,15 16 17,0
35601,'0a3c663a7d504d200835',1520,,1277,5,0,12 13 14,0
35601,'184134507f4517151633',815,,1279,5,0,12 13 14,0
35601,'1e386a27476c5b6e1461',625,,1301,5,0,12 13 14,0,192,,1306,5,0,12 13 14,0,830,,1302,5,0,12 13 14,0,79,,1303,5,0,12 13 14,0
35601,'1f5759673f12020b0a50',635,,1284,5,0,12 13 14,0
35601,'2943795d360756687162',1235,,1278,5,0,12 13 14,0
35601,'2a2423055d636f354b6d',1920,,1289,5,0,12 13 14,0
35601,'2f16807a52596335736c',1035,,1280,5,0,12 13 14,0,370,,1281,5,0,12 13 14,0,100,,1282,5,0,12 13 14,0,350,,1283,5,0,12 13 14,0
35601,'320823102b697f311363',1405,,1285,5,0,12 13 14,0
35601,'321e5f70685c1473436a',1806,,1287,5,0,12 13 14,0
35601,'332311354b01253e3615',850,,1286,5,0,12 13 14,0
35601,'59445e7d50034e156e11',1805,,1290,5,0,12 13 14,0
35601,'59737b0d0f044b52693e',635,,1293,5,0,12 13 14,0,1010,,1291,5,0,12 13 14,0,80,,1292,5,0,12 13 14,0
35601,'61121d2d1b1669750837',903,,1294,5,0,12 13 14,0,802,,1295,5,0,12 13 14,0
35601,'634b592b186b573b6758',903,,1296,5,0,15 16 17,0,802,,1297,5,0,15 16 17,0
35601,'6d0c424c36686c087407',820,,1299,5,0,15 16 17,0,415,,1298,5,0,15 16 17,0
35601,'71472061383531535e0f',1605,,1288,5,0,12 13 14,0
35601,'7c40501f37807a467b28',1605,,1300,5,0,15 16 17,0
