35600,'055e00325b240c7d4777',1051,,381,9,0,9 10 11,0,800,,382,9,0,9 10 11,0
35600,'0a3c663a7d504d200835',1547,,1245,6,0,9 10 11,0,54,,1246,7,0,9 10 11,0
35600,'0d7c5c285a59412d315b',1751,,1247,5,0,9 10 11,0
35600,'112a0b7f332a564f1678',1226,,1248,5,0,9 10 11,0
35600,'1a223768176411647430',1756,,1250,5,0,9 10 11,0
35600,'1e386a27476c5b6e1461',626,,1273,5,0,9 10 11,0,80,,1274,5,0,9 10 11,0,30,,1275,5,0,9 10 11,0,920,,1271,6,0,9 10 11,0,175,,1272,6,0,9 10 11,0
35600,'1e7832711c690d2e452a',1756,,1258,6,0,9 10 11,0
35600,'1f5759673f12020b0a50',626,,1253,5,0,9 10 11,0
35600,'2943795d360756687162',1436,,1249,5,0,9 10 11,0
35600,'2a2423055d636f354b6d',826,,1256,5,0,9 10 11,0
35600,'2a6804265d6c7a6d704c',1226,,1268,5,0,9 10 11,0
35600,'2f16807a52596335736c',606,,1252,5,0,9 10 11,0,320,,1251,5,0,9 10 11,0
35600,'31744f7e5638320a2d4c',1226,,1255,6,0,9 10 11,0
35600,'56061576073054406d39',1756,,1259,5,0,9 10 11,0
35600,'59737b0d0f044b52693e',626,,1261,5,0,9 10 11,0,80,,1262,5,0,9 10 11,0,30,,1263,5,0,9 10 11,0,920,,1260,5,0,9 10 11,0
35600,'61121d2d1b1669750837',1051,,1264,5,0,9 10 11,0,800,,1265,5,0,9 10 11,0
35600,'634b592b186b573b6758',1051,,1266,9,0,9 10 11,0,800,,1267,9,0,9 10 11,0
35600,'6d0c424c36686c087407',1436,,1269,9,0,9 10 11,0,320,,1270,9,0,9 10 11,0
