35800,'1e386a27476c5b6e1461',630,,1356,2,0,9 10 11,0,20,,1357,1,0,9 10 11,0,195,,1358,1,0,9 10 11,0
35800,'1f5759673f12020b0a50',730,,1349,1,0,9 10 11,0,497,,1350,2,0,9 10 11,0
35800,'2a2423055d636f354b6d',1530,,1353,1,0,9 10 11,0
35800,'2f16807a52596335736c',1215,,1348,1,0,9 10 11,0
35800,'3823594e52252d7f6b14',830,,1351,1,0,9 10 11,0
35800,'59737b0d0f044b52693e',630,,1354,2,0,9 10 11,0
35800,'71472061383531535e0f',610,,1352,1,0,9 10 11,0
35800,'7a7c2673351c18595c18',1630,,1355,1,0,9 10 11,0
35801,'1e386a27476c5b6e1461',1900,,1367,44,4,,0
35801,'1f5759673f12020b0a50',1516,,1360,44,4,,0,414,,1361,44,4,,0
35801,'2a2423055d636f354b6d',1017,,1365,44,4,,0,818,,1366,44,0,93 94 95,0
35801,'2f16807a52596335736c',1935,,1359,44,4,,0
35801,'3823594e52252d7f6b14',1103,,1362,44,4,,0,812,,1363,44,4,,0
35801,'71472061383531535e0f',1401,,1364,44,4,,0
