36501,'0e5131610429337c0530',721,,1420,14,0,135 25,0,116,,1421,14,0,166 32,0
36501,'1e386a27476c5b6e1461',638,,1436,14,0,132 117,0,996,,1434,14,0,132 117,0,108,,1435,14,0,133 134,0
36501,'1f5759673f12020b0a50',1822,,1425,14,0,132 117,0
36501,'2a2423055d636f354b6d',1301,,1429,14,0,132 117,0,140,,1430,14,0,132 117,0
36501,'2c14404d6d61074b6d28',937,,1426,14,0,133 134,0
36501,'2f16807a52596335736c',1817,,1422,14,0,132 117,0,87,,1423,14,0,133 134,0
36501,'3823594e52252d7f6b14',919,,1428,14,0,132 117,0,810,,1427,14,0,132 117,0
36501,'3c550d10735a472e4755',721,,1433,14,0,135 25,0
36501,'484f0e366a041c114e35',937,,1432,14,0,133 134,0
36501,'59737b0d0f044b52693e',1737,,1431,14,0,133 134,0
