35701,'0d4e3278231744213640',1837,,1326,37,0,12 13 14,0
35701,'136e6b484c454e417465',1958,,446,37,0,12 13 14,0
35701,'1c2e3625233d01453772',1348,,1330,37,0,12 13 14,0,290,,1327,37,0,12 13 14,0,99,,1328,37,0,12 13 14,0,281,,1329,37,0,12 13 14,0
35701,'320823102b697f311363',858,,1331,37,0,12 13 14,0
35701,'332311354b01253e3615',907,,1332,37,0,12 18 19,0
35701,'3823594e52252d7f6b14',1958,,1333,37,0,12 13 14,0
35701,'3a4a044232474e33312b',1117,,449,37,0,15 16 17,0
35701,'3a511f30370a721b2433',858,,445,37,0,12 13 14,0
35701,'494a652c1e455e3d7c72',948,,1334,37,0,12 13 14,0,270,,1335,37,0,12 13 14,0
35701,'59445e7d50034e156e11',1832,,1336,37,0,12 13 14,0
35701,'59737b0d0f044b52693e',833,,1339,37,0,12 13 14,0,924,,1337,37,0,12 13 14,0,151,,1338,37,0,12 13 14,0
35701,'61121d2d1b1669750837',1117,,1340,37,0,12 13 14,0
35701,'634b592b186b573b6758',1117,,1341,37,0,15 16 17,0
35701,'69181125652d7e4d6a80',833,,452,37,0,12 13 14,0,385,,453,37,0,15 16 17,0,130,,463,37,0,12 13 14,0,290,,460,37,0,12 13 14,0,99,,461,37,0,12 13 14,0,20,,450,37,0,12 13 14,0,151,,451,37,0,12 13 14,0,110,,462,37,0,12 13 14,0
35701,'6d0c424c36686c087407',943,,1342,37,0,15 16 17,0
35701,'702c275e051204394d01',943,,448,37,0,15 16 17,0,889,,447,37,0,12 13 14,0
35701,'7c40501f37807a467b28',1218,,1343,37,0,15 16 17,0
35701,'7f443a14596255477616',846,,1347,37,0,12 18 19,0,956,,1344,37,0,12 13 14,0,35,,1345,37,0,12 13 14,0,79,,1346,37,0,12 13 14,0
