35601,'055e00325b240c7d4777',933,,407,31,0,15 16 17,0,803,,408,31,0,15 16 17,0
35601,'075f4276790e1e273655',1436,,1276,31,0,15 16 17,0
35601,'0a3c663a7d504d200835',1551,,1277,31,0,12 13 14,0
35601,'184134507f4517151633',846,,1279,31,0,12 13 14,0
35601,'1e386a27476c5b6e1461',656,,1301,31,0,12 13 14,0,195,,1306,31,0,12 13 14,0,875,,1302,31,0,12 13 14,0,80,,1303,31,0,12 13 14,0
35601,'1f5759673f12020b0a50',706,,1284,31,0,12 13 14,0
35601,'2943795d360756687162',1306,,1278,31,0,12 13 14,0
35601,'2a2423055d636f354b6d',1951,,1289,31,0,12 13 14,0
35601,'2f16807a52596335736c',1106,,1280,31,0,12 13 14,0,330,,1281,31,0,12 13 14,0,100,,1282,31,0,12 13 14,0,390,,1283,31,0,12 13 14,0
35601,'320823102b697f311363',1436,,1285,31,0,12 13 14,0
35601,'321e5f70685c1473436a',1846,,1287,31,0,12 13 14,0
35601,'332311354b01253e3615',921,,1286,31,0,12 13 14,0
35601,'59445e7d50034e156e11',1836,,1290,31,0,12 13 14,0
35601,'59737b0d0f044b52693e',706,,1293,31,0,12 13 14,0,1010,,1291,31,0,12 13 14,0,40,,1292,31,0,12 13 14,0
35601,'61121d2d1b1669750837',933,,1294,31,0,12 13 14,0,803,,1295,31,0,12 13 14,0
35601,'634b592b186b573b6758',933,,1296,31,0,15 16 17,0,803,,1297,31,0,15 16 17,0
35601,'6d0c424c36686c087407',851,,1299,31,0,15 16 17,0,455,,1298,31,0,15 16 17,0
35601,'71472061383531535e0f',1636,,1288,31,0,12 13 14,0
35601,'7c40501f37807a467b28',1636,,1300,31,0,15 16 17,0
