35100,'1e386a27476c5b6e1461',605,,1172,4,0,9 10 11,0,15,,1173,4,0,9 10 11,0
35100,'1f5759673f12020b0a50',750,,1159,4,0,9 10 11,0,375,,1160,4,0,9 10 11,0
35100,'2a2423055d636f354b6d',1035,,1168,4,0,9 10 11,0,265,,1166,4,0,9 10 11,0,110,,1167,4,0,9 10 11,0
35100,'3823594e52252d7f6b14',835,,1165,4,0,9 10 11,0,785,,1164,4,0,9 10 11,0
35100,'59737b0d0f044b52693e',1125,,1171,4,0,9 10 11,0
35500,'033e170961301f7a0308',720,,1649,4,0,9 26,0
35500,'055e00325b240c7d4777',835,,1220,4,0,9 10 11,0,715,,1219,4,0,9 10 11,0
35500,'126535785649426e467c',610,,1651,4,0,9 10 11,0
35500,'210a7c3e60384f725e7c',835,,1654,4,0,9 10 11,0,715,,1653,4,0,9 10 11,0
35500,'2530772d5b5960361a09',1225,,1224,4,0,9 26,0
35500,'4f67586f291357636e2f',1225,,1658,4,0,9 26,0
35500,'59737b0d0f044b52693e',635,,1660,4,0,9 10 11,0
35500,'723148100c272b183b65',720,,1218,4,0,9 26,0
35500,'7249395f521c57637d3d',625,,1227,4,0,9 10 11,0
37500,'1e386a27476c5b6e1461',727,,1464,3,0,23 24 18,0
37501,'1e7832711c690d2e452a',1815,,1467,11,0,28 29,0
37501,'31744f7e5638320a2d4c',1225,,1466,11,0,20 21 22,0
