34201,'02070559307629202a09',1744,,217,10,0,135 25,0
34201,'1c2e3625233d01453772',1254,,1091,9,0,135 25,0,575,,1092,9,0,135 25,0
34201,'2a08755845643968295b',1744,,218,10,0,135 25,0
34201,'2a5b3362091f52630354',1744,,219,10,0,135 25,0
34201,'4d7a6615443531084902',1254,,220,10,0,135 25,0,575,,221,10,0,135 25,0
34201,'4f0277002864772e6462',1739,,1093,9,0,135 25,0
34401,'0a2f1e22095132130163',1744,,229,10,0,132 117,0
34401,'20694715463639414353',1517,,1103,5,0,132 117,0
34401,'2b037649673f32451d0b',1258,,232,6,0,132 117,0
34401,'31744f7e5638320a2d4c',1254,,1104,9,0,132 117,0
34401,'532f7e634a3b56246321',1258,,1106,6,0,132 117,0
34401,'553d275f1455102c362a',1744,,1107,9,0,132 117,0
34401,'725616403949496a5c67',1254,,235,10,0,132 117,0
34401,'7f806225246b20094268',1517,,237,6,0,132 117,0
