35101,'136e6b484c454e417465',1022,,303,27,0,20 21 22,0
35101,'1f5759673f12020b0a50',1907,,1176,27,0,20 21 22,0
35101,'31744f7e5638320a2d4c',1359,,1177,27,0,20 21 22,0
35101,'3823594e52252d7f6b14',1022,,1178,27,0,20 21 22,0
35101,'3a511f30370a721b2433',1907,,302,27,0,20 21 22,0
35101,'4d5937526b3b473f041c',1822,,310,27,0,20 21 22,0
35101,'4f0277002864772e6462',937,,1179,27,0,20 21 22,0,380,,1180,27,0,20 21 22,0,190,,1181,27,0,20 21 22,0
35101,'702c275e051204394d01',937,,312,27,0,20 21 22,0,380,,313,27,0,20 21 22,0,190,,314,27,0,20 21 22,0
35101,'7a7c2673351c18595c18',1822,,1182,27,0,20 21 22,0
35101,'7f443a14596255477616',702,,1186,27,0,23 24 18,0,107,,1188,27,0,23 24 18,0,824,,1183,27,0,23 25,0,203,,1184,27,0,20 21 22,0,116,,1185,27,0,20 21 22,0
