37600,'02070559307629202a09',829,,698,14,0,7 8,0
37600,'0a2f1e22095132130163',1809,,699,23,0,7 8,0,50,,700,23,0,7 8,0
37600,'1c2e3625233d01453772',654,,1468,14,0,7 8,0,173,,1469,22,0,7 8,0,587,,1470,14,0,7 8,0,310,,1471,14,0,7 8,0
37600,'1f5759673f12020b0a50',829,,1472,14,0,7 8,0
37600,'31744f7e5638320a2d4c',1304,,1473,23,0,7 8,0
37600,'4d7a6615443531084902',654,,701,14,0,7 8,0,175,,702,23,0,7 8,0,585,,703,14,0,7 8,0,310,,704,14,0,7 8,0
37600,'4f0277002864772e6462',709,,1474,14,0,7 8,0,215,,1475,14,0,7 8,0,235,,1476,14,0,7 8,0
37600,'52166b36781a3037644c',709,,705,14,0,7 8,0,215,,706,14,0,7 8,0,235,,707,14,0,7 8,0
37600,'553d275f1455102c362a',1813,,1477,22,0,7 8,0,91,,1478,23,0,7 8,0
37600,'725616403949496a5c67',1304,,708,23,0,7 8,0
