36500,'0e5131610429337c0530',938,,1403,24,0,9 10 11,0
36500,'136e6b484c454e417465',1015,,640,38,0,9 10 11,0
36500,'1c2e3625233d01453772',700,,1404,38,0,9 10 11,0,38,,1406,23,0,9 10 11,0
36500,'1c486c5002601c4a534a',1717,,1407,23,0,9 10 11,0
36500,'1f5759673f12020b0a50',800,,1408,37,0,9 10 11,0
36500,'29297c5f5e5d53030d3f',1250,,651,37,0,9 10 11,0
36500,'2c14404d6d61074b6d28',1250,,1409,37,0,9 10 11,0
36500,'2d0d0c223c38203b5e0d',1250,,1410,38,0,9 10 11,0
36500,'31744f7e5638320a2d4c',1335,,1411,20,0,9 10 11,0
36500,'3823594e52252d7f6b14',1015,,1413,38,0,9 10 11,0,815,,1412,38,0,9 10 11,0
36500,'3a511f30370a721b2433',753,,638,37,0,9 10 11,0
36500,'3f1b5e487a23197b626f',1716,,650,23,0,9 10 11,0
36500,'494a652c1e455e3d7c72',645,,1414,23,0,9 10 11,0
36500,'4f0277002864772e6462',1825,,1415,38,0,9 10 11,0
36500,'553d275f1455102c362a',1715,,1416,24,0,9 10 11,0
36500,'554b630955771e7c2224',1825,,645,38,0,9 10 11,0
36500,'5d3f35696f0f295d693b',1250,,637,38,0,9 10 11,0
36500,'69181125652d7e4d6a80',700,,646,38,0,9 10 11,0,38,,648,23,0,9 10 11,0
36500,'791e712d420e14727657',941,,1417,25,0,9 10 11,0
36500,'7f443a14596255477616',806,,1419,38,0,9 10 11,0,618,,1418,38,0,9 10 11,0
