37301,'02070559307629202a09',1520,,687,27,0,143 45,0
37301,'1c2e3625233d01453772',941,,1457,27,0,143 45,0,890,,1458,27,0,143 45,0
37301,'1f5759673f12020b0a50',1520,,1459,27,0,143 45,0
37301,'2a5b3362091f52630354',1756,,688,27,0,143 45,0
37301,'31744f7e5638320a2d4c',1352,,1460,27,0,143 45,0
37301,'4d7a6615443531084902',941,,689,27,0,143 45,0,890,,690,27,0,143 45,0
37301,'4f0277002864772e6462',1910,,1461,27,0,143 45,0
37301,'52166b36781a3037644c',1910,,691,27,0,143 45,0
37301,'725616403949496a5c67',1352,,692,27,0,143 45,0
37301,'7f443a14596255477616',1756,,1462,27,0,143 45,0
