35101,'02070559307629202a09',1840,,302,6,0,20 21 22,0
35101,'1a20552b5a400f716a1b',954,,303,6,0,20 21 22,0
35101,'1f5759673f12020b0a50',1840,,1176,6,0,20 21 22,0
35101,'2a5b3362091f52630354',638,,307,6,0,23 24 18,0,99,,309,6,0,23 24 18,0,819,,304,6,0,23 25,0,245,,305,6,0,20 21 22,0,124,,306,6,0,20 21 22,0
35101,'2c295b0e5f4444502b59',1755,,310,6,0,20 21 22,0
35101,'31744f7e5638320a2d4c',1332,,1177,6,0,20 21 22,0
35101,'3823594e52252d7f6b14',954,,1178,6,0,20 21 22,0
35101,'4f0277002864772e6462',909,,1179,6,0,20 21 22,0,341,,1180,6,0,20 21 22,0,190,,1181,6,0,20 21 22,0
35101,'52166b36781a3037644c',909,,312,6,0,20 21 22,0,341,,313,6,0,20 21 22,0,190,,314,6,0,20 21 22,0
35101,'725616403949496a5c67',1332,,315,6,0,20 21 22,0
35101,'7a7c2673351c18595c18',1755,,1182,6,0,20 21 22,0
35101,'7f443a14596255477616',638,,1186,6,0,23 24 18,0,99,,1188,6,0,23 24 18,0,819,,1183,6,0,23 25,0,245,,1184,6,0,20 21 22,0,124,,1185,6,0,20 21 22,0
