30401,'1c2e3625233d01453772',718,,1033,5,0,46 47 48,0,30,,1034,5,0,46 47 48,0,70,,1035,5,0,46 47 48,0,30,,1036,5,0,46 47 48,0,70,,1037,5,0,46 47 48,0,721,,1038,5,0,46 47 48,0,70,,1039,5,0,46 47 48,0,30,,1040,5,0,46 47 48,0,70,,1029,5,0,46 47 48,0,30,,1030,5,0,46 47 48,0,70,,1031,5,0,46 47 48,0,30,,1032,5,0,46 47 48,0
30401,'553d275f1455102c362a',1754,,1041,5,0,46 47 48,0
35501,'033e170961301f7a0308',919,,1662,19,0,20 21 22,0,391,,1663,19,0,20 21 22,0,324,,1661,19,0,20 21 22,0
35501,'055e00325b240c7d4777',1059,,1235,21,0,20 21 22,0,755,,1234,21,0,20 21 22,0
35501,'126535785649426e467c',843,,1666,21,0,49 50,0,794,,1664,19,0,20 21 22,0,181,,1665,19,0,20 21 22,0
35501,'191b086669276f0a2c02',1312,,1239,19,0,20 21 22,0
35501,'210a7c3e60384f725e7c',1059,,1668,21,0,20 21 22,0,755,,1667,21,0,20 21 22,0
35501,'371d2f0f7337032c2b25',1317,,1233,19,0,20 21 22,0
35501,'3a3841530321505b7b18',1312,,1669,19,0,20 21 22,0
35501,'4f67586f291357636e2f',1427,,1672,19,4,,0,175,,1670,19,0,49 50,0,312,,1671,21,0,20 21 22,0
35501,'566406012b1e7e430018',1112,,1673,19,0,49 50,0
35501,'59737b0d0f044b52693e',1314,,1675,19,0,20 21 22,0,320,,1674,19,0,20 21 22,0
35501,'5d21673510580b5d6c6e',1317,,1676,19,0,20 21 22,0
35501,'5d5f40704724192d5825',843,,1244,21,0,49 50,0,269,,1229,19,0,49 50,0,525,,1242,19,0,20 21 22,0,176,,1243,19,0,20 21 22,0
35501,'723148100c272b183b65',919,,1231,19,0,20 21 22,0,391,,1232,19,0,20 21 22,0,324,,1230,19,0,20 21 22,0
35501,'7360781f782d14543c3f',1427,,1238,19,4,,0,175,,1236,19,0,49 50,0,312,,1237,21,0,20 21 22,0
