35101,'1f5759673f12020b0a50',1843,,1176,8,0,20 21 22,0
35101,'300d603a345a5010103b',913,,312,8,0,20 21 22,0,340,,313,8,0,20 21 22,0,190,,314,8,0,20 21 22,0
35101,'31744f7e5638320a2d4c',1335,,1177,8,0,20 21 22,0
35101,'3823594e52252d7f6b14',958,,1178,8,0,20 21 22,0
35101,'485f012a2c6b445e7a47',1758,,310,8,0,20 21 22,0
35101,'4f0277002864772e6462',913,,1179,8,0,20 21 22,0,340,,1180,8,0,20 21 22,0,190,,1181,8,0,20 21 22,0
35101,'5c112750394b6b07283a',1843,,302,8,0,20 21 22,0
35101,'75034b1d5a2e41380d0c',958,,303,8,0,20 21 22,0
35101,'7a7c2673351c18595c18',1758,,1182,8,0,20 21 22,0
35101,'7f443a14596255477616',640,,1186,8,0,23 24 18,0,102,,1188,8,0,23 24 18,0,817,,1183,8,0,23 25,0,246,,1184,8,0,20 21 22,0,123,,1185,8,0,20 21 22,0
