30100,'1e386a27476c5b6e1461',643,,944,1,0,9 26,0,58,,945,4,0,9 26,0,5,,946,4,0,9 26,0
30100,'2f16807a52596335736c',615,,938,4,0,9 26,0,30,,939,4,0,9 26,0,71,,940,4,0,9 26,0,30,,941,4,0,9 26,0,70,,942,4,0,9 26,0,27,,943,4,0,9 26,0,770,,932,4,0,9 26,0,30,,933,4,0,9 26,0,70,,934,4,0,9 26,0,30,,935,4,0,9 26,0,70,,936,4,0,9 26,0,30,,937,4,0,9 26,0
35100,'1e386a27476c5b6e1461',620,,1172,13,0,9 10 11,0,17,,1173,13,0,9 10 11,0
35100,'1e7832711c690d2e452a',1800,,1169,1,0,9 10 11,0
35100,'1f5759673f12020b0a50',805,,1159,13,0,9 10 11,0,333,,1160,13,0,9 10 11,0
35100,'2a2423055d636f354b6d',1050,,1168,13,0,9 10 11,0,267,,1166,13,0,9 10 11,0,110,,1167,13,0,9 10 11,0
35100,'31744f7e5638320a2d4c',1210,,1163,1,0,9 10 11,0
35100,'3823594e52252d7f6b14',850,,1165,13,0,9 10 11,0,784,,1164,13,0,9 10 11,0
35100,'59737b0d0f044b52693e',1138,,1171,13,0,9 10 11,0
35101,'1e386a27476c5b6e1461',731,,1186,40,0,23 24 18,0
37500,'1e386a27476c5b6e1461',742,,1463,17,0,23 24 18,0,2,,1464,13,0,23 24 18,0
