35700,'0a3c663a7d504d200835',1653,,1307,9,0,9 10 11,0
35700,'1a20552b5a400f716a1b',914,,428,9,0,9 10 11,0
35700,'1c2e3625233d01453772',623,,1309,9,0,9 10 11,0,390,,1310,9,0,9 10 11,0,500,,1308,9,0,9 10 11,0
35700,'220e7e723c71704c1463',653,,431,9,0,9 10 11,0,680,,429,13,0,9 10 11,0,395,,430,13,0,9 10 11,0
35700,'295d5e0567072f655d20',1800,,432,13,0,9 10 11,0
35700,'2a08755845643968295b',713,,433,9,0,9 10 11,0,20,,434,9,0,9 10 11,0
35700,'2a5b3362091f52630354',643,,437,9,0,9 10 11,0,61,,438,9,0,9 10 11,0,30,,439,9,0,9 10 11,0,599,,435,11,0,9 10 11,0,395,,436,9,0,9 10 11,0
35700,'320823102b697f311363',1333,,1311,9,0,9 10 11,0
35700,'3823594e52252d7f6b14',914,,1312,9,0,9 10 11,0
35700,'3f575e1f5f6d63575f07',643,,1313,9,0,9 10 11,0
35700,'416039027b4e59137846',1323,,1314,9,0,9 10 11,0
35700,'494a652c1e455e3d7c72',1333,,1315,11,0,9 10 11,0,395,,1316,9,0,9 10 11,0
35700,'4d7a6615443531084902',623,,441,9,0,9 10 11,0,390,,442,9,0,9 10 11,0,500,,440,9,0,9 10 11,0
35700,'59445e7d50034e156e11',643,,1317,9,0,9 10 11,0
35700,'59737b0d0f044b52693e',703,,1318,9,0,9 10 11,0,30,,1319,9,0,9 10 11,0
35700,'61121d2d1b1669750837',1800,,1320,9,0,9 10 11,0
35700,'634b592b186b573b6758',1800,,1321,13,0,9 10 11,0
35700,'693b6416011017175f3d',1323,,443,9,0,9 10 11,0,330,,444,9,0,9 10 11,0
35700,'6d0c424c36686c087407',1333,,1322,13,0,9 10 11,0,395,,1323,13,0,9 10 11,0
35700,'7f443a14596255477616',704,,1324,9,0,9 10 11,0,30,,1325,9,0,9 10 11,0
