34201,'1e386a27476c5b6e1461',1728,,1093,6,0,135 25,0
34201,'1f5759673f12020b0a50',1728,,1638,6,0,135 25,0
34201,'2f16807a52596335736c',1243,,1091,6,0,135 25,0,575,,1637,6,0,135 25,0
34201,'59737b0d0f044b52693e',1728,,1639,6,0,135 25,0
34401,'1e7832711c690d2e452a',1732,,1107,6,0,132 117,0
34401,'31744f7e5638320a2d4c',1243,,1104,6,0,132 117,0
34401,'7061714f794c79290d6c',1506,,1103,2,0,132 117,0
37900,'16096334352325192d1f',1434,,1503,21,0,65 66 67,0
37900,'1e386a27476c5b6e1461',740,,1508,21,0,65 66 67,0,5,,1509,25,0,65 66 67,0
37900,'1f5759673f12020b0a50',849,,1504,21,0,65 66 67,0
37900,'59737b0d0f044b52693e',849,,1506,21,0,65 66 67,0
37901,'16096334352325192d1f',1215,,1510,1,0,126 47 48,0
37901,'1e7832711c690d2e452a',1700,,1516,1,0,114 115,0
37901,'2a2423055d636f354b6d',1700,,1513,1,0,126 47 48,0
37901,'31744f7e5638320a2d4c',1215,,1512,1,0,114 115,0
39101,'1e386a27476c5b6e1461',1732,,1587,6,,,0
39101,'1e7832711c690d2e452a',1718,,1585,3,,,0
39101,'31744f7e5638320a2d4c',1238,,1583,3,,,0
39101,'59737b0d0f044b52693e',1733,,1586,6,,,0
39101,'7061714f794c79290d6c',1245,,1582,6,,,0
39200,'2c5f74455e25454d432d',739,,1591,10,0,165,0
39200,'35315f0c7e2102062569',1723,,1588,10,0,165,0
39200,'3a3f4e3d72733e4d2177',1723,,1592,9,0,165,0
39201,'2c5f74455e25454d432d',739,,1594,3,0,164,0,984,,1595,3,0,164,0
39201,'35315f0c7e2102062569',1235,,1593,3,0,164,0
39301,'1e7832711c690d2e452a',1718,,1601,3,0,168,0
39301,'31744f7e5638320a2d4c',1233,,1599,3,0,168,0
39700,'16096334352325192d1f',1443,,1622,15,,,0
39700,'1e386a27476c5b6e1461',741,,1627,15,,,0
39700,'1e7832711c690d2e452a',1638,,1625,9,,,0
39701,'16096334352325192d1f',1215,,1628,1,,,0
39701,'1e386a27476c5b6e1461',805,,1632,1,,,0,895,,1633,1,,,0
39801,'1e7832711c690d2e452a',1724,,1636,3,,,0
39801,'31744f7e5638320a2d4c',1233,,1635,3,,,0
