36501,'0e5131610429337c0530',726,,1420,16,0,135 25,0,116,,1421,16,0,166 32,0
36501,'1e386a27476c5b6e1461',643,,1436,16,0,132 117,0,998,,1434,16,0,132 117,0,110,,1435,16,0,133 134,0
36501,'1f5759673f12020b0a50',1829,,1425,16,0,132 117,0
36501,'2a2423055d636f354b6d',1305,,1429,16,0,132 117,0,142,,1430,16,0,132 117,0
36501,'2c14404d6d61074b6d28',942,,1426,16,0,133 134,0
36501,'2f16807a52596335736c',1823,,1422,16,0,132 117,0,87,,1423,16,0,133 134,0
36501,'3823594e52252d7f6b14',925,,1428,16,0,132 117,0,809,,1427,16,0,132 117,0
36501,'3c550d10735a472e4755',726,,1433,16,0,135 25,0
36501,'484f0e366a041c114e35',942,,1432,16,0,133 134,0
36501,'59737b0d0f044b52693e',1744,,1431,16,0,133 134,0
