35600,'220e7e723c71704c1463',1428,,378,4,0,9 2 10 11,0,330,,379,4,0,9 2 10 11,0
35600,'295d5e0567072f655d20',1043,,381,4,0,9 2 10 11,0,800,,382,4,0,9 2 10 11,0
35600,'693b6416011017175f3d',1543,,395,2,0,9 2 10 11,0,10,,396,2,0,9 2 10 11,0,100,,397,2,0,9 2 10 11,0
35700,'220e7e723c71704c1463',1318,,429,4,0,9 2 10 11,0,395,,430,4,0,9 2 10 11,0
35700,'295d5e0567072f655d20',1743,,432,4,0,9 2 10 11,0
35700,'2a5b3362091f52630354',1315,,435,2,0,9 2 10 11,0
35701,'02070559307629202a09',919,,445,49,0,12 2 13 14,0
35701,'1a20552b5a400f716a1b',2019,,446,49,0,12 2 13 14,0
35701,'220e7e723c71704c1463',1003,,448,49,0,15 2 16 17,0,851,,447,49,0,12 2 13 14,0
35701,'295d5e0567072f655d20',1134,,449,49,0,15 2 16 17,0
35701,'2a08755845643968295b',854,,452,49,0,12 2 13 14,0,383,,453,49,0,15 2 16 17,0,582,,450,49,0,12 2 13 14,0,110,,451,49,0,12 2 13 14,0
35701,'2a5b3362091f52630354',907,,457,49,0,12 2 18 19,0,101,,458,49,0,12 2 13 14,0,229,,459,49,0,12 2 13 14,0,587,,454,49,0,12 2 13 14,0,84,,455,49,0,12 2 13 14,0,30,,456,49,0,12 2 13 14,0
35701,'4d7a6615443531084902',1409,,463,49,0,12 2 13 14,0,250,,460,49,0,12 2 13 14,0,100,,461,49,0,12 2 13 14,0,280,,462,49,0,12 2 13 14,0
