35601,'055e00325b240c7d4777',947,,407,43,0,15 16 17,0,802,,408,43,0,15 16 17,0
35601,'075f4276790e1e273655',1449,,1276,43,0,15 16 17,0
35601,'0a3c663a7d504d200835',1604,,1277,43,0,12 13 14,0
35601,'184134507f4517151633',859,,1279,43,0,12 13 14,0
35601,'1e386a27476c5b6e1461',709,,1304,4,0,12 13 14,0,196,,1306,43,0,12 13 14,0,834,,1302,43,0,12 13 14,0,80,,1303,43,0,12 13 14,0
35601,'1f5759673f12020b0a50',719,,1284,43,0,12 13 14,0
35601,'2943795d360756687162',1319,,1278,43,0,12 13 14,0
35601,'2a2423055d636f354b6d',2004,,1289,43,0,12 13 14,0
35601,'2f16807a52596335736c',1119,,1280,43,0,12 13 14,0,330,,1281,43,0,12 13 14,0,100,,1282,43,0,12 13 14,0,390,,1283,43,0,12 13 14,0
35601,'320823102b697f311363',1449,,1285,43,0,12 13 14,0
35601,'321e5f70685c1473436a',1859,,1287,43,0,12 13 14,0
35601,'332311354b01253e3615',934,,1286,43,0,12 13 14,0
35601,'59445e7d50034e156e11',1849,,1290,43,0,12 13 14,0
35601,'59737b0d0f044b52693e',719,,1293,43,0,12 13 14,0,1010,,1291,43,0,12 13 14,0,80,,1292,43,0,12 13 14,0
35601,'61121d2d1b1669750837',947,,1294,43,0,12 13 14,0,802,,1295,43,0,12 13 14,0
35601,'634b592b186b573b6758',947,,1296,43,0,15 16 17,0,802,,1297,43,0,15 16 17,0
35601,'6d0c424c36686c087407',904,,1299,43,0,15 16 17,0,415,,1298,43,0,15 16 17,0
35601,'71472061383531535e0f',1649,,1288,43,0,12 13 14,0
35601,'7c40501f37807a467b28',1649,,1300,43,0,15 16 17,0
