32401,'2c5f74455e25454d432d',1325,,1082,4,0,90 25,0
32401,'3f242a2f47502e255740',1850,,158,4,0,90 25,0
36001,'114a44065a5209536517',815,,549,4,0,53 21 54,0,615,,550,4,0,53 21 54,0
36001,'3f242a2f47502e255740',1655,,545,4,0,53 21 54,0,100,,546,4,0,53 21 54,0,245,,547,4,0,53 21 54,0
36001,'3f4d67570e29103a1e70',1115,,538,4,0,127 25,0,805,,539,4,0,127 25,0
36001,'79634f716a31375a174a',1920,,548,4,0,53 21 54,0
36301,'1e386a27476c5b6e1461',1400,,1401,30,0,31 32,0
36301,'2a2423055d636f354b6d',1937,,1400,30,0,31 32,0
36401,'114a44065a5209536517',1227,,635,4,0,31 32,0,603,,636,4,0,31 32,0
36401,'3f242a2f47502e255740',820,,631,4,0,31 32,0,100,,632,4,0,31 32,0,810,,633,4,0,31 32,0,200,,634,4,0,31 32,0
36401,'3f4d67570e29103a1e70',1750,,620,4,0,31 32,0
36401,'4a0603184e160563480a',1027,,621,4,0,31 32,0,593,,622,4,0,31 32,0
