31801,'2a2423055d636f354b6d',1750,,1072,9,0,74 21,0
31801,'2f16807a52596335736c',1305,,1070,9,0,74 21,0,531,,1071,9,0,74 21,0
31901,'2a2423055d636f354b6d',1755,,1080,9,0,69 70 71,0
31901,'2f16807a52596335736c',1402,,1077,9,0,69 70 71,0,219,,1078,9,0,69 70 71,0,207,,1079,9,0,69 70 71,0
35801,'1e386a27476c5b6e1461',1804,,1367,15,0,91 92,0
35801,'1f5759673f12020b0a50',1430,,1360,15,0,91 92,0,410,,1361,15,0,91 92,0
35801,'2a2423055d636f354b6d',930,,1365,15,0,91 92,0,808,,1366,15,0,93 94 95,0
35801,'2f16807a52596335736c',1844,,1359,15,0,91 92,0
35801,'3823594e52252d7f6b14',1021,,1362,15,0,91 92,0,810,,1363,15,0,91 92,0
35801,'71472061383531535e0f',1314,,1364,15,0,91 92,0
