36200,'1c2e3625233d01453772',721,,1374,21,0,9 10 11,0,112,,1375,21,0,9 10 11,0,380,,1376,21,0,9 10 11,0,594,,1373,20,0,9 10 11,0
36200,'1f5759673f12020b0a50',952,,1377,20,0,9 10 11,0,261,,1378,20,0,9 10 11,0
36200,'49363c5c560d0d713513',952,,573,20,0,9 10 11,0,261,,574,20,0,9 10 11,0
36200,'5f3a5d635165645c1e2c',721,,580,21,0,9 10 11,0,112,,581,21,0,9 10 11,0,380,,582,21,0,9 10 11,0,594,,579,20,0,9 10 11,0
36200,'7f443a14596255477616',759,,1379,20,0,9 10 11,0,193,,1380,20,0,9 10 11,0,651,,1381,16,0,9 10 11,0,102,,1382,20,0,9 10 11,0
36900,'1c2e3625233d01453772',750,,1437,23,0,9 10 11,0,165,,1438,22,0,9 10 11,0
36900,'1f5759673f12020b0a50',1105,,1439,23,0,9 10 11,0
36900,'234b7b49036429447908',948,,668,22,0,9 10 11,0,784,,669,22,0,9 10 11,0
36900,'3823594e52252d7f6b14',948,,1440,22,0,9 10 11,0,784,,1441,22,0,9 10 11,0
36900,'494a652c1e455e3d7c72',715,,1442,22,0,9 10 11,0
36900,'6040541177277b305128',1105,,667,23,0,9 10 11,0
36900,'7c467f34432c12343121',750,,671,23,0,9 10 11,0,165,,672,22,0,9 10 11,0
37300,'1c2e3625233d01453772',740,,1451,27,0,9 10 11,0,888,,1452,27,0,9 10 11,0
37300,'1f5759673f12020b0a50',859,,1453,27,0,9 10 11,0
37300,'49363c5c560d0d713513',859,,681,27,0,9 10 11,0
37300,'4f0277002864772e6462',1334,,1454,27,0,9 10 11,0
37300,'5e7c480b705d7d2d5e1b',1334,,686,27,0,9 10 11,0
37300,'5f3a5d635165645c1e2c',740,,684,27,0,9 10 11,0,888,,685,27,0,9 10 11,0
37300,'7f443a14596255477616',809,,1455,27,0,9 10 11,0,50,,1456,27,0,9 10 11,0
