34200,'1c2e3625233d01453772',756,,1087,11,0,65 18 140,0
34200,'29672110360e7e074d18',756,,215,11,0,65 18 140,0
34200,'3c0b47661a465f176d35',1406,,216,11,0,65 18 140,0
34200,'4f0277002864772e6462',1406,,1088,11,0,65 18 140,0
34200,'59737b0d0f044b52693e',721,,1089,11,0,65 18 140,0
34200,'5a622e2f735638475e4f',721,,213,11,0,65 18 140,0
34200,'7f443a14596255477616',716,,1090,10,0,65 18 140,0
34400,'20694715463639414353',914,,1095,8,0,65 66 67,0
34400,'532f7e634a3b56246321',904,,1097,8,0,65 66 67,0
34400,'676b397c2e462b34407c',914,,227,8,0,65 66 67,0
34400,'7e34765c21213e5c0e4e',904,,224,8,0,65 66 67,0
34400,'7f443a14596255477616',718,,1099,8,0,65 18 140,0
