36501,'0e5131610429337c0530',740,,1420,21,0,135 25,0,116,,1421,21,0,166 32,0
36501,'1e386a27476c5b6e1461',657,,1436,21,0,132 117,0,998,,1434,21,0,132 117,0,153,,1435,21,0,133 134,0
36501,'1f5759673f12020b0a50',1843,,1425,21,0,132 117,0
36501,'2a2423055d636f354b6d',1319,,1429,21,0,132 117,0,182,,1430,21,0,132 117,0
36501,'2c14404d6d61074b6d28',956,,1426,21,0,133 134,0
36501,'2f16807a52596335736c',1838,,1422,21,0,132 117,0,85,,1423,21,0,133 134,0
36501,'3823594e52252d7f6b14',939,,1428,21,0,132 117,0,809,,1427,21,0,132 117,0
36501,'3c550d10735a472e4755',740,,1433,21,0,135 25,0
36501,'484f0e366a041c114e35',956,,1432,21,0,133 134,0
36501,'59737b0d0f044b52693e',1759,,1431,21,0,133 134,0
