36500,'0e5131610429337c0530',937,,1403,23,0,9 10 11,0
36500,'1c486c5002601c4a534a',1716,,1407,22,0,9 10 11,0
36500,'1e386a27476c5b6e1461',805,,1419,37,0,9 10 11,0,617,,1418,37,0,9 10 11,0
36500,'1e7832711c690d2e452a',1713,,1416,23,0,9 10 11,0
36500,'1f5759673f12020b0a50',759,,1408,36,0,9 10 11,0
36500,'2a2423055d636f354b6d',1824,,1415,37,0,9 10 11,0
36500,'2c14404d6d61074b6d28',1248,,1409,36,0,9 10 11,0
36500,'2f16807a52596335736c',659,,1404,37,0,9 10 11,0,78,,1406,22,0,9 10 11,0
36500,'2f6b6069415f08614303',1248,,1410,37,0,9 10 11,0
36500,'31744f7e5638320a2d4c',1333,,1411,19,0,9 10 11,0
36500,'3823594e52252d7f6b14',1014,,1413,37,0,9 10 11,0,815,,1412,37,0,9 10 11,0
36500,'3c550d10735a472e4755',940,,1417,24,0,9 10 11,0
36500,'71472061383531535e0f',644,,1414,22,0,9 10 11,0
