37600,'02070559307629202a09',820,,698,5,0,7 8,0
37600,'0a2f1e22095132130163',1800,,699,14,0,7 8,0,50,,700,14,0,7 8,0
37600,'1c2e3625233d01453772',645,,1468,5,0,7 8,0,173,,1469,13,0,7 8,0,587,,1470,5,0,7 8,0,310,,1471,5,0,7 8,0
37600,'1f5759673f12020b0a50',820,,1472,5,0,7 8,0
37600,'31744f7e5638320a2d4c',1255,,1473,14,0,7 8,0
37600,'4d7a6615443531084902',645,,701,5,0,7 8,0,175,,702,14,0,7 8,0,585,,703,5,0,7 8,0,310,,704,5,0,7 8,0
37600,'4f0277002864772e6462',700,,1474,5,0,7 8,0,215,,1475,5,0,7 8,0,235,,1476,5,0,7 8,0
37600,'52166b36781a3037644c',700,,705,5,0,7 8,0,215,,706,5,0,7 8,0,235,,707,5,0,7 8,0
37600,'553d275f1455102c362a',1804,,1477,13,0,7 8,0,51,,1478,14,0,7 8,0
37600,'725616403949496a5c67',1255,,708,14,0,7 8,0
