35700,'055e00325b240c7d4777',1756,,432,11,0,9 10 11,0
35700,'0a3c663a7d504d200835',1650,,1307,7,0,9 10 11,0
35700,'1e386a27476c5b6e1461',701,,1324,7,0,9 10 11,0,30,,1325,7,0,9 10 11,0
35700,'2f16807a52596335736c',620,,1309,7,0,9 10 11,0,390,,1310,7,0,9 10 11,0,500,,1308,7,0,9 10 11,0
35700,'320823102b697f311363',1330,,1311,7,0,9 10 11,0
35700,'321e5f70685c1473436a',640,,1313,7,0,9 10 11,0
35700,'3823594e52252d7f6b14',911,,1312,7,0,9 10 11,0
35700,'416039027b4e59137846',1320,,1314,7,0,9 10 11,0
35700,'59445e7d50034e156e11',640,,1317,7,0,9 10 11,0
35700,'59737b0d0f044b52693e',700,,1318,7,0,9 10 11,0,30,,1319,7,0,9 10 11,0
35700,'61121d2d1b1669750837',1756,,1320,7,0,9 10 11,0
35700,'634b592b186b573b6758',1756,,1321,11,0,9 10 11,0
35700,'6d0c424c36686c087407',1330,,1322,11,0,9 10 11,0,395,,1323,11,0,9 10 11,0
35700,'71472061383531535e0f',1330,,1315,9,0,9 10 11,0,395,,1316,7,0,9 10 11,0
