35600,'055e00325b240c7d4777',1125,,381,41,0,9 10 11,0,800,,382,41,0,9 10 11,0
35600,'0a3c663a7d504d200835',1620,,1245,38,0,9 10 11,0,15,,1246,39,0,9 10 11,0
35600,'0d7c5c285a59412d315b',1825,,1247,37,0,9 10 11,0
35600,'112a0b7f332a564f1678',1300,,1248,37,0,9 10 11,0
35600,'1a223768176411647430',1830,,1250,37,0,9 10 11,0
35600,'1e386a27476c5b6e1461',700,,1273,37,0,9 10 11,0,46,,1274,37,0,9 10 11,0,70,,1275,37,0,9 10 11,0,919,,1271,38,0,9 10 11,0,174,,1272,38,0,9 10 11,0
35600,'1e7832711c690d2e452a',1830,,1257,38,0,9 10 11,0,5,,1258,38,0,9 10 11,0
35600,'1f5759673f12020b0a50',700,,1253,37,0,9 10 11,0
35600,'2943795d360756687162',1510,,1249,37,0,9 10 11,0
35600,'2a2423055d636f354b6d',900,,1256,37,0,9 10 11,0
35600,'2a6804265d6c7a6d704c',1300,,1268,37,0,9 10 11,0
35600,'2f16807a52596335736c',640,,1252,37,0,9 10 11,0,360,,1251,37,0,9 10 11,0
35600,'31744f7e5638320a2d4c',1300,,1254,38,0,9 10 11,0,5,,1255,38,0,9 10 11,0
35600,'56061576073054406d39',1830,,1259,37,0,9 10 11,0
35600,'59737b0d0f044b52693e',700,,1261,37,0,9 10 11,0,40,,1262,37,0,9 10 11,0,70,,1263,37,0,9 10 11,0,920,,1260,37,0,9 10 11,0
35600,'61121d2d1b1669750837',1125,,1264,37,0,9 10 11,0,800,,1265,37,0,9 10 11,0
35600,'634b592b186b573b6758',1125,,1266,41,0,9 10 11,0,800,,1267,41,0,9 10 11,0
35600,'6d0c424c36686c087407',1510,,1269,41,0,9 10 11,0,320,,1270,41,0,9 10 11,0
