37301,'02070559307629202a09',1537,,687,34,0,143 45,0
37301,'1c2e3625233d01453772',958,,1457,34,0,143 45,0,891,,1458,34,0,143 45,0
37301,'1f5759673f12020b0a50',1537,,1459,34,0,143 45,0
37301,'2a5b3362091f52630354',1814,,688,34,0,143 45,0
37301,'31744f7e5638320a2d4c',1409,,1460,34,0,143 45,0
37301,'4d7a6615443531084902',958,,689,34,0,143 45,0,891,,690,34,0,143 45,0
37301,'4f0277002864772e6462',1926,,1461,34,0,143 45,0
37301,'52166b36781a3037644c',1926,,691,34,0,143 45,0
37301,'725616403949496a5c67',1409,,692,34,0,143 45,0
37301,'7f443a14596255477616',1814,,1462,34,0,143 45,0
