35000,'02070559307629202a09',846,,238,35,0,9 35 36 37 38,0
35000,'1c2e3625233d01453772',658,,1114,33,0,9 35 36 37 38,0,80,,1115,39,0,9 35 36 37 38,0,175,,1112,39,0,9 35 36 37 38,0,645,,1113,33,0,9 35 36 37 38,0
35000,'1f5759673f12020b0a50',846,,1117,35,0,9 35 36 37 38,0
35000,'2a08755845643968295b',818,,243,33,0,9 35 36 37 38,0
35000,'2a5b3362091f52630354',633,,244,33,0,9 35 36 37 38,0,90,,245,33,0,9 35 36 37 38,0,94,,248,34,0,9 35 36 37 38,0
35000,'4d7a6615443531084902',658,,254,33,0,9 35 36 37 38,0,80,,255,39,0,9 35 36 37 38,0,175,,250,39,0,9 35 36 37 38,0,645,,252,33,0,9 35 36 37 38,0
35000,'59737b0d0f044b52693e',818,,1127,33,0,9 35 36 37 38,0
35000,'7f443a14596255477616',633,,1128,33,0,9 35 36 37 38,0,90,,1129,33,0,9 35 36 37 38,0,94,,1132,34,0,9 35 36 37 38,0
38300,'02070559307629202a09',735,,762,21,0,9 35 36 37 38,0
38300,'1c2e3625233d01453772',830,,1529,7,0,9 35 36 37 38,0,596,,1530,21,0,9 35 36 37 38,0
38300,'1f5759673f12020b0a50',735,,1531,21,0,9 35 36 37 38,0
38300,'2a08755845643968295b',735,,763,21,0,9 35 36 37 38,0
38300,'2a5b3362091f52630354',701,,764,7,0,9 35 36 37 38,0,25,,765,21,0,9 35 36 37 38,0,1004,,766,7,0,9 35 36 37 38,0
38300,'494a652c1e455e3d7c72',1730,,1532,7,0,9 35 36 37 38,0
38300,'4d7a6615443531084902',830,,767,7,0,9 35 36 37 38,0,596,,768,21,0,9 35 36 37 38,0
38300,'59737b0d0f044b52693e',735,,1533,21,0,9 35 36 37 38,0
38300,'7f443a14596255477616',701,,1534,7,0,9 35 36 37 38,0,25,,1535,21,0,9 35 36 37 38,0
