35701,'055e00325b240c7d4777',1053,,449,17,0,15 16 17,0
35701,'0d4e3278231744213640',1811,,1326,17,0,12 13 14,0
35701,'1c2e3625233d01453772',1326,,1330,17,0,12 13 14,0,290,,1327,17,0,12 13 14,0,95,,1328,17,0,12 13 14,0,245,,1329,17,0,12 13 14,0
35701,'320823102b697f311363',837,,1331,17,0,12 13 14,0
35701,'332311354b01253e3615',841,,1332,17,0,12 18 19,0
35701,'3823594e52252d7f6b14',1938,,1333,17,0,12 13 14,0
35701,'494a652c1e455e3d7c72',926,,1334,17,0,12 13 14,0,230,,1335,17,0,12 13 14,0
35701,'59445e7d50034e156e11',1806,,1336,17,0,12 13 14,0
35701,'59737b0d0f044b52693e',811,,1339,17,0,12 13 14,0,919,,1337,17,0,12 13 14,0,116,,1338,17,0,12 13 14,0
35701,'61121d2d1b1669750837',1053,,1340,17,0,12 13 14,0
35701,'634b592b186b573b6758',1053,,1341,17,0,15 16 17,0
35701,'6d0c424c36686c087407',923,,1342,17,0,15 16 17,0
35701,'7c40501f37807a467b28',1156,,1343,17,0,15 16 17,0
35701,'7f443a14596255477616',821,,1347,17,0,12 18 19,0,915,,1344,17,0,12 13 14,0,75,,1345,17,0,12 13 14,0,41,,1346,17,0,12 13 14,0
