35601,'055e00325b240c7d4777',930,,407,28,0,15 16 17,0,803,,408,28,0,15 16 17,0
35601,'075f4276790e1e273655',1433,,1276,28,0,15 16 17,0
35601,'0a3c663a7d504d200835',1548,,1277,28,0,12 13 14,0
35601,'184134507f4517151633',843,,1279,28,0,12 13 14,0
35601,'1e386a27476c5b6e1461',653,,1301,28,0,12 13 14,0,196,,1306,28,0,12 13 14,0,874,,1302,28,0,12 13 14,0,80,,1303,28,0,12 13 14,0
35601,'1f5759673f12020b0a50',703,,1284,28,0,12 13 14,0
35601,'2943795d360756687162',1303,,1278,28,0,12 13 14,0
35601,'2a2423055d636f354b6d',1948,,1289,28,0,12 13 14,0
35601,'2f16807a52596335736c',1103,,1280,28,0,12 13 14,0,330,,1281,28,0,12 13 14,0,100,,1282,28,0,12 13 14,0,390,,1283,28,0,12 13 14,0
35601,'320823102b697f311363',1433,,1285,28,0,12 13 14,0
35601,'321e5f70685c1473436a',1843,,1287,28,0,12 13 14,0
35601,'332311354b01253e3615',918,,1286,28,0,12 13 14,0
35601,'59445e7d50034e156e11',1833,,1290,28,0,12 13 14,0
35601,'59737b0d0f044b52693e',703,,1293,28,0,12 13 14,0,1010,,1291,28,0,12 13 14,0,40,,1292,28,0,12 13 14,0
35601,'61121d2d1b1669750837',930,,1294,28,0,12 13 14,0,803,,1295,28,0,12 13 14,0
35601,'634b592b186b573b6758',930,,1296,28,0,15 16 17,0,803,,1297,28,0,15 16 17,0
35601,'6d0c424c36686c087407',848,,1299,28,0,15 16 17,0,455,,1298,28,0,15 16 17,0
35601,'71472061383531535e0f',1633,,1288,28,0,12 13 14,0
35601,'7c40501f37807a467b28',1633,,1300,28,0,15 16 17,0
