35701,'02070559307629202a09',847,,445,25,0,12 13 14,0
35701,'0d4e3278231744213640',1825,,1326,25,0,12 13 14,0
35701,'1a20552b5a400f716a1b',1947,,446,25,0,12 13 14,0
35701,'1c2e3625233d01453772',1337,,1330,25,0,12 13 14,0,290,,1327,25,0,12 13 14,0,98,,1328,25,0,12 13 14,0,282,,1329,25,0,12 13 14,0
35701,'220e7e723c71704c1463',932,,448,25,0,15 16 17,0,888,,447,25,0,12 13 14,0
35701,'295d5e0567072f655d20',1105,,449,25,0,15 16 17,0
35701,'2a08755845643968295b',822,,452,25,0,12 13 14,0,385,,453,25,0,15 16 17,0,538,,450,25,0,12 13 14,0,112,,451,25,0,12 13 14,0
35701,'2a5b3362091f52630354',832,,457,25,0,12 18 19,0,105,,458,25,0,12 13 14,0,270,,459,25,0,12 13 14,0,543,,454,25,0,12 13 14,0,75,,455,25,0,12 13 14,0,79,,456,25,0,12 13 14,0
35701,'320823102b697f311363',847,,1331,25,0,12 13 14,0
35701,'332311354b01253e3615',855,,1332,25,0,12 18 19,0
35701,'3823594e52252d7f6b14',1947,,1333,25,0,12 13 14,0
35701,'494a652c1e455e3d7c72',937,,1334,25,0,12 13 14,0,270,,1335,25,0,12 13 14,0
35701,'4d7a6615443531084902',1337,,463,25,0,12 13 14,0,290,,460,25,0,12 13 14,0,98,,461,25,0,12 13 14,0,282,,462,25,0,12 13 14,0
35701,'59445e7d50034e156e11',1820,,1336,25,0,12 13 14,0
35701,'59737b0d0f044b52693e',822,,1339,25,0,12 13 14,0,923,,1337,25,0,12 13 14,0,112,,1338,25,0,12 13 14,0
35701,'61121d2d1b1669750837',1105,,1340,25,0,12 13 14,0
35701,'634b592b186b573b6758',1105,,1341,25,0,15 16 17,0
35701,'6d0c424c36686c087407',932,,1342,25,0,15 16 17,0
35701,'7c40501f37807a467b28',1207,,1343,25,0,15 16 17,0
35701,'7f443a14596255477616',832,,1347,25,0,12 18 19,0,918,,1344,25,0,12 13 14,0,75,,1345,25,0,12 13 14,0,79,,1346,25,0,12 13 14,0
