36300,'02070559307629202a09',1304,,593,18,0,9 10 11,0
36300,'1c2e3625233d01453772',724,,1393,18,0,9 10 11,0
36300,'1f5759673f12020b0a50',1311,,1394,18,0,9 10 11,0
36300,'296b622873433b653522',1304,,594,18,0,9 10 11,0
36300,'2a08755845643968295b',1734,,595,15,0,9 10 11,0
36300,'2a5b3362091f52630354',649,,596,18,0,9 10 11,0,285,,597,15,0,9 10 11,0
36300,'44487e3c3e7f21570e19',1311,,1395,18,0,9 10 11,0
36300,'4d7a6615443531084902',724,,598,18,0,9 10 11,0
36300,'59737b0d0f044b52693e',1737,,1396,15,0,9 10 11,0
36300,'7f443a14596255477616',651,,1397,18,0,9 10 11,0,286,,1398,15,0,9 10 11,0
