32601,'2a5b3362091f52630354',1822,,186,11,0,78 45,0,95,,187,11,0,78 45,0
32601,'35315f0c7e2102062569',1246,,1084,11,0,78 45,0,113,,1085,8,0,78 45,0
32601,'3c046c2a04663d195765',1917,,188,11,0,78 45,0
32601,'4e3f30715c2160755238',1822,,1086,11,0,78 45,0
32601,'725616403949496a5c67',1246,,189,11,0,78 45,0,113,,190,8,0,78 45,0
36201,'02070559307629202a09',1722,,584,27,0,87 88,0,229,,583,27,0,87 88,0
36201,'1c2e3625233d01453772',1355,,1383,27,0,87 89,0,401,,1385,27,0,87 89,0,100,,1386,27,0,87 88,0,95,,1387,27,0,87 89,0
36201,'1f5759673f12020b0a50',1722,,1389,27,0,87 88,0,229,,1388,27,0,87 88,0
36201,'2a5b3362091f52630354',955,,585,27,0,87 88,0,872,,587,27,0,87 88,0
36201,'4d7a6615443531084902',1355,,588,27,0,87 89,0,401,,590,27,0,87 89,0,100,,591,27,0,87 88,0,95,,592,27,0,87 89,0
36201,'7f443a14596255477616',955,,1390,27,0,87 88,0,872,,1392,27,0,87 88,0
