35801,'02070559307629202a09',1503,,475,39,0,91 92,0,413,,476,39,0,91 92,0
35801,'1a20552b5a400f716a1b',1051,,477,39,0,91 92,0,850,,478,39,0,91 92,0
35801,'1c2e3625233d01453772',1922,,1359,39,0,91 92,0
35801,'1f5759673f12020b0a50',1503,,1360,39,0,91 92,0,413,,1361,39,0,91 92,0
35801,'2a5b3362091f52630354',1348,,479,39,0,91 92,0,499,,480,39,0,91 92,0
35801,'3823594e52252d7f6b14',1051,,1362,39,0,91 92,0,850,,1363,39,0,91 92,0
35801,'494a652c1e455e3d7c72',1348,,1364,39,0,91 92,0
35801,'4d7a6615443531084902',1922,,481,39,0,91 92,0
35801,'4f0277002864772e6462',1004,,1365,39,0,91 92,0,818,,1366,39,0,93 94 95,0
35801,'52166b36781a3037644c',1004,,482,39,0,91 92,0,818,,483,39,0,93 94 95,0
35801,'7f443a14596255477616',1847,,1367,39,0,91 92,0
