35101,'02070559307629202a09',1913,,302,32,0,20 21 22,0
35101,'1a20552b5a400f716a1b',1028,,303,32,0,20 21 22,0
35101,'1f5759673f12020b0a50',1913,,1176,32,0,20 21 22,0
35101,'2a5b3362091f52630354',709,,308,32,0,23 24 18,0,3,,307,33,0,23 24 18,0,107,,309,33,0,23 24 18,0,821,,304,32,0,23 25,0,205,,305,33,0,20 21 22,0,113,,306,32,0,20 21 22,0
35101,'2c295b0e5f4444502b59',1828,,310,32,0,20 21 22,0
35101,'31744f7e5638320a2d4c',1408,,1177,33,0,20 21 22,0
35101,'3823594e52252d7f6b14',1028,,1178,32,0,20 21 22,0
35101,'4f0277002864772e6462',943,,1179,32,0,20 21 22,0,380,,1180,32,0,20 21 22,0,191,,1181,32,0,20 21 22,0
35101,'52166b36781a3037644c',943,,312,32,0,20 21 22,0,380,,313,32,0,20 21 22,0,191,,314,32,0,20 21 22,0
35101,'725616403949496a5c67',1408,,315,33,0,20 21 22,0
35101,'7a7c2673351c18595c18',1828,,1182,32,0,20 21 22,0
35101,'7f443a14596255477616',709,,1187,32,0,23 24 18,0,3,,1186,33,0,23 24 18,0,107,,1188,33,0,23 24 18,0,821,,1183,32,0,23 25,0,205,,1184,33,0,20 21 22,0,113,,1185,32,0,20 21 22,0
35201,'1c2e3625233d01453772',1507,,1194,22,0,96 25,0,208,,1195,22,0,97 25,0,102,,1196,22,0,96 25,0,99,,1197,22,0,96 25,0
35201,'4d7a6615443531084902',1507,,321,22,0,96 25,0,208,,322,22,0,97 25,0,102,,323,22,0,96 25,0,99,,324,22,0,96 25,0
