39400,'012705765b230d454c07',1505,,1603,1,,,0
39400,'02070559307629202a09',830,,859,1,,,0,680,,860,1,,,0
39400,'1443632b3566627b2e20',655,,1604,1,,,0,390,,1605,1,,,0,555,,1606,1,,,0
39400,'2a08755845643968295b',655,,863,1,,,0,390,,864,1,,,0,555,,865,1,,,0
39400,'79634f716a31375a174a',830,,1609,1,,,0,680,,1610,1,,,0
39401,'02070559307629202a09',1800,,872,42,4,,0
39401,'1443632b3566627b2e20',1000,,1611,42,4,,0,850,,1612,42,4,,0
39401,'220e7e723c71704c1463',1350,,873,42,4,,0
39401,'2a08755845643968295b',1000,,875,42,4,,0,850,,876,42,4,,0
39401,'5a1f120d085a5346570a',1350,,1614,42,4,,0
39401,'79634f716a31375a174a',1800,,1615,42,4,,0
