36500,'0e5131610429337c0530',914,,1403,7,0,9 10 11,0
36500,'1c486c5002601c4a534a',1652,,1407,6,0,9 10 11,0
36500,'1e386a27476c5b6e1461',741,,1419,21,0,9 10 11,0,660,,1418,21,0,9 10 11,0
36500,'1e7832711c690d2e452a',1648,,1416,7,0,9 10 11,0
36500,'1f5759673f12020b0a50',736,,1408,20,0,9 10 11,0
36500,'2a2423055d636f354b6d',1800,,1415,21,0,9 10 11,0
36500,'2c14404d6d61074b6d28',1225,,1409,20,0,9 10 11,0
36500,'2f16807a52596335736c',631,,1404,21,0,9 10 11,0,82,,1406,6,0,9 10 11,0
36500,'2f6b6069415f08614303',1225,,1410,21,0,9 10 11,0
36500,'31744f7e5638320a2d4c',1313,,1411,3,0,9 10 11,0
36500,'3823594e52252d7f6b14',945,,1413,21,0,9 10 11,0,812,,1412,21,0,9 10 11,0
36500,'3c550d10735a472e4755',916,,1417,8,0,9 10 11,0
36500,'71472061383531535e0f',623,,1414,6,0,9 10 11,0
