36500,'0e5131610429337c0530',953,,1403,30,0,9 10 11,0
36500,'1c486c5002601c4a534a',1735,,1407,29,0,9 10 11,0
36500,'1e386a27476c5b6e1461',825,,1419,44,0,9 10 11,0,613,,1418,44,0,9 10 11,0
36500,'1e7832711c690d2e452a',1732,,1416,30,0,9 10 11,0
36500,'1f5759673f12020b0a50',812,,1408,43,0,9 10 11,0
36500,'2a2423055d636f354b6d',1837,,1415,44,0,9 10 11,0
36500,'2c14404d6d61074b6d28',1308,,1409,43,0,9 10 11,0
36500,'2f16807a52596335736c',712,,1404,44,0,9 10 11,0,44,,1406,29,0,9 10 11,0
36500,'2f6b6069415f08614303',1308,,1410,44,0,9 10 11,0
36500,'31744f7e5638320a2d4c',1346,,1411,26,0,9 10 11,0
36500,'3823594e52252d7f6b14',1032,,1413,44,0,9 10 11,0,814,,1412,44,0,9 10 11,0
36500,'3c550d10735a472e4755',956,,1417,31,0,9 10 11,0
36500,'71472061383531535e0f',701,,1414,29,0,9 10 11,0
