31900,'2a2423055d636f354b6d',1305,,1076,24,0,9 68 38,0
31900,'2f16807a52596335736c',648,,1073,23,0,9 68 38,0,83,,1074,24,0,9 68 38,0,117,,1075,23,0,9 68 38,0
35800,'1e386a27476c5b6e1461',704,,1356,28,0,9 10 11,0,21,,1357,27,0,9 10 11,0,194,,1358,27,0,9 10 11,0
35800,'1f5759673f12020b0a50',800,,1349,27,0,9 10 11,0,458,,1350,28,0,9 10 11,0
35800,'2a2423055d636f354b6d',1601,,1353,27,0,9 10 11,0
35800,'2f16807a52596335736c',1246,,1348,27,0,9 10 11,0
35800,'3823594e52252d7f6b14',900,,1351,27,0,9 10 11,0
35800,'59737b0d0f044b52693e',701,,1354,28,0,9 10 11,0
35800,'71472061383531535e0f',645,,1352,27,0,9 10 11,0
35800,'7a7c2673351c18595c18',1701,,1355,27,0,9 10 11,0
