39400,'012705765b230d454c07',1554,,1603,30,,,0
39400,'02070559307629202a09',919,,859,30,,,0,640,,860,30,,,0
39400,'1443632b3566627b2e20',744,,1604,30,,,0,390,,1605,30,,,0,515,,1606,30,,,0
39400,'2a08755845643968295b',744,,863,30,,,0,390,,864,30,,,0,515,,865,30,,,0
39400,'2a5b3362091f52630354',744,,866,31,,,0,390,,867,31,,,0,515,,868,31,,,0
39400,'693b6416011017175f3d',1554,,870,31,,,0
39400,'79634f716a31375a174a',919,,1609,30,,,0,640,,1610,30,,,0
39801,'0a2f1e22095132130163',1824,,915,21,,,0
39801,'31744f7e5638320a2d4c',1333,,1635,20,,,0
39801,'553d275f1455102c362a',1824,,1636,20,,,0
39801,'725616403949496a5c67',1333,,916,21,,,0
