35500,'033e170961301f7a0308',835,,1649,38,0,9 26,0
35500,'055e00325b240c7d4777',950,,1220,38,0,9 10 11,0,755,,1219,38,0,9 10 11,0
35500,'126535785649426e467c',718,,1650,28,0,9 10 11,0,32,,1651,38,0,9 10 11,0,91,,1652,17,0,9 26,0
35500,'210a7c3e60384f725e7c',950,,1654,38,0,9 10 11,0,755,,1653,38,0,9 10 11,0
35500,'2530772d5b5960361a09',1229,,1223,28,0,9 26,0,110,,1224,38,0,9 26,0,119,,1221,17,0,9 26,0,261,,1222,28,0,9 26,0
35500,'4f67586f291357636e2f',1229,,1657,28,0,9 26,0,110,,1658,38,0,9 26,0,119,,1655,17,0,9 26,0,261,,1656,28,0,9 26,0
35500,'566406012b1e7e430018',949,,1659,28,0,9 26,0
35500,'59737b0d0f044b52693e',750,,1660,38,0,9 10 11,0
35500,'723148100c272b183b65',835,,1218,38,0,9 26,0
35500,'7249395f521c57637d3d',718,,1226,28,0,9 10 11,0,30,,1227,38,0,9 10 11,0,93,,1228,17,0,9 26,0,108,,1217,28,0,9 26,0
