35601,'075f4276790e1e273655',1516,,1276,59,0,15 16 17,0
35601,'3a4a044232474e33312b',1016,,407,59,0,15 16 17,0,800,,408,59,0,15 16 17,0
35601,'3a511f30370a721b2433',1501,,402,59,0,15 16 17,0
35601,'634b592b186b573b6758',1016,,1296,59,0,15 16 17,0,800,,1297,59,0,15 16 17,0
35601,'69181125652d7e4d6a80',1716,,409,59,0,15 16 17,0
35601,'6d0c424c36686c087407',931,,1299,59,0,15 16 17,0,415,,1298,59,0,15 16 17,0
35601,'702c275e051204394d01',931,,406,59,0,15 16 17,0,415,,404,59,0,15 16 17,0
35601,'7c40501f37807a467b28',1716,,1300,59,0,15 16 17,0
35701,'3a4a044232474e33312b',1141,,449,51,0,15 16 17,0
35701,'634b592b186b573b6758',1141,,1341,51,0,15 16 17,0
35701,'69181125652d7e4d6a80',1245,,453,51,0,15 16 17,0
35701,'6d0c424c36686c087407',1011,,1342,51,0,15 16 17,0
35701,'702c275e051204394d01',1011,,448,51,0,15 16 17,0
35701,'7c40501f37807a467b28',1245,,1343,51,0,15 16 17,0
