36500,'0e5131610429337c0530',933,,1403,20,0,9 10 11,0
36500,'1c2e3625233d01453772',654,,1404,34,0,9 10 11,0,79,,1406,19,0,9 10 11,0
36500,'1c486c5002601c4a534a',1712,,1407,19,0,9 10 11,0
36500,'1f5759673f12020b0a50',755,,1408,33,0,9 10 11,0
36500,'2173665b1e6d5b0e5d56',748,,638,33,0,9 10 11,0
36500,'29672110360e7e074d18',654,,646,34,0,9 10 11,0,78,,648,19,0,9 10 11,0
36500,'2c14404d6d61074b6d28',1244,,1409,33,0,9 10 11,0
36500,'2d0d0c223c38203b5e0d',1244,,1410,34,0,9 10 11,0
36500,'2d1c4c71287e667e727d',1818,,645,34,0,9 10 11,0
36500,'2d255822185d30510a3a',1712,,650,19,0,9 10 11,0
36500,'31744f7e5638320a2d4c',1331,,1411,16,0,9 10 11,0
36500,'3823594e52252d7f6b14',1012,,1413,34,0,9 10 11,0,813,,1412,34,0,9 10 11,0
36500,'494a652c1e455e3d7c72',640,,1414,19,0,9 10 11,0
36500,'4f0277002864772e6462',1818,,1415,34,0,9 10 11,0
36500,'553d275f1455102c362a',1709,,1416,20,0,9 10 11,0
36500,'694315166f6b31706e14',1245,,637,34,0,9 10 11,0
36500,'765554443e157938074f',1011,,640,34,0,9 10 11,0
36500,'791e712d420e14727657',936,,1417,21,0,9 10 11,0
36500,'7d4b300a36696c132f59',1245,,651,33,0,9 10 11,0
36500,'7f443a14596255477616',801,,1419,34,0,9 10 11,0,617,,1418,34,0,9 10 11,0
