35500,'033e170961301f7a0308',819,,1649,28,0,9 26,0
35500,'055e00325b240c7d4777',934,,1220,28,0,9 10 11,0,715,,1219,28,0,9 10 11,0
35500,'126535785649426e467c',705,,1650,18,0,9 10 11,0,13,,1651,28,0,9 10 11,0,107,,1652,7,0,9 26,0
35500,'210a7c3e60384f725e7c',934,,1654,28,0,9 10 11,0,715,,1653,28,0,9 10 11,0
35500,'2530772d5b5960361a09',1215,,1223,18,0,9 26,0,110,,1224,28,0,9 26,0,118,,1221,7,0,9 26,0,262,,1222,18,0,9 26,0
35500,'4f67586f291357636e2f',1215,,1657,18,0,9 26,0,110,,1658,28,0,9 26,0,118,,1655,7,0,9 26,0,262,,1656,18,0,9 26,0
35500,'566406012b1e7e430018',935,,1659,18,0,9 26,0
35500,'59737b0d0f044b52693e',734,,1660,28,0,9 10 11,0
35500,'723148100c272b183b65',819,,1218,28,0,9 26,0
35500,'7249395f521c57637d3d',705,,1226,18,0,9 10 11,0,28,,1227,28,0,9 10 11,0,92,,1228,7,0,9 26,0,110,,1217,18,0,9 26,0
