36501,'0e5131610429337c0530',800,,1420,37,0,135 25,0,115,,1421,37,0,166 32,0
36501,'1e386a27476c5b6e1461',717,,1436,37,0,132 117,0,1002,,1434,37,0,132 117,0,112,,1435,37,0,133 134,0
36501,'1f5759673f12020b0a50',1902,,1425,37,0,132 117,0
36501,'2a2423055d636f354b6d',1338,,1429,37,0,132 117,0,182,,1430,37,0,132 117,0
36501,'2c14404d6d61074b6d28',1015,,1426,37,0,133 134,0
36501,'2f16807a52596335736c',1859,,1422,37,0,132 117,0,83,,1423,37,0,133 134,0
36501,'3823594e52252d7f6b14',1004,,1428,37,0,132 117,0,813,,1427,37,0,132 117,0
36501,'3c550d10735a472e4755',800,,1433,37,0,135 25,0
36501,'484f0e366a041c114e35',1015,,1432,37,0,133 134,0
36501,'59737b0d0f044b52693e',1819,,1431,37,0,133 134,0
