35700,'0a3c663a7d504d200835',1709,,1307,26,0,9 10 11,0
35700,'1a20552b5a400f716a1b',932,,428,26,0,9 10 11,0
35700,'1c2e3625233d01453772',640,,1309,26,0,9 10 11,0,389,,1310,26,0,9 10 11,0,500,,1308,26,0,9 10 11,0
35700,'220e7e723c71704c1463',709,,431,26,0,9 10 11,0,640,,429,30,0,9 10 11,0,395,,430,30,0,9 10 11,0
35700,'295d5e0567072f655d20',1818,,432,30,0,9 10 11,0
35700,'2a08755845643968295b',730,,433,26,0,9 10 11,0,19,,434,26,0,9 10 11,0
35700,'2a5b3362091f52630354',703,,437,26,0,9 10 11,0,20,,438,26,0,9 10 11,0,29,,439,26,0,9 10 11,0,597,,435,28,0,9 10 11,0,395,,436,26,0,9 10 11,0
35700,'320823102b697f311363',1349,,1311,26,0,9 10 11,0
35700,'3823594e52252d7f6b14',932,,1312,26,0,9 10 11,0
35700,'3f575e1f5f6d63575f07',703,,1313,26,0,9 10 11,0
35700,'416039027b4e59137846',1339,,1314,26,0,9 10 11,0
35700,'494a652c1e455e3d7c72',1349,,1315,28,0,9 10 11,0,395,,1316,26,0,9 10 11,0
35700,'4d7a6615443531084902',640,,441,26,0,9 10 11,0,389,,442,26,0,9 10 11,0,500,,440,26,0,9 10 11,0
35700,'59445e7d50034e156e11',659,,1317,26,0,9 10 11,0
35700,'59737b0d0f044b52693e',720,,1318,26,0,9 10 11,0,29,,1319,26,0,9 10 11,0
35700,'61121d2d1b1669750837',1818,,1320,26,0,9 10 11,0
35700,'634b592b186b573b6758',1818,,1321,30,0,9 10 11,0
35700,'693b6416011017175f3d',1339,,443,26,0,9 10 11,0,370,,444,26,0,9 10 11,0
35700,'6d0c424c36686c087407',1349,,1322,30,0,9 10 11,0,395,,1323,30,0,9 10 11,0
35700,'7f443a14596255477616',723,,1324,26,0,9 10 11,0,29,,1325,26,0,9 10 11,0
