35101,'02070559307629202a09',1900,,302,21,0,20 21 22,0
35101,'1a20552b5a400f716a1b',1015,,303,21,0,20 21 22,0
35101,'1f5759673f12020b0a50',1900,,1176,21,0,20 21 22,0
35101,'2a5b3362091f52630354',654,,307,21,0,23 24 18,0,148,,309,21,0,23 24 18,0,823,,304,21,0,23 25,0,201,,305,21,0,20 21 22,0,119,,306,21,0,20 21 22,0
35101,'2c295b0e5f4444502b59',1815,,310,21,0,20 21 22,0
35101,'31744f7e5638320a2d4c',1352,,1177,21,0,20 21 22,0
35101,'3823594e52252d7f6b14',1015,,1178,21,0,20 21 22,0
35101,'4f0277002864772e6462',930,,1179,21,0,20 21 22,0,380,,1180,21,0,20 21 22,0,190,,1181,21,0,20 21 22,0
35101,'52166b36781a3037644c',930,,312,21,0,20 21 22,0,380,,313,21,0,20 21 22,0,190,,314,21,0,20 21 22,0
35101,'725616403949496a5c67',1352,,315,21,0,20 21 22,0
35101,'7a7c2673351c18595c18',1815,,1182,21,0,20 21 22,0
35101,'7f443a14596255477616',654,,1186,21,0,23 24 18,0,148,,1188,21,0,23 24 18,0,823,,1183,21,0,23 25,0,201,,1184,21,0,20 21 22,0,119,,1185,21,0,20 21 22,0
