35100,'02070559307629202a09',841,,285,44,0,9 2 10 11,0,376,,286,44,0,9 2 10 11,0
35100,'0a2f1e22095132130163',1856,,287,39,0,9 2 10 11,0
35100,'1a20552b5a400f716a1b',924,,290,44,0,9 2 10 11,0,794,,289,44,0,9 2 10 11,0
35100,'2a08755845643968295b',1217,,291,44,0,9 2 10 11,0
35100,'2a5b3362091f52630354',705,,292,44,0,9 2 10 11,0,31,,293,51,0,9 2 10 11,0,219,,294,39,0,9 2 10 11,0
35100,'52166b36781a3037644c',1132,,298,44,0,9 2 10 11,0,227,,296,44,0,9 2 10 11,0,150,,297,44,0,9 2 10 11,0
35100,'725616403949496a5c67',1252,,301,32,0,9 2 10 11,0,50,,299,39,0,9 2 10 11,0
35101,'02070559307629202a09',1847,,302,10,0,20 2 21 22,0
35101,'1a20552b5a400f716a1b',1002,,303,10,0,20 2 21 22,0
35101,'2a5b3362091f52630354',643,,307,10,0,23 2 24 18,0,103,,309,10,0,23 2 24 18,0,859,,304,10,0,23 2 25,0,204,,305,10,0,20 2 21 22,0,123,,306,10,0,20 2 21 22,0
35101,'2c295b0e5f4444502b59',1802,,310,10,0,20 2 21 22,0
35101,'52166b36781a3037644c',917,,312,10,0,20 2 21 22,0,340,,313,10,0,20 2 21 22,0,190,,314,10,0,20 2 21 22,0
35101,'725616403949496a5c67',1339,,315,10,0,20 2 21 22,0
