34201,'1e386a27476c5b6e1461',1733,,1093,8,0,135 25,0
34201,'1f5759673f12020b0a50',1733,,1638,8,0,135 25,0
34201,'2f16807a52596335736c',1248,,1091,8,0,135 25,0,575,,1637,8,0,135 25,0
34201,'59737b0d0f044b52693e',1733,,1639,8,0,135 25,0
34401,'1e7832711c690d2e452a',1738,,1107,8,0,132 117,0
34401,'31744f7e5638320a2d4c',1248,,1104,8,0,132 117,0
34401,'7061714f794c79290d6c',1511,,1103,4,0,132 117,0
39101,'1e386a27476c5b6e1461',1738,,1587,8,,,0
39101,'1e7832711c690d2e452a',1724,,1585,5,,,0
39101,'2f16807a52596335736c',1832,,1581,5,,,0
39101,'31744f7e5638320a2d4c',1244,,1583,5,,,0
39101,'532f7e634a3b56246321',1237,,1584,5,,,0
39101,'59737b0d0f044b52693e',1738,,1586,8,,,0
39101,'7061714f794c79290d6c',1251,,1582,8,,,0
