31801,'2a2423055d636f354b6d',1745,,1072,6,0,74 21,0
31801,'2f16807a52596335736c',1303,,1070,6,0,74 21,0,528,,1071,6,0,74 21,0
31901,'2a2423055d636f354b6d',1751,,1080,6,0,69 70 71,0
31901,'2f16807a52596335736c',1359,,1077,6,0,69 70 71,0,257,,1078,6,0,69 70 71,0,209,,1079,6,0,69 70 71,0
35801,'1e386a27476c5b6e1461',1801,,1367,12,0,91 92,0
35801,'1f5759673f12020b0a50',1427,,1360,12,0,91 92,0,410,,1361,12,0,91 92,0
35801,'2a2423055d636f354b6d',927,,1365,12,0,91 92,0,807,,1366,12,0,93 94 95,0
35801,'2f16807a52596335736c',1841,,1359,12,0,91 92,0
35801,'3823594e52252d7f6b14',1018,,1362,12,0,91 92,0,810,,1363,12,0,91 92,0
35801,'71472061383531535e0f',1311,,1364,12,0,91 92,0
