35700,'0a3c663a7d504d200835',1707,,1307,24,0,9 10 11,0
35700,'1a20552b5a400f716a1b',930,,428,24,0,9 10 11,0
35700,'1c2e3625233d01453772',638,,1309,24,0,9 10 11,0,389,,1310,24,0,9 10 11,0,500,,1308,24,0,9 10 11,0
35700,'220e7e723c71704c1463',707,,431,24,0,9 10 11,0,640,,429,28,0,9 10 11,0,395,,430,28,0,9 10 11,0
35700,'295d5e0567072f655d20',1816,,432,28,0,9 10 11,0
35700,'2a08755845643968295b',728,,433,24,0,9 10 11,0,19,,434,24,0,9 10 11,0
35700,'2a5b3362091f52630354',701,,437,24,0,9 10 11,0,20,,438,24,0,9 10 11,0,29,,439,24,0,9 10 11,0,597,,435,26,0,9 10 11,0,395,,436,24,0,9 10 11,0
35700,'320823102b697f311363',1347,,1311,24,0,9 10 11,0
35700,'3823594e52252d7f6b14',930,,1312,24,0,9 10 11,0
35700,'3f575e1f5f6d63575f07',701,,1313,24,0,9 10 11,0
35700,'416039027b4e59137846',1337,,1314,24,0,9 10 11,0
35700,'494a652c1e455e3d7c72',1347,,1315,26,0,9 10 11,0,395,,1316,24,0,9 10 11,0
35700,'4d7a6615443531084902',638,,441,24,0,9 10 11,0,389,,442,24,0,9 10 11,0,500,,440,24,0,9 10 11,0
35700,'59445e7d50034e156e11',657,,1317,24,0,9 10 11,0
35700,'59737b0d0f044b52693e',718,,1318,24,0,9 10 11,0,29,,1319,24,0,9 10 11,0
35700,'61121d2d1b1669750837',1816,,1320,24,0,9 10 11,0
35700,'634b592b186b573b6758',1816,,1321,28,0,9 10 11,0
35700,'693b6416011017175f3d',1337,,443,24,0,9 10 11,0,370,,444,24,0,9 10 11,0
35700,'6d0c424c36686c087407',1347,,1322,28,0,9 10 11,0,395,,1323,28,0,9 10 11,0
35700,'7f443a14596255477616',721,,1324,24,0,9 10 11,0,29,,1325,24,0,9 10 11,0
