35101,'1f5759673f12020b0a50',1837,,1176,4,0,20 21 22,0
35101,'300d603a345a5010103b',906,,312,4,0,20 21 22,0,341,,313,4,0,20 21 22,0,190,,314,4,0,20 21 22,0
35101,'31744f7e5638320a2d4c',1328,,1177,4,0,20 21 22,0
35101,'3823594e52252d7f6b14',951,,1178,4,0,20 21 22,0
35101,'485f012a2c6b445e7a47',1752,,310,4,0,20 21 22,0
35101,'4f0277002864772e6462',906,,1179,4,0,20 21 22,0,341,,1180,4,0,20 21 22,0,190,,1181,4,0,20 21 22,0
35101,'5c112750394b6b07283a',1837,,302,4,0,20 21 22,0
35101,'75034b1d5a2e41380d0c',951,,303,4,0,20 21 22,0
35101,'7a7c2673351c18595c18',1752,,1182,4,0,20 21 22,0
35101,'7f443a14596255477616',635,,1186,4,0,23 24 18,0,97,,1188,4,0,23 24 18,0,819,,1183,4,0,23 25,0,202,,1184,4,0,20 21 22,0,169,,1185,4,0,20 21 22,0
