35001,'02070559307629202a09',1829,,260,48,0,105 10 52,0
35001,'0a2f1e22095132130163',1811,,262,49,0,144 25,0,8,,261,49,0,144 25,0,40,,264,11,0,144 25,0,52,,263,52,0,144 25,0,18,,265,48,0,144 25,0
35001,'1c2e3625233d01453772',708,,1136,8,0,105 109 110,0,211,,1138,48,0,144 25,0,190,,1139,8,0,105 10 52,0,400,,1134,48,0,105 10 52,0,203,,1135,48,0,105 10 52,0,242,,1137,48,0,144 25,0
35001,'1f5759673f12020b0a50',1829,,1140,48,0,105 10 52,0
35001,'2a08755845643968295b',1804,,266,48,0,144 25,0,25,,267,48,0,144 25,0,30,,268,48,0,144 25,0
35001,'2a5b3362091f52630354',1839,,269,48,0,144 25,0
35001,'31744f7e5638320a2d4c',1312,,1143,12,0,144 25,0,23,,1144,51,0,144 25,0,84,,1145,48,0,144 25,0,384,,1141,48,0,144 25,0,108,,1142,48,0,144 25,0
35001,'4d7a6615443531084902',708,,275,8,0,105 109 110,0,211,,277,48,0,144 25,0,190,,278,8,0,105 10 52,0,400,,273,48,0,105 10 52,0,202,,274,48,0,105 10 52,0,243,,276,48,0,144 25,0
35001,'553d275f1455102c362a',1811,,1147,48,0,144 25,0,8,,1146,49,0,144 25,0,40,,1149,11,0,144 25,0,50,,1148,51,0,144 25,0,20,,1150,48,0,144 25,0
35001,'59737b0d0f044b52693e',1804,,1151,48,0,144 25,0,25,,1152,48,0,144 25,0,30,,1153,48,0,144 25,0
35001,'725616403949496a5c67',1314,,282,13,0,144 25,0,17,,283,49,0,144 25,0,88,,279,48,0,144 25,0,384,,280,48,0,144 25,0,108,,281,48,0,144 25,0
35001,'7f443a14596255477616',1839,,1154,48,0,144 25,0
