35601,'055e00325b240c7d4777',1003,,407,55,0,15 16 17,0,801,,408,55,0,15 16 17,0
35601,'075f4276790e1e273655',1504,,1276,55,0,15 16 17,0
35601,'0a3c663a7d504d200835',1619,,1277,55,0,12 13 14,0
35601,'184134507f4517151633',914,,1279,55,0,12 13 14,0
35601,'1e386a27476c5b6e1461',724,,1305,6,0,12 13 14,0,196,,1306,55,0,12 13 14,0,834,,1302,55,0,12 13 14,0,80,,1303,55,0,12 13 14,0
35601,'1f5759673f12020b0a50',734,,1284,55,0,12 13 14,0
35601,'2943795d360756687162',1334,,1278,55,0,12 13 14,0
35601,'2a2423055d636f354b6d',2019,,1289,55,0,12 13 14,0
35601,'2f16807a52596335736c',1134,,1280,55,0,12 13 14,0,370,,1281,55,0,12 13 14,0,100,,1282,55,0,12 13 14,0,350,,1283,55,0,12 13 14,0
35601,'320823102b697f311363',1504,,1285,55,0,12 13 14,0
35601,'321e5f70685c1473436a',1914,,1287,55,0,12 13 14,0
35601,'332311354b01253e3615',948,,1286,55,0,12 13 14,0
35601,'59445e7d50034e156e11',1904,,1290,55,0,12 13 14,0
35601,'59737b0d0f044b52693e',734,,1293,55,0,12 13 14,0,1010,,1291,55,0,12 13 14,0,80,,1292,55,0,12 13 14,0
35601,'61121d2d1b1669750837',1003,,1294,55,0,12 13 14,0,801,,1295,55,0,12 13 14,0
35601,'634b592b186b573b6758',1003,,1296,55,0,15 16 17,0,801,,1297,55,0,15 16 17,0
35601,'6d0c424c36686c087407',919,,1299,55,0,15 16 17,0,415,,1298,55,0,15 16 17,0
35601,'71472061383531535e0f',1704,,1288,55,0,12 13 14,0
35601,'7c40501f37807a467b28',1704,,1300,55,0,15 16 17,0
