35900,'114a44065a5209536517',730,,500,17,0,51 10 52 2 29,0,405,,501,17,0,51 10 52 2 29,0,195,,502,17,0,51 10 52 2 29,0
35900,'2c5f74455e25454d432d',657,,1369,17,0,51 10 52 2 29,0,1173,,1368,17,0,51 10 52 2 29,0
35900,'3f242a2f47502e255740',633,,497,17,0,51 10 52 2 29,0,167,,498,17,0,51 10 52 2 29,0,730,,499,17,0,51 10 52 2 29,0,180,,496,17,0,51 10 52 2 29,0
35900,'4a0603184e160563480a',845,,485,17,0,51 10 52 2 29,0
35900,'4b6f482a4a7216552331',1645,,484,17,0,51 10 52 2 29,0
36100,'114a44065a5209536517',1240,,561,12,0,51 10 52 2 29,0
36100,'2c5f74455e25454d432d',725,,1371,12,0,51 10 52 2 29,0,800,,1372,12,0,51 10 52 2 29,0
36100,'3f242a2f47502e255740',625,,558,12,0,51 10 52 2 29,0,415,,559,12,0,51 10 52 2 29,0
36100,'3f4d67570e29103a1e70',835,,552,12,0,51 10 52 2 29,0
36100,'4b6f482a4a7216552331',1525,,551,12,0,51 10 52 2 29,0
36100,'79634f716a31375a174a',725,,560,12,0,51 10 52 2 29,0
