35001,'02070559307629202a09',1752,,260,12,0,105 2 10 52,0
35001,'0a2f1e22095132130163',1718,,261,12,0,144 2 25,0,8,,262,13,0,144 2 25,0,98,,263,13,0,144 2 25,0,20,,265,12,0,144 2 25,0
35001,'2a08755845643968295b',1718,,266,12,0,144 2 25,0,34,,267,12,0,144 2 25,0,70,,268,12,0,144 2 25,0
35001,'2a5b3362091f52630354',1756,,269,12,0,144 2 25,0
35001,'4d7a6615443531084902',843,,277,12,0,144 2 25,0,589,,273,12,0,105 2 10 52,0,196,,274,12,0,105 2 10 52,0,289,,276,12,0,144 2 25,0
35001,'725616403949496a5c67',1252,,284,13,0,145 2 146,0,91,,279,12,0,144 2 25,0,375,,280,12,0,144 2 25,0,106,,281,12,0,144 2 25,0
38301,'0a2f1e22095132130163',1637,,769,12,0,147 2 117,0
38301,'2a5b3362091f52630354',741,,770,12,0,147 2 117,0
38301,'4d7a6615443531084902',1843,,771,12,0,63 2 21 64,0
38301,'52166b36781a3037644c',1301,,772,12,0,63 2 21 64,0
