39100,'1c2e3625233d01453772',655,,1576,1,,,0,675,,1578,1,,,0
39100,'532f7e634a3b56246321',910,,1579,1,,,0
39100,'68174b1f17562a355a6f',910,,809,1,,,0
39100,'69181125652d7e4d6a80',655,,810,1,,,0,675,,812,1,,,0
39101,'20694715463639414353',1320,,1582,17,4,,0
39101,'4b011b4b727a36540459',1320,,819,18,4,,0
39101,'532f7e634a3b56246321',1305,,1584,14,4,,0
39101,'59737b0d0f044b52693e',1805,,1586,17,4,,0
39101,'68174b1f17562a355a6f',1305,,816,14,4,,0
39101,'69181125652d7e4d6a80',1805,,814,18,4,,0
39101,'7f443a14596255477616',1805,,1587,17,4,,0
