36500,'00746f10327b7c6a3879',1300,,637,42,0,9 10 11,0
36500,'02070559307629202a09',805,,638,41,0,9 10 11,0
36500,'0a2f1e22095132130163',1729,,639,28,0,9 10 11,0
36500,'0e5131610429337c0530',951,,1403,28,0,9 10 11,0
36500,'1a20552b5a400f716a1b',1029,,640,42,0,9 10 11,0
36500,'1c2e3625233d01453772',710,,1404,42,0,9 10 11,0,41,,1406,27,0,9 10 11,0
36500,'1c486c5002601c4a534a',1730,,1407,27,0,9 10 11,0
36500,'1f5759673f12020b0a50',810,,1408,41,0,9 10 11,0
36500,'2a5b3362091f52630354',653,,642,27,0,9 10 11,0,165,,643,42,0,9 10 11,0,132,,644,29,0,9 10 11,0,485,,641,42,0,9 10 11,0
36500,'2c14404d6d61074b6d28',1300,,1409,41,0,9 10 11,0
36500,'2d0d0c223c38203b5e0d',1302,,1410,42,0,9 10 11,0
36500,'310c545b6d5159571c44',1834,,645,42,0,9 10 11,0
36500,'31744f7e5638320a2d4c',1344,,1411,24,0,9 10 11,0
36500,'3823594e52252d7f6b14',1029,,1413,42,0,9 10 11,0,813,,1412,42,0,9 10 11,0
36500,'494a652c1e455e3d7c72',657,,1414,27,0,9 10 11,0
36500,'4d7a6615443531084902',710,,646,42,0,9 10 11,0,42,,648,27,0,9 10 11,0
36500,'4f0277002864772e6462',1834,,1415,42,0,9 10 11,0
36500,'553d275f1455102c362a',1728,,1416,28,0,9 10 11,0
36500,'725616403949496a5c67',1344,,649,24,0,9 10 11,0
36500,'756c797a51436f4d0414',1725,,650,27,0,9 10 11,0
36500,'791e712d420e14727657',954,,1417,29,0,9 10 11,0
36500,'7b6f6f4a0e36407a261f',1300,,651,41,0,9 10 11,0
36500,'7f443a14596255477616',818,,1419,42,0,9 10 11,0,617,,1418,42,0,9 10 11,0
