38801,'02070559307629202a09',1336,,790,21,0,81 25,0,270,,789,21,0,81 25,0
38801,'1a20552b5a400f716a1b',1026,,791,21,0,81 25,0
38801,'1c2e3625233d01453772',856,,1560,21,0,81 25,0,100,,1561,21,0,81 25,0,380,,1562,21,0,81 82,0,190,,1563,21,0,81 25,0,218,,1557,21,0,83 84,0,100,,1558,21,0,83 84,0,92,,1559,21,0,81 82,0
38801,'1f5759673f12020b0a50',1336,,1565,21,0,81 25,0,270,,1564,21,0,81 25,0
38801,'2a5b3362091f52630354',926,,797,21,0,81 25,0,100,,798,21,0,81 25,0,580,,792,21,0,81 25,0,108,,793,21,0,81 25,0,100,,794,21,0,81 82,0,97,,795,21,0,81 82,0,95,,796,21,0,81 25,0
38801,'2c295b0e5f4444502b59',1856,,799,21,0,81 25,0
38801,'31744f7e5638320a2d4c',1341,,1566,14,0,81 25,0
38801,'3823594e52252d7f6b14',1026,,1567,21,0,81 25,0
38801,'4d7a6615443531084902',856,,803,21,0,81 25,0,100,,804,21,0,81 25,0,380,,805,21,0,81 82,0,190,,806,21,0,81 25,0,218,,800,21,0,83 84,0,100,,801,21,0,83 84,0,92,,802,21,0,81 82,0
38801,'725616403949496a5c67',1341,,807,14,0,81 25,0
38801,'7a7c2673351c18595c18',1856,,1568,21,0,81 25,0
38801,'7f443a14596255477616',926,,1574,21,0,81 25,0,100,,1575,21,0,81 25,0,580,,1569,21,0,81 25,0,108,,1570,21,0,81 25,0,100,,1571,21,0,81 82,0,98,,1572,21,0,81 82,0,94,,1573,21,0,81 25,0
