36200,'1c2e3625233d01453772',647,,1374,11,0,9 10 11,0,100,,1375,11,0,9 10 11,0,390,,1376,11,0,9 10 11,0,588,,1373,10,0,9 10 11,0
36200,'1f5759673f12020b0a50',915,,1377,10,0,9 10 11,0,222,,1378,10,0,9 10 11,0
36200,'2173665b1e6d5b0e5d56',915,,573,10,0,9 10 11,0,222,,574,10,0,9 10 11,0
36200,'29672110360e7e074d18',647,,580,11,0,9 10 11,0,100,,581,11,0,9 10 11,0,390,,582,11,0,9 10 11,0,588,,579,10,0,9 10 11,0
36200,'7f443a14596255477616',715,,1379,10,0,9 10 11,0,200,,1380,10,0,9 10 11,0,612,,1381,6,0,9 10 11,0,98,,1382,10,0,9 10 11,0
38800,'1c2e3625233d01453772',659,,1544,14,0,9 30,0,70,,1545,16,0,9 30,0,30,,1546,14,0,9 30,0,700,,1541,16,0,9 30,0,100,,1542,12,0,9 30,0,142,,1543,16,0,9 30,0
38800,'29672110360e7e074d18',659,,784,14,0,9 30,0,70,,785,16,0,9 30,0,30,,786,14,0,9 30,0,700,,781,16,0,9 30,0,100,,782,12,0,9 30,0,142,,783,16,0,9 30,0
38800,'3823594e52252d7f6b14',1629,,1547,12,0,9 30,0
38800,'3c0b47661a465f176d35',1059,,788,12,0,9 30,0,200,,787,12,0,9 30,0
38800,'3c125f0f5c67554f241b',829,,780,12,0,9 30,0
38800,'4f0277002864772e6462',1059,,1549,12,0,9 30,0,200,,1548,12,0,9 30,0
38800,'765554443e157938074f',1629,,773,12,0,9 30,0
38800,'7a7c2673351c18595c18',829,,1550,12,0,9 30,0
38800,'7f443a14596255477616',629,,1553,12,0,9 30,0,82,,1554,12,0,79 80 18,0,5,,1555,16,0,9 30,0,113,,1556,12,0,9 30,0,801,,1551,12,0,9 30,0,129,,1552,12,0,9 30,0
