34400,'1c2e3625233d01453772',742,,1094,1,0,158 159,0
34400,'20694715463639414353',900,,1095,1,0,65 66 67,0
34400,'4b011b4b727a36540459',900,,227,1,0,65 66 67,0
34400,'4f0277002864772e6462',1352,,1096,1,0,158 159,0
34400,'532f7e634a3b56246321',850,,1097,1,0,65 66 67,0
34400,'59737b0d0f044b52693e',707,,1098,1,0,158 159,0
34400,'68174b1f17562a355a6f',850,,224,1,0,65 66 67,0
34400,'69181125652d7e4d6a80',707,,222,1,0,158 159,0,35,,225,1,0,158 159,0
34400,'702c275e051204394d01',1352,,226,1,0,158 159,0
34400,'7f443a14596255477616',700,,1099,1,0,65 18 140,0
34401,'112a0b7f332a564f1678',1317,,1100,6,4,,0
34401,'1c2e3625233d01453772',1855,,1101,6,4,,0
34401,'1f5759673f12020b0a50',1805,,1102,6,4,,0
34401,'20694715463639414353',1540,,1103,15,4,,0
34401,'254f3e58782165334119',1317,,230,6,4,,0
34401,'31744f7e5638320a2d4c',1317,,1104,19,4,,0,488,,1105,6,4,,0
34401,'3a511f30370a721b2433',1810,,228,6,4,,0
34401,'4b011b4b727a36540459',1540,,237,16,4,,0
34401,'532f7e634a3b56246321',1320,,1106,16,4,,0
34401,'553d275f1455102c362a',1810,,1107,19,4,,0
34401,'597325055c30707c624a',1317,,1108,6,4,,0
34401,'59737b0d0f044b52693e',1805,,1109,6,4,,0
34401,'68174b1f17562a355a6f',1320,,232,16,4,,0
34401,'69181125652d7e4d6a80',1810,,231,6,4,,0,45,,233,6,4,,0
34401,'713560301b0e3d406154',1317,,234,6,4,,0
36500,'136e6b484c454e417465',855,,640,1,0,9 10 11,0
36500,'1c2e3625233d01453772',545,,1404,1,0,9 10 11,0,70,,1405,1,0,133 134,0
36500,'1f5759673f12020b0a50',645,,1408,1,0,9 10 11,0
36500,'29297c5f5e5d53030d3f',1130,,651,1,0,9 10 11,0
36500,'2c14404d6d61074b6d28',1130,,1409,1,0,9 10 11,0
36500,'2d0d0c223c38203b5e0d',1130,,1410,1,0,9 10 11,0
36500,'3823594e52252d7f6b14',855,,1413,1,0,9 10 11,0,845,,1412,1,0,9 10 11,0
36500,'3a511f30370a721b2433',645,,638,1,0,9 10 11,0
36500,'4f0277002864772e6462',1705,,1415,1,0,9 10 11,0
36500,'554b630955771e7c2224',1705,,645,1,0,9 10 11,0
36500,'5d3f35696f0f295d693b',1130,,637,1,0,9 10 11,0
36500,'69181125652d7e4d6a80',545,,646,1,0,9 10 11,0,70,,647,1,0,133 134,0
36500,'7f443a14596255477616',645,,1419,1,0,9 10 11,0,665,,1418,1,0,9 10 11,0
36501,'136e6b484c454e417465',1100,,654,60,4,,0,815,,653,60,4,,0
36501,'1c2e3625233d01453772',1950,,1422,60,4,,0,92,,1424,20,4,,0
36501,'1f5759673f12020b0a50',2000,,1425,60,4,,0
36501,'3823594e52252d7f6b14',1100,,1428,60,4,,0,815,,1427,60,4,,0
36501,'3a511f30370a721b2433',2000,,652,60,4,,0
36501,'4f0277002864772e6462',1435,,1429,60,4,,0,182,,1430,60,4,,0
36501,'69181125652d7e4d6a80',1950,,660,60,4,,0,92,,662,20,4,,0
36501,'702c275e051204394d01',1435,,664,60,4,,0,182,,665,60,4,,0
36501,'7f443a14596255477616',825,,1436,60,4,,0,990,,1434,60,4,,0
