35100,'1f5759673f12020b0a50',836,,1159,39,0,9 10 11,0,373,,1160,39,0,9 10 11,0
35100,'2a08755845643968295b',1209,,291,39,0,9 10 11,0
35100,'300d603a345a5010103b',1124,,298,39,0,9 10 11,0,226,,296,39,0,9 10 11,0,150,,297,39,0,9 10 11,0
35100,'31744f7e5638320a2d4c',1244,,1163,27,0,9 10 11,0,9,,1161,35,0,9 10 11,0
35100,'3823594e52252d7f6b14',917,,1165,39,0,9 10 11,0,789,,1164,39,0,9 10 11,0
35100,'4f0277002864772e6462',1124,,1168,39,0,9 10 11,0,226,,1166,39,0,9 10 11,0,150,,1167,39,0,9 10 11,0
35100,'553d275f1455102c362a',1847,,1169,35,0,9 10 11,0
35100,'59737b0d0f044b52693e',1209,,1171,39,0,9 10 11,0
35100,'5c112750394b6b07283a',836,,285,39,0,9 10 11,0,373,,286,39,0,9 10 11,0
35100,'75034b1d5a2e41380d0c',917,,290,39,0,9 10 11,0,789,,289,39,0,9 10 11,0
35100,'7f443a14596255477616',655,,1172,39,0,9 10 11,0,66,,1173,47,0,9 10 11,0,222,,1174,35,0,9 10 11,0
