34400,'1c2e3625233d01453772',752,,1094,6,4,,0
34400,'20694715463639414353',910,,1095,6,0,65 66 67,0
34400,'4b011b4b727a36540459',910,,227,6,0,65 66 67,0
34400,'4f0277002864772e6462',1402,,1096,6,4,,0
34400,'532f7e634a3b56246321',900,,1097,6,0,65 66 67,0
34400,'59737b0d0f044b52693e',717,,1098,6,4,,0
34400,'68174b1f17562a355a6f',900,,224,6,0,65 66 67,0
34400,'69181125652d7e4d6a80',717,,222,6,4,,0,35,,225,6,4,,0
34400,'702c275e051204394d01',1402,,226,6,4,,0
34400,'7f443a14596255477616',711,,1099,6,0,65 18 140,0
