36500,'0e5131610429337c0530',920,,1403,9,0,9 10 11,0
36500,'1c486c5002601c4a534a',1700,,1407,8,0,9 10 11,0
36500,'1e386a27476c5b6e1461',747,,1419,23,0,9 10 11,0,659,,1418,23,0,9 10 11,0
36500,'1e7832711c690d2e452a',1656,,1416,9,0,9 10 11,0
36500,'1f5759673f12020b0a50',743,,1408,22,0,9 10 11,0
36500,'2a2423055d636f354b6d',1806,,1415,23,0,9 10 11,0
36500,'2c14404d6d61074b6d28',1232,,1409,22,0,9 10 11,0
36500,'2f16807a52596335736c',637,,1404,23,0,9 10 11,0,82,,1406,8,0,9 10 11,0
36500,'2f6b6069415f08614303',1232,,1410,23,0,9 10 11,0
36500,'31744f7e5638320a2d4c',1319,,1411,5,0,9 10 11,0
36500,'3823594e52252d7f6b14',951,,1413,23,0,9 10 11,0,852,,1412,23,0,9 10 11,0
36500,'3c550d10735a472e4755',922,,1417,10,0,9 10 11,0
36500,'71472061383531535e0f',627,,1414,8,0,9 10 11,0
