31401,'2b037649673f32451d0b',1220,,127,4,,,0
31401,'3b0d0a205721144a1f02',1220,,1059,4,,,0
37901,'0a2f1e22095132130163',1738,,740,10,0,114 115,0
37901,'16096334352325192d1f',1250,,1510,9,0,126 47 48,0
37901,'2b037649673f32451d0b',1238,,741,7,0,123 124 125,0
37901,'31744f7e5638320a2d4c',1250,,1512,9,0,114 115,0
37901,'4f0277002864772e6462',1734,,1513,9,0,126 47 48,0
37901,'52166b36781a3037644c',1735,,742,10,0,126 47 48,0
37901,'532f7e634a3b56246321',1240,,1514,7,0,123 124 125,0
37901,'553d275f1455102c362a',1734,,1516,9,0,114 115,0
37901,'69552d0660140f203513',1250,,743,10,0,126 47 48,0
37901,'725616403949496a5c67',1250,,745,10,0,114 115,0
