36901,'1e386a27476c5b6e1461',1704,,1449,17,0,128 129,0,114,,1450,17,0,130 131,0
36901,'1f5759673f12020b0a50',1705,,1445,17,0,128 129,0
36901,'2f16807a52596335736c',1858,,1443,17,0,128 129,0,72,,1444,17,0,128 129,0
36901,'3823594e52252d7f6b14',1106,,1446,17,0,130 131,0,741,,1447,17,0,130 131,0
36901,'71472061383531535e0f',1336,,1448,17,0,128 129,0
37301,'1e386a27476c5b6e1461',1742,,1462,17,0,143 45,0
37301,'1f5759673f12020b0a50',1509,,1459,17,0,143 45,0
37301,'2a2423055d636f354b6d',1856,,1461,17,0,143 45,0
37301,'2f16807a52596335736c',931,,1457,17,0,143 45,0,885,,1458,17,0,143 45,0
37301,'31744f7e5638320a2d4c',1339,,1460,17,0,143 45,0
