30501,'2a5b3362091f52630354',938,,116,6,0,31 2 32,0,805,,117,6,0,31 2 32,0,73,,118,6,0,31 2 32,0
30501,'4d7a6615443531084902',1642,,119,6,0,31 2 32,0,201,,120,6,0,31 2 32,0,95,,121,6,0,31 2 32,0
36201,'02070559307629202a09',1625,,584,12,0,87 2 88,0,275,,583,12,0,87 2 88,0
36201,'2a5b3362091f52630354',900,,585,12,0,87 2 88,0,725,,586,12,0,85 2 92,0,103,,587,12,0,87 2 88,0
36201,'4d7a6615443531084902',1300,,588,12,0,87 2 89,0,255,,589,12,0,85 2 92,0,147,,590,12,0,87 2 89,0,100,,591,12,0,87 2 88,0,98,,592,12,0,87 2 89,0
36901,'02070559307629202a09',1635,,673,12,0,128 2 129,0
36901,'1a20552b5a400f716a1b',1040,,674,12,0,130 2 131,0,780,,675,12,0,130 2 131,0
36901,'2a5b3362091f52630354',1306,,676,12,0,128 2 129,0,326,,677,12,0,128 2 129,0,98,,678,12,0,130 2 131,0
36901,'4d7a6615443531084902',1820,,679,12,0,128 2 129,0,37,,680,12,0,128 2 129,0
37301,'02070559307629202a09',1440,,687,12,0,143 2 45,0
37301,'2a5b3362091f52630354',1700,,688,12,0,143 2 45,0
37301,'4d7a6615443531084902',900,,689,12,0,143 2 45,0,828,,690,12,0,143 2 45,0
37301,'52166b36781a3037644c',1825,,691,12,0,143 2 45,0
37301,'725616403949496a5c67',1305,,692,12,0,143 2 45,0
38801,'02070559307629202a09',1252,,790,6,0,81 2 25,0,270,,789,6,0,81 2 25,0
38801,'1a20552b5a400f716a1b',943,,791,6,0,81 2 25,0
38801,'2a5b3362091f52630354',842,,797,6,0,81 2 25,0,100,,798,6,0,81 2 25,0,580,,792,6,0,81 2 25,0,101,,793,6,0,81 2 25,0,100,,794,6,0,81 2 82,0,100,,795,6,0,81 2 82,0,100,,796,6,0,81 2 25,0
38801,'2c295b0e5f4444502b59',1813,,799,6,0,81 2 25,0
38801,'4d7a6615443531084902',812,,803,6,0,81 2 25,0,100,,804,6,0,81 2 25,0,340,,805,6,0,81 2 82,0,190,,806,6,0,81 2 25,0,211,,800,6,0,83 2 84,0,100,,801,6,0,83 2 84,0,100,,802,6,0,81 2 82,0
