35600,'055e00325b240c7d4777',1135,,381,52,0,9 10 11,0,800,,382,52,0,9 10 11,0
35600,'0a3c663a7d504d200835',1630,,1245,49,0,9 10 11,0,15,,1246,50,0,9 10 11,0
35600,'0d7c5c285a59412d315b',1835,,1247,48,0,9 10 11,0
35600,'112a0b7f332a564f1678',1310,,1248,48,0,9 10 11,0
35600,'1a223768176411647430',1840,,1250,48,0,9 10 11,0
35600,'1e386a27476c5b6e1461',710,,1273,48,0,9 10 11,0,90,,1274,48,0,9 10 11,0,30,,1275,48,0,9 10 11,0,915,,1271,49,0,9 10 11,0,174,,1272,49,0,9 10 11,0
35600,'1e7832711c690d2e452a',1840,,1257,49,0,9 10 11,0,5,,1258,49,0,9 10 11,0
35600,'1f5759673f12020b0a50',710,,1253,48,0,9 10 11,0
35600,'2943795d360756687162',1520,,1249,48,0,9 10 11,0
35600,'2a2423055d636f354b6d',910,,1256,48,0,9 10 11,0
35600,'2a6804265d6c7a6d704c',1310,,1268,48,0,9 10 11,0
35600,'2f16807a52596335736c',650,,1252,48,0,9 10 11,0,360,,1251,48,0,9 10 11,0
35600,'31744f7e5638320a2d4c',1310,,1254,49,0,9 10 11,0,5,,1255,49,0,9 10 11,0
35600,'56061576073054406d39',1840,,1259,48,0,9 10 11,0
35600,'59737b0d0f044b52693e',710,,1261,48,0,9 10 11,0,40,,1262,48,0,9 10 11,0,70,,1263,48,0,9 10 11,0,920,,1260,48,0,9 10 11,0
35600,'61121d2d1b1669750837',1135,,1264,48,0,9 10 11,0,800,,1265,48,0,9 10 11,0
35600,'634b592b186b573b6758',1135,,1266,52,0,9 10 11,0,800,,1267,52,0,9 10 11,0
35600,'6d0c424c36686c087407',1520,,1269,52,0,9 10 11,0,320,,1270,52,0,9 10 11,0
