31800,'2a2423055d636f354b6d',1326,,1069,38,0,9 68 38,0
31800,'2f16807a52596335736c',712,,1067,38,0,9 68 38,0,43,,1068,38,0,9 68 38,0
31900,'2a2423055d636f354b6d',1324,,1076,29,0,9 68 38,0
31900,'2f16807a52596335736c',707,,1073,28,0,9 68 38,0,43,,1074,29,0,9 68 38,0,157,,1075,28,0,9 68 38,0
35800,'1e386a27476c5b6e1461',728,,1356,33,0,9 10 11,0,22,,1357,32,0,9 10 11,0,193,,1358,32,0,9 10 11,0
35800,'1f5759673f12020b0a50',820,,1349,32,0,9 10 11,0,497,,1350,33,0,9 10 11,0
35800,'2a2423055d636f354b6d',1621,,1353,32,0,9 10 11,0
35800,'2f16807a52596335736c',1306,,1348,32,0,9 10 11,0
35800,'3823594e52252d7f6b14',918,,1351,32,0,9 10 11,0
35800,'59737b0d0f044b52693e',722,,1354,33,0,9 10 11,0
35800,'71472061383531535e0f',705,,1352,32,0,9 10 11,0
35800,'7a7c2673351c18595c18',1721,,1355,32,0,9 10 11,0
