31900,'2a2423055d636f354b6d',1303,,1076,21,0,9 68 38,0
31900,'2f16807a52596335736c',646,,1073,20,0,9 68 38,0,83,,1074,21,0,9 68 38,0,117,,1075,20,0,9 68 38,0
35800,'1e386a27476c5b6e1461',701,,1356,25,0,9 10 11,0,20,,1357,24,0,9 10 11,0,195,,1358,24,0,9 10 11,0
35800,'1f5759673f12020b0a50',759,,1349,24,0,9 10 11,0,498,,1350,25,0,9 10 11,0
35800,'2a2423055d636f354b6d',1600,,1353,24,0,9 10 11,0
35800,'2f16807a52596335736c',1245,,1348,24,0,9 10 11,0
35800,'3823594e52252d7f6b14',859,,1351,24,0,9 10 11,0
35800,'59737b0d0f044b52693e',700,,1354,25,0,9 10 11,0
35800,'71472061383531535e0f',642,,1352,24,0,9 10 11,0
35800,'7a7c2673351c18595c18',1700,,1355,24,0,9 10 11,0
