35601,'055e00325b240c7d4777',926,,407,24,0,15 16 17,0,803,,408,24,0,15 16 17,0
35601,'075f4276790e1e273655',1429,,1276,24,0,15 16 17,0
35601,'0a3c663a7d504d200835',1544,,1277,24,0,12 13 14,0
35601,'184134507f4517151633',839,,1279,24,0,12 13 14,0
35601,'1e386a27476c5b6e1461',649,,1301,24,0,12 13 14,0,198,,1306,24,0,12 13 14,0,872,,1302,24,0,12 13 14,0,40,,1303,24,0,12 13 14,0
35601,'1f5759673f12020b0a50',659,,1284,24,0,12 13 14,0
35601,'2943795d360756687162',1259,,1278,24,0,12 13 14,0
35601,'2a2423055d636f354b6d',1944,,1289,24,0,12 13 14,0
35601,'2f16807a52596335736c',1059,,1280,24,0,12 13 14,0,370,,1281,24,0,12 13 14,0,100,,1282,24,0,12 13 14,0,390,,1283,24,0,12 13 14,0
35601,'320823102b697f311363',1429,,1285,24,0,12 13 14,0
35601,'321e5f70685c1473436a',1839,,1287,24,0,12 13 14,0
35601,'332311354b01253e3615',914,,1286,24,0,12 13 14,0
35601,'59445e7d50034e156e11',1829,,1290,24,0,12 13 14,0
35601,'59737b0d0f044b52693e',659,,1293,24,0,12 13 14,0,1050,,1291,24,0,12 13 14,0,40,,1292,24,0,12 13 14,0
35601,'61121d2d1b1669750837',926,,1294,24,0,12 13 14,0,803,,1295,24,0,12 13 14,0
35601,'634b592b186b573b6758',926,,1296,24,0,15 16 17,0,803,,1297,24,0,15 16 17,0
35601,'6d0c424c36686c087407',844,,1299,24,0,15 16 17,0,414,,1298,24,0,15 16 17,0
35601,'71472061383531535e0f',1629,,1288,24,0,12 13 14,0
35601,'7c40501f37807a467b28',1629,,1300,24,0,15 16 17,0
