37301,'02070559307629202a09',1533,,687,32,0,143 45,0
37301,'1c2e3625233d01453772',954,,1457,32,0,143 45,0,891,,1458,32,0,143 45,0
37301,'1f5759673f12020b0a50',1533,,1459,32,0,143 45,0
37301,'2a5b3362091f52630354',1810,,688,32,0,143 45,0
37301,'31744f7e5638320a2d4c',1405,,1460,32,0,143 45,0
37301,'4d7a6615443531084902',954,,689,32,0,143 45,0,891,,690,32,0,143 45,0
37301,'4f0277002864772e6462',1922,,1461,32,0,143 45,0
37301,'52166b36781a3037644c',1922,,691,32,0,143 45,0
37301,'725616403949496a5c67',1405,,692,32,0,143 45,0
37301,'7f443a14596255477616',1810,,1462,32,0,143 45,0
