35601,'02070559307629202a09',645,,403,11,0,12 13 14,0,755,,402,11,0,15 16 17,0
35601,'075f4276790e1e273655',1415,,1276,11,0,15 16 17,0
35601,'0a3c663a7d504d200835',1530,,1277,11,0,12 13 14,0
35601,'14187635613e43612170',1245,,1278,11,0,12 13 14,0
35601,'184134507f4517151633',825,,1279,11,0,12 13 14,0
35601,'1c2e3625233d01453772',1045,,1280,11,0,12 13 14,0,370,,1281,11,0,12 13 14,0,100,,1282,11,0,12 13 14,0,390,,1283,11,0,12 13 14,0
35601,'1f5759673f12020b0a50',645,,1284,11,0,12 13 14,0
35601,'220e7e723c71704c1463',830,,406,11,0,15 16 17,0,415,,404,11,0,15 16 17,0,570,,405,11,0,12 13 14,0
35601,'295d5e0567072f655d20',911,,407,11,0,15 16 17,0,804,,408,11,0,15 16 17,0
35601,'2a08755845643968295b',645,,412,11,0,12 13 14,0,970,,409,11,0,15 16 17,0,40,,410,11,0,12 13 14,0,80,,411,11,0,12 13 14,0
35601,'2a5b3362091f52630354',635,,415,11,0,12 13 14,0,196,,421,11,0,12 13 14,0,414,,413,11,0,12 13 14,0,370,,414,11,0,12 13 14,0,85,,416,11,0,12 13 14,0,40,,417,11,0,12 13 14,0,80,,418,11,0,12 13 14,0
35601,'320823102b697f311363',1415,,1285,11,0,12 13 14,0
35601,'332311354b01253e3615',900,,1286,11,0,12 13 14,0
35601,'3f575e1f5f6d63575f07',1820,,1287,11,0,12 13 14,0
35601,'494a652c1e455e3d7c72',1615,,1288,11,0,12 13 14,0
35601,'4d7a6615443531084902',1215,,422,11,0,12 13 14,0,200,,423,11,0,12 13 14,0,100,,424,11,0,12 13 14,0,390,,425,11,0,12 13 14,0
35601,'4f0277002864772e6462',1930,,1289,11,0,12 13 14,0
35601,'52166b36781a3037644c',1930,,426,11,0,12 13 14,0
35601,'59445e7d50034e156e11',1815,,1290,11,0,12 13 14,0
35601,'59737b0d0f044b52693e',645,,1293,11,0,12 13 14,0,1010,,1291,11,0,12 13 14,0,80,,1292,11,0,12 13 14,0
35601,'61121d2d1b1669750837',911,,1294,11,0,12 13 14,0,804,,1295,11,0,12 13 14,0
35601,'634b592b186b573b6758',911,,1296,11,0,15 16 17,0,804,,1297,11,0,15 16 17,0
35601,'693b6416011017175f3d',1530,,427,11,0,12 13 14,0
35601,'6d0c424c36686c087407',830,,1299,11,0,15 16 17,0,415,,1298,11,0,15 16 17,0
35601,'7c40501f37807a467b28',1615,,1300,11,0,15 16 17,0
35601,'7f443a14596255477616',635,,1301,11,0,12 13 14,0,196,,1306,11,0,12 13 14,0,869,,1302,11,0,12 13 14,0,40,,1303,11,0,12 13 14,0
