35601,'055e00325b240c7d4777',938,,407,36,0,15 16 17,0,803,,408,36,0,15 16 17,0
35601,'075f4276790e1e273655',1441,,1276,36,0,15 16 17,0
35601,'0a3c663a7d504d200835',1556,,1277,36,0,12 13 14,0
35601,'184134507f4517151633',851,,1279,36,0,12 13 14,0
35601,'1e386a27476c5b6e1461',701,,1301,36,0,12 13 14,0,156,,1306,36,0,12 13 14,0,874,,1302,36,0,12 13 14,0,80,,1303,36,0,12 13 14,0
35601,'1f5759673f12020b0a50',711,,1284,36,0,12 13 14,0
35601,'2943795d360756687162',1311,,1278,36,0,12 13 14,0
35601,'2a2423055d636f354b6d',1956,,1289,36,0,12 13 14,0
35601,'2f16807a52596335736c',1111,,1280,36,0,12 13 14,0,330,,1281,36,0,12 13 14,0,100,,1282,36,0,12 13 14,0,390,,1283,36,0,12 13 14,0
35601,'320823102b697f311363',1441,,1285,36,0,12 13 14,0
35601,'321e5f70685c1473436a',1851,,1287,36,0,12 13 14,0
35601,'332311354b01253e3615',926,,1286,36,0,12 13 14,0
35601,'59445e7d50034e156e11',1841,,1290,36,0,12 13 14,0
35601,'59737b0d0f044b52693e',711,,1293,36,0,12 13 14,0,1010,,1291,36,0,12 13 14,0,80,,1292,36,0,12 13 14,0
35601,'61121d2d1b1669750837',939,,1294,36,0,12 13 14,0,803,,1295,36,0,12 13 14,0
35601,'634b592b186b573b6758',938,,1296,36,0,15 16 17,0,803,,1297,36,0,15 16 17,0
35601,'6d0c424c36686c087407',856,,1299,36,0,15 16 17,0,455,,1298,36,0,15 16 17,0
35601,'71472061383531535e0f',1641,,1288,36,0,12 13 14,0
35601,'7c40501f37807a467b28',1641,,1300,36,0,15 16 17,0
