36201,'02070559307629202a09',1703,,584,21,0,87 88,0,230,,583,21,0,87 88,0
36201,'1c2e3625233d01453772',1336,,1383,21,0,87 89,0,298,,1384,21,0,85 92,0,104,,1385,21,0,87 89,0,100,,1386,21,0,87 88,0,95,,1387,21,0,87 89,0
36201,'1f5759673f12020b0a50',1703,,1389,21,0,87 88,0,230,,1388,21,0,87 88,0
36201,'2a5b3362091f52630354',936,,585,21,0,87 88,0,768,,586,21,0,85 92,0,104,,587,21,0,87 88,0
36201,'4d7a6615443531084902',1336,,588,21,0,87 89,0,298,,589,21,0,85 92,0,104,,590,21,0,87 89,0,100,,591,21,0,87 88,0,95,,592,21,0,87 89,0
36201,'7f443a14596255477616',936,,1390,21,0,87 88,0,768,,1391,21,0,85 92,0,104,,1392,21,0,87 88,0
38801,'02070559307629202a09',1326,,790,15,0,81 25,0,230,,789,15,0,81 25,0
38801,'1a20552b5a400f716a1b',1016,,791,15,0,81 25,0
38801,'1c2e3625233d01453772',846,,1560,15,0,81 25,0,100,,1561,15,0,81 25,0,380,,1562,15,0,81 82,0,190,,1563,15,0,81 25,0,216,,1557,15,0,83 84,0,100,,1558,15,0,83 84,0,94,,1559,15,0,81 82,0
38801,'1f5759673f12020b0a50',1326,,1565,15,0,81 25,0,230,,1564,15,0,81 25,0
38801,'2a5b3362091f52630354',916,,797,15,0,81 25,0,100,,798,15,0,81 25,0,540,,792,15,0,81 25,0,146,,793,15,0,81 25,0,100,,794,15,0,81 82,0,100,,795,15,0,81 82,0,54,,796,15,0,81 25,0
38801,'2c295b0e5f4444502b59',1846,,799,15,0,81 25,0
38801,'31744f7e5638320a2d4c',1331,,1566,8,0,81 25,0
38801,'3823594e52252d7f6b14',1016,,1567,15,0,81 25,0
38801,'4d7a6615443531084902',846,,803,15,0,81 25,0,100,,804,15,0,81 25,0,380,,805,15,0,81 82,0,190,,806,15,0,81 25,0,216,,800,15,0,83 84,0,100,,801,15,0,83 84,0,94,,802,15,0,81 82,0
38801,'725616403949496a5c67',1331,,807,8,0,81 25,0
38801,'7a7c2673351c18595c18',1846,,1568,15,0,81 25,0
38801,'7f443a14596255477616',916,,1574,15,0,81 25,0,100,,1575,15,0,81 25,0,540,,1569,15,0,81 25,0,146,,1570,15,0,81 25,0,100,,1571,15,0,81 82,0,100,,1572,15,0,81 82,0,54,,1573,15,0,81 25,0
