35101,'1f5759673f12020b0a50',1845,,1176,9,0,20 21 22,0
35101,'300d603a345a5010103b',915,,312,9,0,20 21 22,0,340,,313,9,0,20 21 22,0,190,,314,9,0,20 21 22,0
35101,'31744f7e5638320a2d4c',1337,,1177,9,0,20 21 22,0
35101,'3823594e52252d7f6b14',1000,,1178,9,0,20 21 22,0
35101,'485f012a2c6b445e7a47',1800,,310,9,0,20 21 22,0
35101,'4f0277002864772e6462',915,,1179,9,0,20 21 22,0,340,,1180,9,0,20 21 22,0,190,,1181,9,0,20 21 22,0
35101,'5c112750394b6b07283a',1845,,302,9,0,20 21 22,0
35101,'75034b1d5a2e41380d0c',1000,,303,9,0,20 21 22,0
35101,'7a7c2673351c18595c18',1800,,1182,9,0,20 21 22,0
35101,'7f443a14596255477616',642,,1186,9,0,23 24 18,0,102,,1188,9,0,23 24 18,0,859,,1183,9,0,23 25,0,204,,1184,9,0,20 21 22,0,123,,1185,9,0,20 21 22,0
