35601,'02070559307629202a09',1419,,402,29,0,15 16 17,0
35601,'075f4276790e1e273655',1434,,1276,29,0,15 16 17,0
35601,'0a3c663a7d504d200835',1549,,1277,29,0,12 13 14,0
35601,'14187635613e43612170',1304,,1278,29,0,12 13 14,0
35601,'184134507f4517151633',844,,1279,29,0,12 13 14,0
35601,'1c2e3625233d01453772',1104,,1280,29,0,12 13 14,0,330,,1281,29,0,12 13 14,0,100,,1282,29,0,12 13 14,0,390,,1283,29,0,12 13 14,0
35601,'1e10375f42313a246a18',1234,,422,29,0,12 13 14,0,200,,423,29,0,12 13 14,0,100,,424,29,0,12 13 14,0,390,,425,29,0,12 13 14,0
35601,'1f5759673f12020b0a50',704,,1284,29,0,12 13 14,0
35601,'2173665b1e6d5b0e5d56',704,,403,29,0,12 13 14,0
35601,'220e7e723c71704c1463',849,,406,29,0,15 16 17,0,455,,404,29,0,15 16 17,0
35601,'2a08755845643968295b',1634,,409,29,0,15 16 17,0
35601,'2d6a412e153614600940',1834,,405,29,0,12 13 14,0
35601,'320823102b697f311363',1434,,1285,29,0,12 13 14,0
35601,'332311354b01253e3615',919,,1286,29,0,12 13 14,0
35601,'3f575e1f5f6d63575f07',1844,,1287,29,0,12 13 14,0
35601,'494a652c1e455e3d7c72',1634,,1288,29,0,12 13 14,0
35601,'4f0277002864772e6462',1949,,1289,29,0,12 13 14,0
35601,'59445e7d50034e156e11',1834,,1290,29,0,12 13 14,0
35601,'59737b0d0f044b52693e',704,,1293,29,0,12 13 14,0,1010,,1291,29,0,12 13 14,0,40,,1292,29,0,12 13 14,0
35601,'5a622e2f735638475e4f',704,,412,29,0,12 13 14,0,1010,,410,29,0,12 13 14,0,40,,411,29,0,12 13 14,0
35601,'61121d2d1b1669750837',931,,1294,29,0,12 13 14,0,803,,1295,29,0,12 13 14,0
35601,'614f756f5f66407a564d',1949,,426,29,0,12 13 14,0
35601,'634b592b186b573b6758',931,,1296,29,0,15 16 17,0,803,,1297,29,0,15 16 17,0
35601,'6d0c424c36686c087407',849,,1299,29,0,15 16 17,0,455,,1298,29,0,15 16 17,0
35601,'7c40501f37807a467b28',1634,,1300,29,0,15 16 17,0
35601,'7f443a14596255477616',654,,1301,29,0,12 13 14,0,195,,1306,29,0,12 13 14,0,875,,1302,29,0,12 13 14,0,80,,1303,29,0,12 13 14,0
35601,'80152c04633e535e6600',931,,407,29,0,15 16 17,0,803,,408,29,0,15 16 17,0
