35701,'02070559307629202a09',855,,445,35,0,12 13 14,0
35701,'0d4e3278231744213640',1834,,1326,35,0,12 13 14,0
35701,'1a20552b5a400f716a1b',1955,,446,35,0,12 13 14,0
35701,'1c2e3625233d01453772',1345,,1330,35,0,12 13 14,0,290,,1327,35,0,12 13 14,0,99,,1328,35,0,12 13 14,0,281,,1329,35,0,12 13 14,0
35701,'220e7e723c71704c1463',940,,448,35,0,15 16 17,0,889,,447,35,0,12 13 14,0
35701,'295d5e0567072f655d20',1114,,449,35,0,15 16 17,0
35701,'2a08755845643968295b',831,,452,35,0,12 13 14,0,384,,453,35,0,15 16 17,0,539,,450,35,0,12 13 14,0,151,,451,35,0,12 13 14,0
35701,'2a5b3362091f52630354',843,,457,35,0,12 18 19,0,102,,458,35,0,12 13 14,0,270,,459,35,0,12 13 14,0,544,,454,35,0,12 13 14,0,75,,455,35,0,12 13 14,0,79,,456,35,0,12 13 14,0
35701,'320823102b697f311363',855,,1331,35,0,12 13 14,0
35701,'332311354b01253e3615',904,,1332,35,0,12 18 19,0
35701,'3823594e52252d7f6b14',1955,,1333,35,0,12 13 14,0
35701,'494a652c1e455e3d7c72',945,,1334,35,0,12 13 14,0,270,,1335,35,0,12 13 14,0
35701,'4d7a6615443531084902',1345,,463,35,0,12 13 14,0,290,,460,35,0,12 13 14,0,99,,461,35,0,12 13 14,0,281,,462,35,0,12 13 14,0
35701,'59445e7d50034e156e11',1829,,1336,35,0,12 13 14,0
35701,'59737b0d0f044b52693e',831,,1339,35,0,12 13 14,0,923,,1337,35,0,12 13 14,0,151,,1338,35,0,12 13 14,0
35701,'61121d2d1b1669750837',1114,,1340,35,0,12 13 14,0
35701,'634b592b186b573b6758',1114,,1341,35,0,15 16 17,0
35701,'6d0c424c36686c087407',940,,1342,35,0,15 16 17,0
35701,'7c40501f37807a467b28',1215,,1343,35,0,15 16 17,0
35701,'7f443a14596255477616',843,,1347,35,0,12 18 19,0,916,,1344,35,0,12 13 14,0,75,,1345,35,0,12 13 14,0,79,,1346,35,0,12 13 14,0
