30300,'2f16807a52596335736c',715,,989,6,4,,0,30,,991,9,4,,0,70,,992,6,4,,0,35,,993,5,4,,0,550,,994,5,4,,0,300,,995,5,4,,0,30,,996,5,4,,0,70,,997,5,4,,0,30,,987,5,4,,0,70,,988,5,4,,0
30301,'112a0b7f332a564f1678',1240,,998,1,0,56 117,0
30301,'2f16807a52596335736c',725,,1008,1,0,56 117,0,30,,1009,1,0,56 117,0,70,,1010,1,0,56 117,0,785,,1011,1,0,56 117,0,30,,1012,1,0,56 117,0,70,,1000,1,0,56 117,0,30,,1001,1,0,56 117,0,70,,1004,1,0,39 40,0,30,,1006,1,0,56 117,0,70,,1007,1,0,56 117,0
30301,'31744f7e5638320a2d4c',1240,,1014,1,0,39 40,0
30301,'65010049261f3230571f',1240,,1015,1,0,56 117,0
35000,'1e386a27476c5b6e1461',655,,1128,52,4,,0,90,,1130,31,4,,0,10,,1129,52,4,,0,45,,1131,30,4,,0,50,,1132,53,4,,0
35000,'1f5759673f12020b0a50',910,,1117,54,4,,0
35000,'2f16807a52596335736c',720,,1114,52,4,,0,90,,1115,58,4,,0,130,,1112,58,4,,0,680,,1113,52,4,,0
35000,'59737b0d0f044b52693e',840,,1127,52,4,,0
35001,'1e386a27476c5b6e1461',1740,,1154,1,0,144 25,0
35001,'1e7832711c690d2e452a',1700,,1146,1,0,144 25,0,10,,1147,1,0,144 25,0,100,,1148,1,0,144 25,0,10,,1149,1,0,144 25,0,10,,1150,1,0,144 25,0
35001,'1f5759673f12020b0a50',1740,,1140,1,0,105 10 52,0
35001,'2f16807a52596335736c',830,,1138,1,0,144 25,0,590,,1134,1,0,105 10 52,0,195,,1135,1,0,105 10 52,0,290,,1137,1,0,144 25,0
35001,'31744f7e5638320a2d4c',1225,,1143,1,0,144 25,0,15,,1144,1,0,144 25,0,90,,1145,1,0,144 25,0,370,,1141,1,0,144 25,0,110,,1142,1,0,144 25,0
35001,'59737b0d0f044b52693e',1700,,1151,1,0,144 25,0,40,,1152,1,0,144 25,0,70,,1153,1,0,144 25,0
38300,'1e386a27476c5b6e1461',725,,1534,26,4,,0,30,,1535,40,4,,0
38300,'1f5759673f12020b0a50',755,,1531,40,4,,0
38300,'2f16807a52596335736c',855,,1529,26,4,,0,590,,1530,40,4,,0
38300,'59737b0d0f044b52693e',755,,1533,40,4,,0
38300,'71472061383531535e0f',1750,,1532,26,4,,0
38301,'1e7832711c690d2e452a',1625,,1538,1,0,147 117,0
38301,'2a2423055d636f354b6d',1250,,1537,1,0,63 21 64,0
38301,'2e3411187e393b60664e',730,,1539,1,0,147 117,0
38301,'2f16807a52596335736c',1825,,1536,1,0,63 21 64,0
38301,'6e63331c083228186b3c',930,,1540,1,0,147 117,0
