36901,'1e386a27476c5b6e1461',1716,,1449,25,0,128 129,0,114,,1450,25,0,130 131,0
36901,'1f5759673f12020b0a50',1715,,1445,25,0,128 129,0
36901,'2f16807a52596335736c',1910,,1443,25,0,128 129,0,30,,1444,25,0,128 129,0
36901,'3823594e52252d7f6b14',1117,,1446,25,0,130 131,0,740,,1447,25,0,130 131,0
36901,'71472061383531535e0f',1347,,1448,25,0,128 129,0
37301,'1e386a27476c5b6e1461',1753,,1462,25,0,143 45,0
37301,'1f5759673f12020b0a50',1518,,1459,25,0,143 45,0
37301,'2a2423055d636f354b6d',1906,,1461,25,0,143 45,0
37301,'2f16807a52596335736c',939,,1457,25,0,143 45,0,888,,1458,25,0,143 45,0
37301,'31744f7e5638320a2d4c',1348,,1460,25,0,143 45,0
