35700,'055e00325b240c7d4777',1839,,432,40,0,9 10 11,0
35700,'0a3c663a7d504d200835',1733,,1307,36,0,9 10 11,0
35700,'1c2e3625233d01453772',705,,1309,36,0,9 10 11,0,348,,1310,36,0,9 10 11,0,500,,1308,36,0,9 10 11,0
35700,'320823102b697f311363',1413,,1311,36,0,9 10 11,0
35700,'3823594e52252d7f6b14',949,,1312,36,0,9 10 11,0
35700,'3f575e1f5f6d63575f07',732,,1313,36,0,9 10 11,0
35700,'416039027b4e59137846',1403,,1314,36,0,9 10 11,0
35700,'494a652c1e455e3d7c72',1413,,1315,38,0,9 10 11,0,397,,1316,36,0,9 10 11,0
35700,'59445e7d50034e156e11',724,,1317,36,0,9 10 11,0
35700,'59737b0d0f044b52693e',744,,1318,36,0,9 10 11,0,67,,1319,36,0,9 10 11,0
35700,'61121d2d1b1669750837',1839,,1320,36,0,9 10 11,0
35700,'634b592b186b573b6758',1839,,1321,40,0,9 10 11,0
35700,'6d0c424c36686c087407',1413,,1322,40,0,9 10 11,0,393,,1323,40,0,9 10 11,0
35700,'7f443a14596255477616',754,,1324,36,0,9 10 11,0,66,,1325,36,0,9 10 11,0
