35600,'02070559307629202a09',650,,373,27,0,9 10 11,0
35600,'0a2f1e22095132130163',1820,,374,28,0,9 10 11,0,5,,375,28,0,9 10 11,0
35600,'1c42311e025d3b40504f',1725,,376,28,0,9 10 11,0
35600,'200a2d69427732221f48',1250,,377,27,0,9 10 11,0
35600,'220e7e723c71704c1463',1500,,378,31,0,9 10 11,0,330,,379,31,0,9 10 11,0
35600,'2752046f425a49721d09',1250,,380,27,0,9 10 11,0
35600,'295d5e0567072f655d20',1115,,381,31,0,9 10 11,0,800,,382,31,0,9 10 11,0
35600,'2a08755845643968295b',650,,384,27,0,9 10 11,0,80,,385,27,0,9 10 11,0,70,,386,27,0,9 10 11,0,920,,383,27,0,9 10 11,0
35600,'2a5b3362091f52630354',650,,389,27,0,9 10 11,0,84,,390,27,0,9 10 11,0,70,,391,27,0,9 10 11,0,696,,387,27,0,9 10 11,0,359,,388,28,0,9 10 11,0
35600,'4d7a6615443531084902',630,,393,27,0,9 10 11,0,320,,392,27,0,9 10 11,0
35600,'52166b36781a3037644c',850,,394,27,0,9 10 11,0
35600,'693b6416011017175f3d',1610,,395,28,0,9 10 11,0,15,,396,29,0,9 10 11,0,100,,397,29,0,9 10 11,0
35600,'725616403949496a5c67',1250,,398,28,0,9 10 11,0,5,,399,28,0,9 10 11,0,565,,401,27,0,9 10 11,0
