36200,'02070559307629202a09',957,,573,22,0,9 10 11,0,261,,574,22,0,9 10 11,0
36200,'1c2e3625233d01453772',726,,1374,23,0,9 10 11,0,112,,1375,23,0,9 10 11,0,380,,1376,23,0,9 10 11,0,594,,1373,22,0,9 10 11,0
36200,'1f5759673f12020b0a50',957,,1377,22,0,9 10 11,0,261,,1378,22,0,9 10 11,0
36200,'2a5b3362091f52630354',804,,575,22,0,9 10 11,0,153,,576,22,0,9 10 11,0,651,,577,18,0,9 10 11,0,102,,578,22,0,9 10 11,0
36200,'4d7a6615443531084902',726,,580,23,0,9 10 11,0,112,,581,23,0,9 10 11,0,380,,582,23,0,9 10 11,0,594,,579,22,0,9 10 11,0
36200,'7f443a14596255477616',804,,1379,22,0,9 10 11,0,153,,1380,22,0,9 10 11,0,651,,1381,18,0,9 10 11,0,102,,1382,22,0,9 10 11,0
36300,'02070559307629202a09',1324,,593,27,0,9 10 11,0
36300,'1c2e3625233d01453772',801,,1393,27,0,9 10 11,0
36300,'1f5759673f12020b0a50',1330,,1394,27,0,9 10 11,0
36300,'296b622873433b653522',1324,,594,27,0,9 10 11,0
36300,'2a08755845643968295b',1752,,595,24,0,9 10 11,0
36300,'2a5b3362091f52630354',703,,596,27,0,9 10 11,0,246,,597,24,0,9 10 11,0
36300,'44487e3c3e7f21570e19',1330,,1395,27,0,9 10 11,0
36300,'4d7a6615443531084902',753,,598,27,0,9 10 11,0
36300,'59737b0d0f044b52693e',1757,,1396,24,0,9 10 11,0
36300,'7f443a14596255477616',710,,1397,27,0,9 10 11,0,247,,1398,24,0,9 10 11,0
36500,'00746f10327b7c6a3879',1325,,637,53,0,9 10 11,0
36500,'02070559307629202a09',833,,638,52,0,9 10 11,0
36500,'0a2f1e22095132130163',1801,,639,39,0,9 10 11,0
36500,'0e5131610429337c0530',1016,,1403,39,0,9 10 11,0
36500,'1a20552b5a400f716a1b',1051,,640,53,0,9 10 11,0
36500,'1c2e3625233d01453772',745,,1404,53,0,9 10 11,0,80,,1406,38,0,9 10 11,0
36500,'1c486c5002601c4a534a',1804,,1407,38,0,9 10 11,0
36500,'1f5759673f12020b0a50',833,,1408,52,0,9 10 11,0
36500,'2a5b3362091f52630354',720,,642,38,0,9 10 11,0,180,,643,53,0,9 10 11,0,115,,644,40,0,9 10 11,0,490,,641,53,0,9 10 11,0
36500,'2c14404d6d61074b6d28',1331,,1409,52,0,9 10 11,0
36500,'2d0d0c223c38203b5e0d',1331,,1410,53,0,9 10 11,0
36500,'310c545b6d5159571c44',1905,,645,53,0,9 10 11,0
36500,'31744f7e5638320a2d4c',1411,,1411,35,0,9 10 11,0
36500,'3823594e52252d7f6b14',1051,,1413,53,0,9 10 11,0,856,,1412,53,0,9 10 11,0
36500,'494a652c1e455e3d7c72',723,,1414,38,0,9 10 11,0
36500,'4d7a6615443531084902',745,,646,53,0,9 10 11,0,78,,648,38,0,9 10 11,0
36500,'4f0277002864772e6462',1905,,1415,53,0,9 10 11,0
36500,'553d275f1455102c362a',1805,,1416,39,0,9 10 11,0
36500,'725616403949496a5c67',1411,,649,35,0,9 10 11,0
36500,'756c797a51436f4d0414',1756,,650,38,0,9 10 11,0
36500,'791e712d420e14727657',1019,,1417,40,0,9 10 11,0
36500,'7b6f6f4a0e36407a261f',1325,,651,52,0,9 10 11,0
36500,'7f443a14596255477616',900,,1419,53,0,9 10 11,0,604,,1418,53,0,9 10 11,0
36900,'02070559307629202a09',1109,,667,25,0,9 10 11,0
36900,'1a20552b5a400f716a1b',951,,668,24,0,9 10 11,0,784,,669,24,0,9 10 11,0
36900,'1c2e3625233d01453772',753,,1437,25,0,9 10 11,0,166,,1438,24,0,9 10 11,0
36900,'1f5759673f12020b0a50',1109,,1439,25,0,9 10 11,0
36900,'2a5b3362091f52630354',719,,670,24,0,9 10 11,0
36900,'3823594e52252d7f6b14',951,,1440,24,0,9 10 11,0,784,,1441,24,0,9 10 11,0
36900,'494a652c1e455e3d7c72',719,,1442,24,0,9 10 11,0
36900,'4d7a6615443531084902',753,,671,25,0,9 10 11,0,166,,672,24,0,9 10 11,0
37300,'02070559307629202a09',902,,681,29,0,9 10 11,0
37300,'1c2e3625233d01453772',744,,1451,29,0,9 10 11,0,886,,1452,29,0,9 10 11,0
37300,'1f5759673f12020b0a50',902,,1453,29,0,9 10 11,0
37300,'2a5b3362091f52630354',812,,682,29,0,9 10 11,0,90,,683,29,0,9 10 11,0
37300,'4d7a6615443531084902',744,,684,29,0,9 10 11,0,886,,685,29,0,9 10 11,0
37300,'4f0277002864772e6462',1336,,1454,29,0,9 10 11,0
37300,'52166b36781a3037644c',1336,,686,29,0,9 10 11,0
37300,'7f443a14596255477616',812,,1455,29,0,9 10 11,0,90,,1456,29,0,9 10 11,0
