31000,'2d754f17311a6a76795e',930,,1054,11,4,,0
31001,'2d754f17311a6a76795e',1134,,1055,2,0,55 40,0
35000,'112a0b7f332a564f1678',1239,,1110,16,0,60 103 104,0
35000,'16096334352325192d1f',1738,,1111,16,0,60 103 104,0
35000,'1c486c5002601c4a534a',1738,,1116,16,0,60 103 104,0
35000,'1e386a27476c5b6e1461',610,,1128,8,0,9 35 36 37 38,0,45,,1129,8,0,9 35 36 37 38,0,45,,1130,8,0,9 35 36 37 38,0,52,,1132,9,0,9 35 36 37 38,0
35000,'1e7832711c690d2e452a',1748,,1123,18,0,60 103 104,0,70,,1125,16,0,60 103 104,0
35000,'1f5759673f12020b0a50',825,,1117,14,0,9 35 36 37 38,0
35000,'2f16807a52596335736c',635,,1114,8,0,9 35 36 37 38,0,77,,1115,14,0,9 35 36 37 38,0,140,,1112,14,0,9 35 36 37 38,0,683,,1113,8,0,9 35 36 37 38,0
35000,'31744f7e5638320a2d4c',1249,,1118,18,0,60 103 104,0,73,,1120,16,0,60 103 104,0
35000,'59737b0d0f044b52693e',755,,1127,8,0,9 35 36 37 38,0
35000,'65010049261f3230571f',1239,,1122,16,0,60 103 104,0
