35101,'02070559307629202a09',1850,,302,12,0,20 21 22,0
35101,'1a20552b5a400f716a1b',1005,,303,12,0,20 21 22,0
35101,'1f5759673f12020b0a50',1850,,1176,12,0,20 21 22,0
35101,'2a5b3362091f52630354',646,,307,12,0,23 24 18,0,104,,309,12,0,23 24 18,0,858,,304,12,0,23 25,0,203,,305,12,0,20 21 22,0,124,,306,12,0,20 21 22,0
35101,'2c295b0e5f4444502b59',1805,,310,12,0,20 21 22,0
35101,'31744f7e5638320a2d4c',1342,,1177,12,0,20 21 22,0
35101,'3823594e52252d7f6b14',1005,,1178,12,0,20 21 22,0
35101,'4f0277002864772e6462',920,,1179,12,0,20 21 22,0,380,,1180,12,0,20 21 22,0,150,,1181,12,0,20 21 22,0
35101,'52166b36781a3037644c',920,,312,12,0,20 21 22,0,380,,313,12,0,20 21 22,0,150,,314,12,0,20 21 22,0
35101,'725616403949496a5c67',1342,,315,12,0,20 21 22,0
35101,'7a7c2673351c18595c18',1805,,1182,12,0,20 21 22,0
35101,'7f443a14596255477616',646,,1186,12,0,23 24 18,0,104,,1188,12,0,23 24 18,0,858,,1183,12,0,23 25,0,203,,1184,12,0,20 21 22,0,124,,1185,12,0,20 21 22,0
