35701,'0d4e3278231744213640',1800,,1326,13,0,12 13 14,0
35701,'136e6b484c454e417465',1929,,446,13,0,12 13 14,0
35701,'1c2e3625233d01453772',1318,,1330,13,0,12 13 14,0,290,,1327,13,0,12 13 14,0,92,,1328,13,0,12 13 14,0,248,,1329,13,0,12 13 14,0
35701,'320823102b697f311363',829,,1331,13,0,12 13 14,0
35701,'332311354b01253e3615',833,,1332,13,0,12 18 19,0
35701,'3823594e52252d7f6b14',1929,,1333,13,0,12 13 14,0
35701,'3a4a044232474e33312b',1045,,449,13,0,15 16 17,0
35701,'3a511f30370a721b2433',829,,445,13,0,12 13 14,0
35701,'494a652c1e455e3d7c72',918,,1334,13,0,12 13 14,0,230,,1335,13,0,12 13 14,0
35701,'59445e7d50034e156e11',1758,,1336,13,0,12 13 14,0
35701,'59737b0d0f044b52693e',803,,1339,13,0,12 13 14,0,916,,1337,13,0,12 13 14,0,119,,1338,13,0,12 13 14,0
35701,'61121d2d1b1669750837',1045,,1340,13,0,12 13 14,0
35701,'634b592b186b573b6758',1045,,1341,13,0,15 16 17,0
35701,'69181125652d7e4d6a80',803,,452,13,0,12 13 14,0,345,,453,13,0,15 16 17,0,170,,463,13,0,12 13 14,0,290,,460,13,0,12 13 14,0,92,,461,13,0,12 13 14,0,19,,450,13,0,12 13 14,0,119,,451,13,0,12 13 14,0,110,,462,13,0,12 13 14,0
35701,'6d0c424c36686c087407',915,,1342,13,0,15 16 17,0
35701,'702c275e051204394d01',915,,448,13,0,15 16 17,0,843,,447,13,0,12 13 14,0
35701,'7c40501f37807a467b28',1148,,1343,13,0,15 16 17,0
35701,'7f443a14596255477616',810,,1347,13,0,12 18 19,0,918,,1344,13,0,12 13 14,0,72,,1345,13,0,12 13 14,0,42,,1346,13,0,12 13 14,0
