35500,'033e170961301f7a0308',723,,1649,6,0,9 26,0
35500,'055e00325b240c7d4777',838,,1220,6,0,9 10 11,0,715,,1219,6,0,9 10 11,0
35500,'126535785649426e467c',613,,1651,6,0,9 10 11,0
35500,'210a7c3e60384f725e7c',838,,1654,6,0,9 10 11,0,715,,1653,6,0,9 10 11,0
35500,'4f67586f291357636e2f',1228,,1658,6,0,9 26,0
35500,'59737b0d0f044b52693e',638,,1660,6,0,9 10 11,0
35500,'5d5f40704724192d5825',628,,1227,6,0,9 10 11,0
35500,'723148100c272b183b65',723,,1218,6,0,9 26,0
35500,'7360781f782d14543c3f',1228,,1224,6,0,9 26,0
37501,'31744f7e5638320a2d4c',1227,,1465,13,0,28 29,0
37501,'553d275f1455102c362a',1817,,1467,13,0,28 29,0
