34400,'1e386a27476c5b6e1461',705,,1099,3,0,65 18 140,0
34400,'2a2423055d636f354b6d',1357,,1096,3,0,158 159,0
34400,'2f16807a52596335736c',747,,1094,3,0,158 159,0
34400,'532f7e634a3b56246321',855,,1097,3,0,65 66 67,0
34400,'59737b0d0f044b52693e',712,,1098,3,0,158 159,0
34400,'7061714f794c79290d6c',905,,1095,3,0,65 66 67,0
36500,'1e386a27476c5b6e1461',649,,1419,3,0,9 10 11,0,666,,1418,3,0,9 10 11,0
36500,'1f5759673f12020b0a50',649,,1408,3,0,9 10 11,0
36500,'2a2423055d636f354b6d',1710,,1415,3,0,9 10 11,0
36500,'2c14404d6d61074b6d28',1137,,1409,3,0,9 10 11,0
36500,'2f16807a52596335736c',549,,1404,3,0,9 10 11,0,71,,1405,3,0,133 134,0
36500,'2f6b6069415f08614303',1137,,1410,3,0,9 10 11,0
36500,'3823594e52252d7f6b14',900,,1413,3,0,9 10 11,0,805,,1412,3,0,9 10 11,0
