35600,'02070559307629202a09',718,,373,53,0,9 2 10 11,0
35600,'0a2f1e22095132130163',1851,,374,54,0,9 2 10 11,0,5,,375,54,0,9 2 10 11,0
35600,'1c42311e025d3b40504f',1756,,376,54,0,9 2 10 11,0
35600,'200a2d69427732221f48',1320,,377,53,0,9 2 10 11,0
35600,'220e7e723c71704c1463',1530,,378,57,0,9 2 10 11,0,372,,379,57,0,9 2 10 11,0
35600,'2752046f425a49721d09',1320,,380,53,0,9 2 10 11,0
35600,'295d5e0567072f655d20',1143,,381,57,0,9 2 10 11,0,801,,382,57,0,9 2 10 11,0
35600,'2a08755845643968295b',718,,384,53,0,9 2 10 11,0,82,,385,53,0,9 2 10 11,0,30,,386,53,0,9 2 10 11,0,921,,383,53,0,9 2 10 11,0
35600,'2a5b3362091f52630354',721,,389,53,0,9 2 10 11,0,97,,390,53,0,9 2 10 11,0,23,,391,53,0,9 2 10 11,0,689,,387,53,0,9 2 10 11,0,403,,388,54,0,9 2 10 11,0
35600,'4d7a6615443531084902',658,,393,53,0,9 2 10 11,0,362,,392,53,0,9 2 10 11,0
35600,'52166b36781a3037644c',921,,394,53,0,9 2 10 11,0
35600,'725616403949496a5c67',1320,,398,54,0,9 2 10 11,0,5,,399,54,0,9 2 10 11,0,527,,401,53,0,9 2 10 11,0
