36201,'02070559307629202a09',1702,,584,20,0,87 88,0,230,,583,20,0,87 88,0
36201,'1c2e3625233d01453772',1335,,1383,20,0,87 89,0,298,,1384,20,0,85 92,0,104,,1385,20,0,87 89,0,100,,1386,20,0,87 88,0,95,,1387,20,0,87 89,0
36201,'1f5759673f12020b0a50',1702,,1389,20,0,87 88,0,230,,1388,20,0,87 88,0
36201,'2a5b3362091f52630354',935,,585,20,0,87 88,0,768,,586,20,0,85 92,0,104,,587,20,0,87 88,0
36201,'4d7a6615443531084902',1335,,588,20,0,87 89,0,298,,589,20,0,85 92,0,104,,590,20,0,87 89,0,100,,591,20,0,87 88,0,95,,592,20,0,87 89,0
36201,'7f443a14596255477616',935,,1390,20,0,87 88,0,768,,1391,20,0,85 92,0,104,,1392,20,0,87 88,0
38801,'02070559307629202a09',1324,,790,14,0,81 25,0,230,,789,14,0,81 25,0
38801,'1a20552b5a400f716a1b',1014,,791,14,0,81 25,0
38801,'1c2e3625233d01453772',844,,1560,14,0,81 25,0,100,,1561,14,0,81 25,0,380,,1562,14,0,81 82,0,190,,1563,14,0,81 25,0,216,,1557,14,0,83 84,0,100,,1558,14,0,83 84,0,94,,1559,14,0,81 82,0
38801,'1f5759673f12020b0a50',1324,,1565,14,0,81 25,0,230,,1564,14,0,81 25,0
38801,'2a5b3362091f52630354',914,,797,14,0,81 25,0,100,,798,14,0,81 25,0,540,,792,14,0,81 25,0,146,,793,14,0,81 25,0,100,,794,14,0,81 82,0,100,,795,14,0,81 82,0,54,,796,14,0,81 25,0
38801,'2c295b0e5f4444502b59',1844,,799,14,0,81 25,0
38801,'31744f7e5638320a2d4c',1329,,1566,7,0,81 25,0
38801,'3823594e52252d7f6b14',1014,,1567,14,0,81 25,0
38801,'4d7a6615443531084902',844,,803,14,0,81 25,0,100,,804,14,0,81 25,0,380,,805,14,0,81 82,0,190,,806,14,0,81 25,0,216,,800,14,0,83 84,0,100,,801,14,0,83 84,0,94,,802,14,0,81 82,0
38801,'725616403949496a5c67',1329,,807,7,0,81 25,0
38801,'7a7c2673351c18595c18',1844,,1568,14,0,81 25,0
38801,'7f443a14596255477616',914,,1574,14,0,81 25,0,100,,1575,14,0,81 25,0,540,,1569,14,0,81 25,0,146,,1570,14,0,81 25,0,100,,1571,14,0,81 82,0,100,,1572,14,0,81 82,0,54,,1573,14,0,81 25,0
