35500,'033e170961301f7a0308',827,,1649,34,0,9 26,0
35500,'055e00325b240c7d4777',942,,1220,34,0,9 10 11,0,715,,1219,34,0,9 10 11,0
35500,'126535785649426e467c',713,,1650,24,0,9 10 11,0,13,,1651,34,0,9 10 11,0,107,,1652,13,0,9 26,0
35500,'210a7c3e60384f725e7c',942,,1654,34,0,9 10 11,0,715,,1653,34,0,9 10 11,0
35500,'2530772d5b5960361a09',1222,,1223,24,0,9 26,0,110,,1224,34,0,9 26,0,118,,1221,13,0,9 26,0,262,,1222,24,0,9 26,0
35500,'4f67586f291357636e2f',1222,,1657,24,0,9 26,0,110,,1658,34,0,9 26,0,118,,1655,13,0,9 26,0,262,,1656,24,0,9 26,0
35500,'566406012b1e7e430018',942,,1659,24,0,9 26,0
35500,'59737b0d0f044b52693e',742,,1660,34,0,9 10 11,0
35500,'723148100c272b183b65',827,,1218,34,0,9 26,0
35500,'7249395f521c57637d3d',713,,1226,24,0,9 10 11,0,28,,1227,34,0,9 10 11,0,92,,1228,13,0,9 26,0,109,,1217,24,0,9 26,0
