35900,'114a44065a5209536517',731,,500,18,0,51 10 52 2 29,0,405,,501,18,0,51 10 52 2 29,0,195,,502,18,0,51 10 52 2 29,0
35900,'2c5f74455e25454d432d',658,,1369,18,0,51 10 52 2 29,0,1173,,1368,18,0,51 10 52 2 29,0
35900,'3f242a2f47502e255740',634,,497,18,0,51 10 52 2 29,0,167,,498,18,0,51 10 52 2 29,0,730,,499,18,0,51 10 52 2 29,0,180,,496,18,0,51 10 52 2 29,0
35900,'4a0603184e160563480a',846,,485,18,0,51 10 52 2 29,0
35900,'4b6f482a4a7216552331',1646,,484,18,0,51 10 52 2 29,0
36100,'114a44065a5209536517',1241,,561,13,0,51 10 52 2 29,0
36100,'2c5f74455e25454d432d',726,,1371,13,0,51 10 52 2 29,0,800,,1372,13,0,51 10 52 2 29,0
36100,'3f242a2f47502e255740',626,,558,13,0,51 10 52 2 29,0,415,,559,13,0,51 10 52 2 29,0
36100,'3f4d67570e29103a1e70',836,,552,13,0,51 10 52 2 29,0
36100,'4b6f482a4a7216552331',1526,,551,13,0,51 10 52 2 29,0
36100,'79634f716a31375a174a',726,,560,13,0,51 10 52 2 29,0
