36501,'0e5131610429337c0530',728,,1420,17,0,135 25,0,115,,1421,17,0,166 32,0
36501,'1e386a27476c5b6e1461',645,,1436,17,0,132 117,0,997,,1434,17,0,132 117,0,112,,1435,17,0,133 134,0
36501,'1f5759673f12020b0a50',1831,,1425,17,0,132 117,0
36501,'2a2423055d636f354b6d',1306,,1429,17,0,132 117,0,142,,1430,17,0,132 117,0
36501,'2c14404d6d61074b6d28',943,,1426,17,0,133 134,0
36501,'2f16807a52596335736c',1825,,1422,17,0,132 117,0,87,,1423,17,0,133 134,0
36501,'3823594e52252d7f6b14',926,,1428,17,0,132 117,0,810,,1427,17,0,132 117,0
36501,'3c550d10735a472e4755',728,,1433,17,0,135 25,0
36501,'484f0e366a041c114e35',943,,1432,17,0,133 134,0
36501,'59737b0d0f044b52693e',1746,,1431,17,0,133 134,0
