35101,'02070559307629202a09',1906,,302,26,0,20 21 22,0
35101,'1a20552b5a400f716a1b',1021,,303,26,0,20 21 22,0
35101,'1f5759673f12020b0a50',1906,,1176,26,0,20 21 22,0
35101,'2a5b3362091f52630354',702,,307,26,0,23 24 18,0,106,,309,26,0,23 24 18,0,825,,304,26,0,23 25,0,202,,305,26,0,20 21 22,0,116,,306,26,0,20 21 22,0
35101,'2c295b0e5f4444502b59',1821,,310,26,0,20 21 22,0
35101,'31744f7e5638320a2d4c',1358,,1177,26,0,20 21 22,0
35101,'3823594e52252d7f6b14',1021,,1178,26,0,20 21 22,0
35101,'4f0277002864772e6462',936,,1179,26,0,20 21 22,0,380,,1180,26,0,20 21 22,0,190,,1181,26,0,20 21 22,0
35101,'52166b36781a3037644c',936,,312,26,0,20 21 22,0,380,,313,26,0,20 21 22,0,190,,314,26,0,20 21 22,0
35101,'725616403949496a5c67',1358,,315,26,0,20 21 22,0
35101,'7a7c2673351c18595c18',1821,,1182,26,0,20 21 22,0
35101,'7f443a14596255477616',702,,1186,26,0,23 24 18,0,106,,1188,26,0,23 24 18,0,825,,1183,26,0,23 25,0,202,,1184,26,0,20 21 22,0,116,,1185,26,0,20 21 22,0
