36500,'0e5131610429337c0530',922,,1403,10,0,9 10 11,0
36500,'1c486c5002601c4a534a',1702,,1407,9,0,9 10 11,0
36500,'1e386a27476c5b6e1461',750,,1419,24,0,9 10 11,0,660,,1418,24,0,9 10 11,0
36500,'1e7832711c690d2e452a',1658,,1416,10,0,9 10 11,0
36500,'1f5759673f12020b0a50',744,,1408,23,0,9 10 11,0
36500,'2a2423055d636f354b6d',1808,,1415,24,0,9 10 11,0
36500,'2c14404d6d61074b6d28',1234,,1409,23,0,9 10 11,0
36500,'2f16807a52596335736c',643,,1404,24,0,9 10 11,0,79,,1406,9,0,9 10 11,0
36500,'2f6b6069415f08614303',1234,,1410,24,0,9 10 11,0
36500,'31744f7e5638320a2d4c',1322,,1411,6,0,9 10 11,0
36500,'3823594e52252d7f6b14',953,,1413,24,0,9 10 11,0,853,,1412,24,0,9 10 11,0
36500,'3c550d10735a472e4755',924,,1417,11,0,9 10 11,0
36500,'71472061383531535e0f',629,,1414,9,0,9 10 11,0
