35100,'1f5759673f12020b0a50',833,,1159,34,0,9 10 11,0,373,,1160,34,0,9 10 11,0
35100,'2a08755845643968295b',1206,,291,34,0,9 10 11,0
35100,'300d603a345a5010103b',1121,,298,34,0,9 10 11,0,226,,296,34,0,9 10 11,0,110,,297,34,0,9 10 11,0
35100,'31744f7e5638320a2d4c',1241,,1163,22,0,9 10 11,0,9,,1161,30,0,9 10 11,0
35100,'3823594e52252d7f6b14',915,,1165,34,0,9 10 11,0,788,,1164,34,0,9 10 11,0
35100,'4f0277002864772e6462',1121,,1168,34,0,9 10 11,0,226,,1166,34,0,9 10 11,0,110,,1167,34,0,9 10 11,0
35100,'553d275f1455102c362a',1844,,1169,30,0,9 10 11,0
35100,'59737b0d0f044b52693e',1206,,1171,34,0,9 10 11,0
35100,'5c112750394b6b07283a',833,,285,34,0,9 10 11,0,373,,286,34,0,9 10 11,0
35100,'75034b1d5a2e41380d0c',915,,290,34,0,9 10 11,0,788,,289,34,0,9 10 11,0
35100,'7f443a14596255477616',652,,1172,34,0,9 10 11,0,66,,1173,42,0,9 10 11,0,222,,1174,30,0,9 10 11,0
