35500,'033e170961301f7a0308',830,,1649,37,0,9 26,0
35500,'055e00325b240c7d4777',945,,1220,37,0,9 10 11,0,755,,1219,37,0,9 10 11,0
35500,'126535785649426e467c',716,,1650,27,0,9 10 11,0,29,,1651,37,0,9 10 11,0,91,,1652,16,0,9 26,0
35500,'210a7c3e60384f725e7c',945,,1654,37,0,9 10 11,0,755,,1653,37,0,9 10 11,0
35500,'2530772d5b5960361a09',1224,,1223,27,0,9 26,0,110,,1224,37,0,9 26,0,118,,1221,16,0,9 26,0,262,,1222,27,0,9 26,0
35500,'4f67586f291357636e2f',1224,,1657,27,0,9 26,0,110,,1658,37,0,9 26,0,118,,1655,16,0,9 26,0,262,,1656,27,0,9 26,0
35500,'566406012b1e7e430018',944,,1659,27,0,9 26,0
35500,'59737b0d0f044b52693e',745,,1660,37,0,9 10 11,0
35500,'723148100c272b183b65',830,,1218,37,0,9 26,0
35500,'7249395f521c57637d3d',716,,1226,27,0,9 10 11,0,28,,1227,37,0,9 10 11,0,92,,1228,16,0,9 26,0,108,,1217,27,0,9 26,0
