39400,'0a2f1e22095132130163',1708,,861,3,,,0
39400,'35315f0c7e2102062569',1308,,1607,3,,,0
39400,'5e507c283847542b3f60',1708,,1608,3,,,0
39400,'725616403949496a5c67',1308,,871,3,,,0
39401,'02070559307629202a09',1707,,872,12,,,0
39401,'1443632b3566627b2e20',907,,1611,12,,,0,850,,1612,12,,,0
39401,'220e7e723c71704c1463',1257,,873,12,,,0
39401,'2a08755845643968295b',907,,875,12,,,0,850,,876,12,,,0
39401,'2a5b3362091f52630354',907,,878,12,,,0,350,,879,12,,,0,500,,880,12,,,0
39401,'5a1f120d085a5346570a',1257,,1614,12,,,0
39401,'79634f716a31375a174a',1707,,1615,12,,,0
39800,'2a5b3362091f52630354',641,,914,4,,,0
39800,'7f443a14596255477616',641,,1634,4,,,0
