35600,'055e00325b240c7d4777',1121,,381,37,0,9 10 11,0,800,,382,37,0,9 10 11,0
35600,'0a3c663a7d504d200835',1616,,1245,34,0,9 10 11,0,15,,1246,35,0,9 10 11,0
35600,'0d7c5c285a59412d315b',1821,,1247,33,0,9 10 11,0
35600,'112a0b7f332a564f1678',1256,,1248,33,0,9 10 11,0
35600,'1a223768176411647430',1826,,1250,33,0,9 10 11,0
35600,'1e386a27476c5b6e1461',656,,1273,33,0,9 10 11,0,86,,1274,33,0,9 10 11,0,70,,1275,33,0,9 10 11,0,919,,1271,34,0,9 10 11,0,174,,1272,34,0,9 10 11,0
35600,'1e7832711c690d2e452a',1826,,1257,34,0,9 10 11,0,5,,1258,34,0,9 10 11,0
35600,'1f5759673f12020b0a50',656,,1253,33,0,9 10 11,0
35600,'2943795d360756687162',1506,,1249,33,0,9 10 11,0
35600,'2a2423055d636f354b6d',856,,1256,33,0,9 10 11,0
35600,'2a6804265d6c7a6d704c',1256,,1268,33,0,9 10 11,0
35600,'2f16807a52596335736c',636,,1252,33,0,9 10 11,0,320,,1251,33,0,9 10 11,0
35600,'31744f7e5638320a2d4c',1256,,1254,34,0,9 10 11,0,45,,1255,34,0,9 10 11,0
35600,'56061576073054406d39',1826,,1259,33,0,9 10 11,0
35600,'59737b0d0f044b52693e',656,,1261,33,0,9 10 11,0,80,,1262,33,0,9 10 11,0,70,,1263,33,0,9 10 11,0,920,,1260,33,0,9 10 11,0
35600,'61121d2d1b1669750837',1121,,1264,33,0,9 10 11,0,800,,1265,33,0,9 10 11,0
35600,'634b592b186b573b6758',1121,,1266,37,0,9 10 11,0,800,,1267,37,0,9 10 11,0
35600,'6d0c424c36686c087407',1506,,1269,37,0,9 10 11,0,320,,1270,37,0,9 10 11,0
