36500,'0e5131610429337c0530',940,,1403,25,0,9 10 11,0
36500,'1c486c5002601c4a534a',1719,,1407,24,0,9 10 11,0
36500,'1e386a27476c5b6e1461',807,,1419,39,0,9 10 11,0,619,,1418,39,0,9 10 11,0
36500,'1e7832711c690d2e452a',1717,,1416,25,0,9 10 11,0
36500,'1f5759673f12020b0a50',802,,1408,38,0,9 10 11,0
36500,'2a2423055d636f354b6d',1826,,1415,39,0,9 10 11,0
36500,'2c14404d6d61074b6d28',1252,,1409,38,0,9 10 11,0
36500,'2f16807a52596335736c',701,,1404,39,0,9 10 11,0,39,,1406,24,0,9 10 11,0
36500,'2f6b6069415f08614303',1252,,1410,39,0,9 10 11,0
36500,'31744f7e5638320a2d4c',1336,,1411,21,0,9 10 11,0
36500,'3823594e52252d7f6b14',1016,,1413,39,0,9 10 11,0,815,,1412,39,0,9 10 11,0
36500,'3c550d10735a472e4755',943,,1417,26,0,9 10 11,0
36500,'71472061383531535e0f',647,,1414,24,0,9 10 11,0
