35501,'033e170961301f7a0308',925,,1662,22,0,20 21 22,0,391,,1663,22,0,20 21 22,0,324,,1661,22,0,20 21 22,0
35501,'055e00325b240c7d4777',1105,,1235,24,0,20 21 22,0,715,,1234,24,0,20 21 22,0
35501,'126535785649426e467c',849,,1666,24,0,49 50,0,795,,1664,22,0,20 21 22,0,180,,1665,22,0,20 21 22,0
35501,'191b086669276f0a2c02',1319,,1239,22,0,20 21 22,0
35501,'210a7c3e60384f725e7c',1105,,1668,24,0,20 21 22,0,715,,1667,24,0,20 21 22,0
35501,'371d2f0f7337032c2b25',1324,,1233,22,0,20 21 22,0
35501,'3a3841530321505b7b18',1319,,1669,22,0,20 21 22,0
35501,'4f67586f291357636e2f',1609,,1670,22,0,49 50,0,311,,1671,24,0,20 21 22,0
35501,'566406012b1e7e430018',1119,,1673,22,0,49 50,0
35501,'59737b0d0f044b52693e',1320,,1675,22,0,20 21 22,0,320,,1674,22,0,20 21 22,0
35501,'5d21673510580b5d6c6e',1324,,1676,22,0,20 21 22,0
35501,'5d5f40704724192d5825',849,,1244,24,0,49 50,0,270,,1229,22,0,49 50,0,525,,1242,22,0,20 21 22,0,175,,1243,22,0,20 21 22,0
35501,'723148100c272b183b65',925,,1231,22,0,20 21 22,0,391,,1232,22,0,20 21 22,0,324,,1230,22,0,20 21 22,0
35501,'7360781f782d14543c3f',1609,,1236,22,0,49 50,0,311,,1237,24,0,20 21 22,0
