35101,'136e6b484c454e417465',1023,,303,28,0,20 21 22,0
35101,'1f5759673f12020b0a50',1908,,1176,28,0,20 21 22,0
35101,'31744f7e5638320a2d4c',1400,,1177,28,0,20 21 22,0
35101,'3823594e52252d7f6b14',1023,,1178,28,0,20 21 22,0
35101,'3a511f30370a721b2433',1908,,302,28,0,20 21 22,0
35101,'4d5937526b3b473f041c',1823,,310,28,0,20 21 22,0
35101,'4f0277002864772e6462',938,,1179,28,0,20 21 22,0,380,,1180,28,0,20 21 22,0,190,,1181,28,0,20 21 22,0
35101,'702c275e051204394d01',938,,312,28,0,20 21 22,0,380,,313,28,0,20 21 22,0,190,,314,28,0,20 21 22,0
35101,'7a7c2673351c18595c18',1823,,1182,28,0,20 21 22,0
35101,'7f443a14596255477616',703,,1186,28,0,23 24 18,0,107,,1188,28,0,23 24 18,0,824,,1183,28,0,23 25,0,203,,1184,28,0,20 21 22,0,116,,1185,28,0,20 21 22,0
