35601,'055e00325b240c7d4777',901,,407,3,0,15 16 17,0,800,,408,3,0,15 16 17,0
35601,'075f4276790e1e273655',1401,,1276,3,0,15 16 17,0
35601,'0a3c663a7d504d200835',1516,,1277,3,0,12 13 14,0
35601,'184134507f4517151633',811,,1279,3,0,12 13 14,0
35601,'1e386a27476c5b6e1461',621,,1301,3,0,12 13 14,0,191,,1306,3,0,12 13 14,0,829,,1302,3,0,12 13 14,0,81,,1303,3,0,12 13 14,0
35601,'1f5759673f12020b0a50',631,,1284,3,0,12 13 14,0
35601,'2943795d360756687162',1231,,1278,3,0,12 13 14,0
35601,'2a2423055d636f354b6d',1916,,1289,3,0,12 13 14,0
35601,'2f16807a52596335736c',1031,,1280,3,0,12 13 14,0,370,,1281,3,0,12 13 14,0,100,,1282,3,0,12 13 14,0,350,,1283,3,0,12 13 14,0
35601,'320823102b697f311363',1401,,1285,3,0,12 13 14,0
35601,'321e5f70685c1473436a',1802,,1287,3,0,12 13 14,0
35601,'332311354b01253e3615',846,,1286,3,0,12 13 14,0
35601,'59445e7d50034e156e11',1801,,1290,3,0,12 13 14,0
35601,'59737b0d0f044b52693e',631,,1293,3,0,12 13 14,0,1010,,1291,3,0,12 13 14,0,80,,1292,3,0,12 13 14,0
35601,'61121d2d1b1669750837',901,,1294,3,0,12 13 14,0,800,,1295,3,0,12 13 14,0
35601,'634b592b186b573b6758',901,,1296,3,0,15 16 17,0,800,,1297,3,0,15 16 17,0
35601,'6d0c424c36686c087407',816,,1299,3,0,15 16 17,0,415,,1298,3,0,15 16 17,0
35601,'71472061383531535e0f',1601,,1288,3,0,12 13 14,0
35601,'7c40501f37807a467b28',1601,,1300,3,0,15 16 17,0
35701,'055e00325b240c7d4777',1032,,449,3,0,15 16 17,0
35701,'0d4e3278231744213640',1742,,1326,3,0,12 13 14,0
35701,'1e386a27476c5b6e1461',747,,1347,3,0,12 18 19,0,955,,1344,3,0,12 13 14,0,40,,1345,3,0,12 13 14,0,80,,1346,3,0,12 13 14,0
35701,'2f16807a52596335736c',1302,,1330,3,0,12 13 14,0,250,,1327,3,0,12 13 14,0,90,,1328,3,0,12 13 14,0,290,,1329,3,0,12 13 14,0
35701,'320823102b697f311363',817,,1331,3,0,12 13 14,0
35701,'332311354b01253e3615',817,,1332,3,0,12 18 19,0
35701,'3823594e52252d7f6b14',1917,,1333,3,0,12 13 14,0
35701,'59445e7d50034e156e11',1742,,1336,3,0,12 13 14,0
35701,'59737b0d0f044b52693e',747,,1339,3,0,12 13 14,0,955,,1337,3,0,12 13 14,0,120,,1338,3,0,12 13 14,0
35701,'61121d2d1b1669750837',1032,,1340,3,0,12 13 14,0
35701,'634b592b186b573b6758',1032,,1341,3,0,15 16 17,0
35701,'6d0c424c36686c087407',902,,1342,3,0,15 16 17,0
35701,'71472061383531535e0f',902,,1334,3,0,12 13 14,0,230,,1335,3,0,12 13 14,0
35701,'7c40501f37807a467b28',1132,,1343,3,0,15 16 17,0
35801,'1e386a27476c5b6e1461',1737,,1367,3,0,91 92,0
35801,'1f5759673f12020b0a50',1407,,1360,3,0,91 92,0,409,,1361,3,0,91 92,0
35801,'2a2423055d636f354b6d',907,,1365,3,0,91 92,0,805,,1366,3,0,93 94 95,0
35801,'2f16807a52596335736c',1817,,1359,3,0,91 92,0
35801,'3823594e52252d7f6b14',1001,,1362,3,0,91 92,0,810,,1363,3,0,91 92,0
35801,'71472061383531535e0f',1252,,1364,3,0,91 92,0
