35600,'02070559307629202a09',635,,373,14,0,9 10 11,0
35600,'0a2f1e22095132130163',1805,,374,15,0,9 10 11,0,5,,375,15,0,9 10 11,0
35600,'0a3c663a7d504d200835',1556,,1245,15,0,9 10 11,0,55,,1246,16,0,9 10 11,0
35600,'0d7c5c285a59412d315b',1801,,1247,14,0,9 10 11,0
35600,'112a0b7f332a564f1678',1236,,1248,14,0,9 10 11,0
35600,'14187635613e43612170',1446,,1249,14,0,9 10 11,0
35600,'1a223768176411647430',1806,,1250,14,0,9 10 11,0
35600,'1c2e3625233d01453772',616,,1252,14,0,9 10 11,0,320,,1251,14,0,9 10 11,0
35600,'1c42311e025d3b40504f',1710,,376,15,0,9 10 11,0
35600,'1f5759673f12020b0a50',636,,1253,14,0,9 10 11,0
35600,'200a2d69427732221f48',1235,,377,14,0,9 10 11,0
35600,'220e7e723c71704c1463',1445,,378,18,0,9 10 11,0,370,,379,18,0,9 10 11,0
35600,'2752046f425a49721d09',1235,,380,14,0,9 10 11,0
35600,'295d5e0567072f655d20',1100,,381,18,0,9 10 11,0,800,,382,18,0,9 10 11,0
35600,'2a08755845643968295b',635,,384,14,0,9 10 11,0,80,,385,14,0,9 10 11,0,30,,386,14,0,9 10 11,0,960,,383,14,0,9 10 11,0
35600,'2a5b3362091f52630354',635,,389,14,0,9 10 11,0,81,,390,14,0,9 10 11,0,30,,391,14,0,9 10 11,0,699,,387,14,0,9 10 11,0,399,,388,15,0,9 10 11,0
35600,'31744f7e5638320a2d4c',1236,,1254,15,0,9 10 11,0,5,,1255,15,0,9 10 11,0
35600,'4d7a6615443531084902',615,,393,14,0,9 10 11,0,320,,392,14,0,9 10 11,0
35600,'4f0277002864772e6462',836,,1256,14,0,9 10 11,0
35600,'52166b36781a3037644c',835,,394,14,0,9 10 11,0
35600,'553d275f1455102c362a',1806,,1257,15,0,9 10 11,0,5,,1258,15,0,9 10 11,0
35600,'56061576073054406d39',1806,,1259,14,0,9 10 11,0
35600,'59737b0d0f044b52693e',636,,1261,14,0,9 10 11,0,80,,1262,14,0,9 10 11,0,30,,1263,14,0,9 10 11,0,960,,1260,14,0,9 10 11,0
35600,'61121d2d1b1669750837',1101,,1264,14,0,9 10 11,0,800,,1265,14,0,9 10 11,0
35600,'634b592b186b573b6758',1101,,1266,18,0,9 10 11,0,800,,1267,18,0,9 10 11,0
35600,'693b6416011017175f3d',1555,,395,15,0,9 10 11,0,55,,396,16,0,9 10 11,0,100,,397,16,0,9 10 11,0
35600,'6a233617047119584137',1236,,1268,14,0,9 10 11,0
35600,'6d0c424c36686c087407',1446,,1269,18,0,9 10 11,0,360,,1270,18,0,9 10 11,0
35600,'725616403949496a5c67',1235,,398,15,0,9 10 11,0,5,,400,15,0,122 25,0,565,,401,14,0,9 10 11,0
35600,'7f443a14596255477616',636,,1273,14,0,9 10 11,0,80,,1274,14,0,9 10 11,0,30,,1275,14,0,9 10 11,0,965,,1271,15,0,9 10 11,0,133,,1272,15,0,9 10 11,0
