35700,'0a3c663a7d504d200835',1702,,1307,17,0,9 10 11,0
35700,'136e6b484c454e417465',924,,428,17,0,9 10 11,0
35700,'1c2e3625233d01453772',633,,1309,17,0,9 10 11,0,389,,1310,17,0,9 10 11,0,500,,1308,17,0,9 10 11,0
35700,'320823102b697f311363',1342,,1311,17,0,9 10 11,0
35700,'3823594e52252d7f6b14',924,,1312,17,0,9 10 11,0
35700,'3a4a044232474e33312b',1809,,432,21,0,9 10 11,0
35700,'3f575e1f5f6d63575f07',656,,1313,17,0,9 10 11,0
35700,'416039027b4e59137846',1332,,1314,17,0,9 10 11,0
35700,'494a652c1e455e3d7c72',1342,,1315,19,0,9 10 11,0,395,,1316,17,0,9 10 11,0
35700,'59445e7d50034e156e11',652,,1317,17,0,9 10 11,0
35700,'59737b0d0f044b52693e',713,,1318,17,0,9 10 11,0,29,,1319,17,0,9 10 11,0
35700,'61121d2d1b1669750837',1810,,1320,17,0,9 10 11,0
35700,'634b592b186b573b6758',1810,,1321,21,0,9 10 11,0
35700,'69181125652d7e4d6a80',633,,441,17,0,9 10 11,0,90,,433,17,0,9 10 11,0,19,,434,17,0,9 10 11,0,280,,442,17,0,9 10 11,0,500,,440,17,0,9 10 11,0
35700,'6d0c424c36686c087407',1342,,1322,21,0,9 10 11,0,395,,1323,21,0,9 10 11,0
35700,'702c275e051204394d01',702,,431,17,0,9 10 11,0,640,,429,21,0,9 10 11,0,395,,430,21,0,9 10 11,0
35700,'7f443a14596255477616',716,,1324,17,0,9 10 11,0,28,,1325,17,0,9 10 11,0
