35700,'0a3c663a7d504d200835',1701,,1307,16,0,9 10 11,0
35700,'136e6b484c454e417465',923,,428,16,0,9 10 11,0
35700,'1c2e3625233d01453772',631,,1309,16,0,9 10 11,0,390,,1310,16,0,9 10 11,0,500,,1308,16,0,9 10 11,0
35700,'320823102b697f311363',1341,,1311,16,0,9 10 11,0
35700,'3823594e52252d7f6b14',923,,1312,16,0,9 10 11,0
35700,'3a4a044232474e33312b',1808,,432,20,0,9 10 11,0
35700,'3f575e1f5f6d63575f07',654,,1313,16,0,9 10 11,0
35700,'416039027b4e59137846',1331,,1314,16,0,9 10 11,0
35700,'494a652c1e455e3d7c72',1341,,1315,18,0,9 10 11,0,395,,1316,16,0,9 10 11,0
35700,'59445e7d50034e156e11',651,,1317,16,0,9 10 11,0
35700,'59737b0d0f044b52693e',712,,1318,16,0,9 10 11,0,29,,1319,16,0,9 10 11,0
35700,'61121d2d1b1669750837',1808,,1320,16,0,9 10 11,0
35700,'634b592b186b573b6758',1808,,1321,20,0,9 10 11,0
35700,'69181125652d7e4d6a80',631,,441,16,0,9 10 11,0,91,,433,16,0,9 10 11,0,19,,434,16,0,9 10 11,0,280,,442,16,0,9 10 11,0,500,,440,16,0,9 10 11,0
35700,'6d0c424c36686c087407',1341,,1322,20,0,9 10 11,0,395,,1323,20,0,9 10 11,0
35700,'702c275e051204394d01',701,,431,16,0,9 10 11,0,640,,429,20,0,9 10 11,0,395,,430,20,0,9 10 11,0
35700,'7f443a14596255477616',714,,1324,16,0,9 10 11,0,29,,1325,16,0,9 10 11,0
