35600,'02070559307629202a09',728,,373,57,0,9 2 10 11,0
35600,'0a2f1e22095132130163',1902,,374,58,0,9 2 10 11,0,5,,375,58,0,9 2 10 11,0
35600,'1c42311e025d3b40504f',1807,,376,58,0,9 2 10 11,0
35600,'200a2d69427732221f48',1328,,377,57,0,9 2 10 11,0
35600,'220e7e723c71704c1463',1538,,378,61,0,9 2 10 11,0,374,,379,61,0,9 2 10 11,0
35600,'2752046f425a49721d09',1328,,380,57,0,9 2 10 11,0
35600,'295d5e0567072f655d20',1152,,381,61,0,9 2 10 11,0,800,,382,61,0,9 2 10 11,0
35600,'2a08755845643968295b',728,,384,57,0,9 2 10 11,0,80,,385,57,0,9 2 10 11,0,29,,386,57,0,9 2 10 11,0,965,,383,57,0,9 2 10 11,0
35600,'2a5b3362091f52630354',735,,389,57,0,9 2 10 11,0,98,,390,57,0,9 2 10 11,0,23,,391,57,0,9 2 10 11,0,682,,387,57,0,9 2 10 11,0,405,,388,58,0,9 2 10 11,0
35600,'4d7a6615443531084902',708,,393,57,0,9 2 10 11,0,320,,392,57,0,9 2 10 11,0
35600,'52166b36781a3037644c',932,,394,57,0,9 2 10 11,0
35600,'693b6416011017175f3d',1656,,395,53,0,9 2 10 11,0,55,,396,54,0,9 2 10 11,0,100,,397,54,0,9 2 10 11,0
35600,'725616403949496a5c67',1328,,398,58,0,9 2 10 11,0,5,,399,58,0,9 2 10 11,0,569,,401,57,0,9 2 10 11,0
35700,'1a20552b5a400f716a1b',1003,,428,46,0,9 2 10 11,0
35700,'220e7e723c71704c1463',748,,431,46,0,9 2 10 11,0,680,,429,50,0,9 2 10 11,0,395,,430,50,0,9 2 10 11,0
35700,'295d5e0567072f655d20',1853,,432,50,0,9 2 10 11,0
35700,'2a08755845643968295b',818,,433,46,0,9 2 10 11,0,10,,434,46,0,9 2 10 11,0
35700,'2a5b3362091f52630354',758,,437,46,0,9 2 10 11,0,65,,438,46,0,9 2 10 11,0,30,,439,46,0,9 2 10 11,0,575,,435,48,0,9 2 10 11,0,405,,436,46,0,9 2 10 11,0
35700,'4d7a6615443531084902',723,,441,46,0,9 2 10 11,0,385,,442,46,0,9 2 10 11,0,510,,440,46,0,9 2 10 11,0
35700,'693b6416011017175f3d',1418,,443,46,0,9 2 10 11,0,340,,444,40,0,9 2 10 11,0
35800,'02070559307629202a09',846,,464,44,0,9 2 10 11,0,495,,465,45,0,9 2 10 11,0
35800,'1a20552b5a400f716a1b',937,,466,44,0,9 2 10 11,0
35800,'2a08755845643968295b',747,,467,45,0,9 2 10 11,0
35800,'2a5b3362091f52630354',724,,468,44,0,9 2 10 11,0,35,,469,45,0,9 2 10 11,0,69,,470,44,0,9 2 10 11,0,186,,471,44,0,9 2 10 11,0
35800,'2c295b0e5f4444502b59',1746,,472,44,0,9 2 10 11,0
35800,'4d7a6615443531084902',1329,,473,44,0,9 2 10 11,0
35800,'52166b36781a3037644c',1646,,474,44,0,9 2 10 11,0
