35500,'033e170961301f7a0308',817,,1649,27,0,9 26,0
35500,'055e00325b240c7d4777',932,,1220,27,0,9 10 11,0,715,,1219,27,0,9 10 11,0
35500,'126535785649426e467c',702,,1650,17,0,9 10 11,0,13,,1651,27,0,9 10 11,0,107,,1652,6,0,9 26,0
35500,'210a7c3e60384f725e7c',932,,1654,27,0,9 10 11,0,715,,1653,27,0,9 10 11,0
35500,'4f67586f291357636e2f',1212,,1657,17,0,9 26,0,110,,1658,27,0,9 26,0,118,,1655,6,0,9 26,0,262,,1656,17,0,9 26,0
35500,'566406012b1e7e430018',932,,1659,17,0,9 26,0
35500,'59737b0d0f044b52693e',732,,1660,27,0,9 10 11,0
35500,'5d5f40704724192d5825',702,,1226,17,0,9 10 11,0,28,,1227,27,0,9 10 11,0,92,,1228,6,0,9 26,0,110,,1217,17,0,9 26,0
35500,'723148100c272b183b65',817,,1218,27,0,9 26,0
35500,'7360781f782d14543c3f',1212,,1223,17,0,9 26,0,110,,1224,27,0,9 26,0,118,,1221,6,0,9 26,0,262,,1222,17,0,9 26,0
