39101,'1c2e3625233d01453772',1834,,1581,6,,,0
39101,'1c6b260d7b7104763d5b',1239,,816,6,,,0
39101,'20694715463639414353',1253,,1582,9,,,0
39101,'2c4472083647547c0637',1253,,819,10,,,0
39101,'31744f7e5638320a2d4c',1246,,1583,6,,,0
39101,'532f7e634a3b56246321',1239,,1584,6,,,0
39101,'553d275f1455102c362a',1726,,1585,6,,,0
39101,'5858235b60647f474275',1834,,817,6,,,0
39101,'59737b0d0f044b52693e',1740,,1586,9,,,0
39101,'5a622e2f735638475e4f',1740,,814,10,,,0
39101,'7f443a14596255477616',1740,,1587,9,,,0
