36500,'1c486c5002601c4a534a',1641,,1407,3,0,9 10 11,0
36500,'1e386a27476c5b6e1461',723,,1419,18,0,9 10 11,0,626,,1418,18,0,9 10 11,0
36500,'1e7832711c690d2e452a',1631,,1416,3,0,9 10 11,0
36500,'1f5759673f12020b0a50',723,,1408,17,0,9 10 11,0
36500,'2a2423055d636f354b6d',1745,,1415,18,0,9 10 11,0
36500,'2f16807a52596335736c',620,,1404,18,0,9 10 11,0,81,,1406,3,0,9 10 11,0
36500,'2f6b6069415f08614303',1211,,1410,18,0,9 10 11,0
36500,'3823594e52252d7f6b14',931,,1413,18,0,9 10 11,0,815,,1412,18,0,9 10 11,0
36500,'3c550d10735a472e4755',903,,1417,5,0,9 10 11,0
36500,'71472061383531535e0f',611,,1414,3,0,9 10 11,0
36501,'0e5131610429337c0530',826,,1420,43,0,135 25,0
36501,'1e386a27476c5b6e1461',742,,1436,42,0,132 117,0,991,,1434,42,0,132 117,0,115,,1435,42,0,133 134,0
36501,'1f5759673f12020b0a50',1919,,1425,42,0,132 117,0
36501,'2a2423055d636f354b6d',1354,,1429,42,0,132 117,0,181,,1430,42,0,132 117,0
36501,'2f16807a52596335736c',1913,,1422,42,0,132 117,0,46,,1423,42,0,133 134,0
36501,'3823594e52252d7f6b14',1021,,1428,42,0,132 117,0,812,,1427,42,0,132 117,0
36501,'3c550d10735a472e4755',821,,1433,44,0,135 25,0
36501,'484f0e366a041c114e35',1031,,1432,42,0,133 134,0
36501,'59737b0d0f044b52693e',1839,,1431,42,0,133 134,0
