35101,'1e386a27476c5b6e1461',632,,1186,2,0,23 24 18,0,98,,1188,2,0,23 24 18,0,817,,1183,2,0,23 25,0,204,,1184,2,0,20 21 22,0,167,,1185,2,0,20 21 22,0
35101,'1f5759673f12020b0a50',1833,,1176,2,0,20 21 22,0
35101,'2a2423055d636f354b6d',902,,1179,2,0,20 21 22,0,341,,1180,2,0,20 21 22,0,190,,1181,2,0,20 21 22,0
35101,'31744f7e5638320a2d4c',1324,,1177,2,0,20 21 22,0
35101,'3823594e52252d7f6b14',947,,1178,2,0,20 21 22,0
35101,'7a7c2673351c18595c18',1748,,1182,2,0,20 21 22,0
36201,'1e386a27476c5b6e1461',838,,1390,2,0,87 88,0,765,,1391,2,0,85 92,0,100,,1392,2,0,87 88,0
36201,'1f5759673f12020b0a50',1603,,1389,2,0,87 88,0,235,,1388,2,0,87 88,0
36201,'2f16807a52596335736c',1238,,1383,2,0,87 89,0,295,,1384,2,0,85 92,0,105,,1385,2,0,87 89,0,100,,1386,2,0,87 88,0,100,,1387,2,0,87 89,0
36301,'1e386a27476c5b6e1461',1303,,1401,2,0,31 32,0,400,,1402,2,0,31 32,0
36301,'2a2423055d636f354b6d',1833,,1400,2,0,31 32,0
36301,'2f16807a52596335736c',853,,1399,2,0,31 32,0
36501,'0e5131610429337c0530',658,,1420,2,0,135 25,0,145,,1421,2,0,166 32,0
36501,'1e386a27476c5b6e1461',618,,1436,2,0,132 117,0,985,,1434,2,0,132 117,0,100,,1435,2,0,133 134,0
36501,'1f5759673f12020b0a50',1749,,1425,2,0,132 117,0
36501,'2a2423055d636f354b6d',1233,,1429,2,0,132 117,0,180,,1430,2,0,132 117,0
36501,'2c14404d6d61074b6d28',903,,1426,2,0,133 134,0
36501,'2f16807a52596335736c',1733,,1422,2,0,132 117,0,100,,1423,2,0,133 134,0
36501,'3823594e52252d7f6b14',858,,1428,2,0,132 117,0,845,,1427,2,0,132 117,0
36501,'3c550d10735a472e4755',658,,1433,2,0,135 25,0
36501,'484f0e366a041c114e35',903,,1432,2,0,133 134,0
36501,'59737b0d0f044b52693e',1703,,1431,2,0,133 134,0
36901,'1e386a27476c5b6e1461',1608,,1449,2,0,128 129,0,100,,1450,2,0,130 131,0
36901,'1f5759673f12020b0a50',1613,,1445,2,0,128 129,0
36901,'2f16807a52596335736c',1753,,1443,2,0,128 129,0,80,,1444,2,0,128 129,0
36901,'3823594e52252d7f6b14',1023,,1446,2,0,130 131,0,780,,1447,2,0,130 131,0
36901,'71472061383531535e0f',1244,,1448,2,0,128 129,0
37301,'1e386a27476c5b6e1461',1638,,1462,2,0,143 45,0
37301,'1f5759673f12020b0a50',1416,,1459,2,0,143 45,0
37301,'2a2423055d636f354b6d',1803,,1461,2,0,143 45,0
37301,'2f16807a52596335736c',838,,1457,2,0,143 45,0,865,,1458,2,0,143 45,0
37301,'31744f7e5638320a2d4c',1243,,1460,2,0,143 45,0
37701,'1e386a27476c5b6e1461',1741,,1502,2,0,83 84,0
37701,'2f16807a52596335736c',1316,,1498,2,0,83 84,0,300,,1499,2,0,83 84,0,230,,1500,2,0,83 84,0
37701,'3c550d10735a472e4755',711,,1501,2,0,151 152 24,0
