34201,'1c2e3625233d01453772',1300,,1091,12,0,135 25,0,537,,1092,12,0,135 25,0
34201,'3a511f30370a721b2433',1752,,217,13,0,135 25,0
34201,'4f0277002864772e6462',1747,,1093,12,0,135 25,0
34201,'69181125652d7e4d6a80',1300,,220,13,0,135 25,0,452,,218,13,0,135 25,0,85,,221,13,0,135 25,0
34401,'20694715463639414353',1523,,1103,8,0,132 117,0
34401,'31744f7e5638320a2d4c',1300,,1104,12,0,132 117,0
34401,'4b011b4b727a36540459',1522,,237,9,0,132 117,0
34401,'532f7e634a3b56246321',1306,,1106,9,0,132 117,0
34401,'553d275f1455102c362a',1752,,1107,12,0,132 117,0
34401,'68174b1f17562a355a6f',1306,,232,9,0,132 117,0
