35801,'02070559307629202a09',1459,,475,36,0,91 92,0,452,,476,36,0,91 92,0
35801,'1a20552b5a400f716a1b',1047,,477,36,0,91 92,0,809,,478,36,0,91 92,0
35801,'1c2e3625233d01453772',1918,,1359,36,0,91 92,0
35801,'1f5759673f12020b0a50',1459,,1360,36,0,91 92,0,452,,1361,36,0,91 92,0
35801,'2a5b3362091f52630354',1344,,479,36,0,91 92,0,499,,480,36,0,91 92,0
35801,'3823594e52252d7f6b14',1047,,1362,36,0,91 92,0,809,,1363,36,0,91 92,0
35801,'494a652c1e455e3d7c72',1344,,1364,36,0,91 92,0
35801,'4d7a6615443531084902',1918,,481,36,0,91 92,0
35801,'4f0277002864772e6462',1002,,1365,36,0,91 92,0,817,,1366,36,0,93 94 95,0
35801,'52166b36781a3037644c',1002,,482,36,0,91 92,0,817,,483,36,0,93 94 95,0
35801,'7f443a14596255477616',1843,,1367,36,0,91 92,0
