35801,'17675d5630562f244640',1050,,477,38,0,91 92,0,850,,478,38,0,91 92,0
35801,'1c2e3625233d01453772',1922,,1359,38,0,91 92,0
35801,'1f5759673f12020b0a50',1502,,1360,38,0,91 92,0,413,,1361,38,0,91 92,0
35801,'3823594e52252d7f6b14',1050,,1362,38,0,91 92,0,850,,1363,38,0,91 92,0
35801,'49363c5c560d0d713513',1502,,475,38,0,91 92,0,413,,476,38,0,91 92,0
35801,'494a652c1e455e3d7c72',1347,,1364,38,0,91 92,0
35801,'4f0277002864772e6462',1004,,1365,38,0,91 92,0,817,,1366,38,0,93 94 95,0
35801,'534f3f6200296b014523',1004,,482,38,0,91 92,0,817,,483,38,0,93 94 95,0
35801,'5858235b60647f474275',1922,,481,38,0,91 92,0
35801,'7f443a14596255477616',1846,,1367,38,0,91 92,0
