30401,'1e7832711c690d2e452a',1752,,1041,4,0,46 47 48,0
30401,'2f16807a52596335736c',716,,1033,4,0,46 47 48,0,30,,1034,4,0,46 47 48,0,70,,1035,4,0,46 47 48,0,30,,1036,4,0,46 47 48,0,70,,1037,4,0,46 47 48,0,721,,1038,4,0,46 47 48,0,70,,1039,4,0,46 47 48,0,30,,1040,4,0,46 47 48,0,70,,1029,4,0,46 47 48,0,30,,1030,4,0,46 47 48,0,70,,1031,4,0,46 47 48,0,30,,1032,4,0,46 47 48,0
35301,'09371135013651047068',750,,1205,7,0,49 50,0,650,,1201,7,0,49 50,0,316,,1202,7,0,49 50,0,91,,1206,7,0,49 50,0,120,,1203,7,0,49 50,0
35301,'145c255a11476c503429',755,,1643,7,0,49 50,0,1052,,1644,7,0,49 50,0
35301,'1644407d017a5f6d6e28',1907,,1204,7,0,49 50,0
35301,'6c79775968333e371768',1400,,1645,7,0,49 50,0,316,,1646,7,0,49 50,0,211,,1647,7,0,49 50,0
35301,'784516016b486a280f43',1907,,1648,7,0,49 50,0
35501,'033e170961301f7a0308',917,,1662,18,0,20 21 22,0,392,,1663,18,0,20 21 22,0,323,,1661,18,0,20 21 22,0
35501,'055e00325b240c7d4777',1057,,1235,20,0,20 21 22,0,755,,1234,20,0,20 21 22,0
35501,'12050f054d0a0f53752f',1310,,1239,18,0,20 21 22,0
35501,'126535785649426e467c',841,,1666,20,0,49 50,0,794,,1664,18,0,20 21 22,0,181,,1665,18,0,20 21 22,0
35501,'210a7c3e60384f725e7c',1057,,1668,20,0,20 21 22,0,755,,1667,20,0,20 21 22,0
35501,'2530772d5b5960361a09',1425,,1238,18,0,72 25,0,175,,1236,18,0,49 50,0,312,,1237,20,0,20 21 22,0
35501,'371d2f0f7337032c2b25',1315,,1233,18,0,20 21 22,0
35501,'3a3841530321505b7b18',1310,,1669,18,0,20 21 22,0
35501,'4f67586f291357636e2f',1425,,1672,18,0,72 25,0,175,,1670,18,0,49 50,0,312,,1671,20,0,20 21 22,0
35501,'566406012b1e7e430018',1110,,1673,18,0,49 50,0
35501,'59737b0d0f044b52693e',1312,,1675,18,0,20 21 22,0,320,,1674,18,0,20 21 22,0
35501,'5d21673510580b5d6c6e',1315,,1676,18,0,20 21 22,0
35501,'723148100c272b183b65',917,,1231,18,0,20 21 22,0,392,,1232,18,0,20 21 22,0,323,,1230,18,0,20 21 22,0
35501,'7249395f521c57637d3d',841,,1244,20,0,49 50,0,269,,1229,18,0,49 50,0,525,,1242,18,0,20 21 22,0,176,,1243,18,0,20 21 22,0
