35101,'02070559307629202a09',1934,,302,44,0,20 21 22,0
35101,'1a20552b5a400f716a1b',1049,,303,44,0,20 21 22,0
35101,'1f5759673f12020b0a50',1934,,1176,44,0,20 21 22,0
35101,'2a5b3362091f52630354',1911,,305,52,0,20 21 22,0,108,,306,44,0,20 21 22,0
35101,'2c295b0e5f4444502b59',1849,,310,44,0,20 21 22,0
35101,'31744f7e5638320a2d4c',1437,,1177,53,0,20 21 22,0
35101,'3823594e52252d7f6b14',1049,,1178,44,0,20 21 22,0
35101,'4f0277002864772e6462',1004,,1179,44,0,20 21 22,0,340,,1180,44,0,20 21 22,0,190,,1181,44,0,20 21 22,0
35101,'52166b36781a3037644c',1004,,312,44,0,20 21 22,0,340,,313,44,0,20 21 22,0,190,,314,44,0,20 21 22,0
35101,'725616403949496a5c67',1437,,315,52,0,20 21 22,0
35101,'7a7c2673351c18595c18',1849,,1182,44,0,20 21 22,0
35101,'7f443a14596255477616',1911,,1184,53,0,20 21 22,0,108,,1185,44,0,20 21 22,0
37501,'0a2f1e22095132130163',1805,,695,4,0,28 29,0
37501,'31744f7e5638320a2d4c',1215,,1466,4,0,20 21 22,0
37501,'553d275f1455102c362a',1805,,1467,4,0,28 29,0
37501,'725616403949496a5c67',1215,,697,4,0,20 21 22,0
