38801,'02070559307629202a09',1339,,790,23,0,81 25,0,269,,789,23,0,81 25,0
38801,'1a20552b5a400f716a1b',1028,,791,23,0,81 25,0
38801,'1c2e3625233d01453772',858,,1560,23,0,81 25,0,100,,1561,23,0,81 25,0,380,,1562,23,0,81 82,0,190,,1563,23,0,81 25,0,220,,1557,23,0,83 84,0,100,,1558,23,0,83 84,0,90,,1559,23,0,81 82,0
38801,'1f5759673f12020b0a50',1339,,1565,23,0,81 25,0,269,,1564,23,0,81 25,0
38801,'2a5b3362091f52630354',928,,797,23,0,81 25,0,100,,798,23,0,81 25,0,580,,792,23,0,81 25,0,110,,793,23,0,81 25,0,100,,794,23,0,81 82,0,95,,795,23,0,81 82,0,95,,796,23,0,81 25,0
38801,'2c295b0e5f4444502b59',1858,,799,23,0,81 25,0
38801,'31744f7e5638320a2d4c',1343,,1566,16,0,81 25,0
38801,'3823594e52252d7f6b14',1028,,1567,23,0,81 25,0
38801,'4d7a6615443531084902',858,,803,23,0,81 25,0,100,,804,23,0,81 25,0,380,,805,23,0,81 82,0,190,,806,23,0,81 25,0,220,,800,23,0,83 84,0,100,,801,23,0,83 84,0,90,,802,23,0,81 82,0
38801,'725616403949496a5c67',1343,,807,16,0,81 25,0
38801,'7a7c2673351c18595c18',1858,,1568,23,0,81 25,0
38801,'7f443a14596255477616',928,,1574,23,0,81 25,0,100,,1575,23,0,81 25,0,580,,1569,23,0,81 25,0,110,,1570,23,0,81 25,0,100,,1571,23,0,81 82,0,96,,1572,23,0,81 82,0,94,,1573,23,0,81 25,0
