36501,'0e5131610429337c0530',744,,1420,24,0,135 25,0,156,,1421,24,0,166 32,0
36501,'1e386a27476c5b6e1461',701,,1436,24,0,132 117,0,1000,,1434,24,0,132 117,0,113,,1435,24,0,133 134,0
36501,'1f5759673f12020b0a50',1846,,1425,24,0,132 117,0
36501,'2a2423055d636f354b6d',1323,,1429,24,0,132 117,0,182,,1430,24,0,132 117,0
36501,'2c14404d6d61074b6d28',1000,,1426,24,0,133 134,0
36501,'2f16807a52596335736c',1844,,1422,24,0,132 117,0,84,,1423,24,0,133 134,0
36501,'3823594e52252d7f6b14',943,,1428,24,0,132 117,0,810,,1427,24,0,132 117,0
36501,'3c550d10735a472e4755',744,,1433,24,0,135 25,0
36501,'484f0e366a041c114e35',1000,,1432,24,0,133 134,0
36501,'59737b0d0f044b52693e',1804,,1431,24,0,133 134,0
