34201,'1e386a27476c5b6e1461',1758,,1093,14,0,135 25,0
34201,'1f5759673f12020b0a50',1758,,1638,16,0,135 25,0
34201,'2f16807a52596335736c',1311,,1091,16,0,135 25,0,537,,1637,16,0,135 25,0
34201,'59737b0d0f044b52693e',1758,,1639,16,0,135 25,0
36500,'1e386a27476c5b6e1461',658,,1419,8,0,9 10 11,0,668,,1418,8,0,9 10 11,0
36500,'1f5759673f12020b0a50',658,,1408,8,0,9 10 11,0
36500,'2a2423055d636f354b6d',1721,,1415,8,0,9 10 11,0
36500,'2c14404d6d61074b6d28',1146,,1409,8,0,9 10 11,0
36500,'2f16807a52596335736c',558,,1404,8,0,9 10 11,0,71,,1405,8,0,133 134,0
36500,'2f6b6069415f08614303',1146,,1410,8,0,9 10 11,0
36500,'3823594e52252d7f6b14',911,,1413,8,0,9 10 11,0,804,,1412,8,0,9 10 11,0
