36500,'1c486c5002601c4a534a',1643,,1407,4,0,9 10 11,0
36500,'1e386a27476c5b6e1461',727,,1419,19,0,9 10 11,0,625,,1418,19,0,9 10 11,0
36500,'1e7832711c690d2e452a',1633,,1416,4,0,9 10 11,0
36500,'1f5759673f12020b0a50',727,,1408,18,0,9 10 11,0
36500,'2a2423055d636f354b6d',1749,,1415,19,0,9 10 11,0
36500,'2f16807a52596335736c',624,,1404,19,0,9 10 11,0,79,,1406,4,0,9 10 11,0
36500,'2f6b6069415f08614303',1216,,1410,19,0,9 10 11,0
36500,'3823594e52252d7f6b14',937,,1413,19,0,9 10 11,0,812,,1412,19,0,9 10 11,0
36500,'3c550d10735a472e4755',906,,1417,6,0,9 10 11,0
36500,'71472061383531535e0f',613,,1414,4,0,9 10 11,0
