36500,'0e5131610429337c0530',932,,1403,19,0,9 10 11,0
36500,'1c2e3625233d01453772',651,,1404,33,0,9 10 11,0,81,,1406,18,0,9 10 11,0
36500,'1c486c5002601c4a534a',1711,,1407,18,0,9 10 11,0
36500,'1f5759673f12020b0a50',754,,1408,32,0,9 10 11,0
36500,'2173665b1e6d5b0e5d56',748,,638,32,0,9 10 11,0
36500,'29672110360e7e074d18',651,,646,33,0,9 10 11,0,80,,648,18,0,9 10 11,0
36500,'2c14404d6d61074b6d28',1243,,1409,32,0,9 10 11,0
36500,'2d0d0c223c38203b5e0d',1243,,1410,33,0,9 10 11,0
36500,'2d1c4c71287e667e727d',1817,,645,33,0,9 10 11,0
36500,'2d255822185d30510a3a',1711,,650,18,0,9 10 11,0
36500,'31744f7e5638320a2d4c',1330,,1411,15,0,9 10 11,0
36500,'3823594e52252d7f6b14',1011,,1413,33,0,9 10 11,0,813,,1412,33,0,9 10 11,0
36500,'494a652c1e455e3d7c72',639,,1414,18,0,9 10 11,0
36500,'4f0277002864772e6462',1817,,1415,33,0,9 10 11,0
36500,'553d275f1455102c362a',1708,,1416,19,0,9 10 11,0
36500,'694315166f6b31706e14',1245,,637,33,0,9 10 11,0
36500,'765554443e157938074f',1011,,640,33,0,9 10 11,0
36500,'791e712d420e14727657',935,,1417,20,0,9 10 11,0
36500,'7d4b300a36696c132f59',1245,,651,32,0,9 10 11,0
36500,'7f443a14596255477616',800,,1419,33,0,9 10 11,0,617,,1418,33,0,9 10 11,0
