35900,'114a44065a5209536517',733,,500,19,0,51 10 52 2 29,0,405,,501,19,0,51 10 52 2 29,0,195,,502,19,0,51 10 52 2 29,0
35900,'2c5f74455e25454d432d',700,,1369,19,0,51 10 52 2 29,0,1133,,1368,19,0,51 10 52 2 29,0
35900,'3f242a2f47502e255740',635,,497,19,0,51 10 52 2 29,0,168,,498,19,0,51 10 52 2 29,0,730,,499,19,0,51 10 52 2 29,0,180,,496,19,0,51 10 52 2 29,0
35900,'4a0603184e160563480a',848,,485,19,0,51 10 52 2 29,0
35900,'4b6f482a4a7216552331',1648,,484,19,0,51 10 52 2 29,0
36100,'114a44065a5209536517',1243,,561,14,0,51 10 52 2 29,0
36100,'2c5f74455e25454d432d',728,,1371,14,0,51 10 52 2 29,0,800,,1372,14,0,51 10 52 2 29,0
36100,'3f242a2f47502e255740',628,,558,14,0,51 10 52 2 29,0,415,,559,14,0,51 10 52 2 29,0
36100,'3f4d67570e29103a1e70',838,,552,14,0,51 10 52 2 29,0
36100,'4b6f482a4a7216552331',1528,,551,14,0,51 10 52 2 29,0
36100,'79634f716a31375a174a',728,,560,14,0,51 10 52 2 29,0
