35601,'02070559307629202a09',1441,,402,49,0,15 16 17,0
35601,'075f4276790e1e273655',1456,,1276,49,0,15 16 17,0
35601,'0a3c663a7d504d200835',1611,,1277,49,0,12 13 14,0
35601,'14187635613e43612170',1326,,1278,49,0,12 13 14,0
35601,'184134507f4517151633',906,,1279,49,0,12 13 14,0
35601,'1c2e3625233d01453772',1126,,1280,49,0,12 13 14,0,330,,1281,49,0,12 13 14,0,100,,1282,49,0,12 13 14,0,390,,1283,49,0,12 13 14,0
35601,'1f5759673f12020b0a50',726,,1284,49,0,12 13 14,0
35601,'220e7e723c71704c1463',911,,406,49,0,15 16 17,0,415,,404,49,0,15 16 17,0
35601,'2a08755845643968295b',1656,,409,49,0,15 16 17,0
35601,'2d6a412e153614600940',1855,,405,49,0,12 13 14,0
35601,'320823102b697f311363',1456,,1285,49,0,12 13 14,0
35601,'332311354b01253e3615',941,,1286,49,0,12 13 14,0
35601,'3f575e1f5f6d63575f07',1906,,1287,49,0,12 13 14,0
35601,'49363c5c560d0d713513',726,,403,49,0,12 13 14,0
35601,'494a652c1e455e3d7c72',1656,,1288,49,0,12 13 14,0
35601,'4f0277002864772e6462',2011,,1289,49,0,12 13 14,0
35601,'59445e7d50034e156e11',1855,,1290,49,0,12 13 14,0
35601,'59737b0d0f044b52693e',726,,1293,49,0,12 13 14,0,1010,,1291,49,0,12 13 14,0,80,,1292,49,0,12 13 14,0
35601,'5a622e2f735638475e4f',726,,412,49,0,12 13 14,0,1010,,410,49,0,12 13 14,0,80,,411,49,0,12 13 14,0
35601,'5e7c480b705d7d2d5e1b',2011,,426,49,0,12 13 14,0
35601,'5f3a5d635165645c1e2c',1255,,422,49,0,12 13 14,0,201,,423,49,0,12 13 14,0,100,,424,49,0,12 13 14,0,390,,425,49,0,12 13 14,0
35601,'61121d2d1b1669750837',954,,1294,49,0,12 13 14,0,802,,1295,49,0,12 13 14,0
35601,'634b592b186b573b6758',953,,1296,49,0,15 16 17,0,803,,1297,49,0,15 16 17,0
35601,'6d0c424c36686c087407',911,,1299,49,0,15 16 17,0,415,,1298,49,0,15 16 17,0
35601,'7c40501f37807a467b28',1656,,1300,49,0,15 16 17,0
35601,'7f443a14596255477616',715,,1304,10,0,12 13 14,0,197,,1306,49,0,12 13 14,0,834,,1302,49,0,12 13 14,0,80,,1303,49,0,12 13 14,0
35601,'80152c04633e535e6600',953,,407,49,0,15 16 17,0,803,,408,49,0,15 16 17,0
