34200,'1e386a27476c5b6e1461',734,,1090,16,0,65 18 140,0
34200,'2a2423055d636f354b6d',1425,,1088,17,0,65 18 140,0
34200,'2f16807a52596335736c',815,,1087,17,0,65 18 140,0
34200,'59737b0d0f044b52693e',740,,1089,17,0,65 18 140,0
34400,'1e386a27476c5b6e1461',736,,1099,14,0,65 18 140,0
34400,'7061714f794c79290d6c',933,,1095,14,0,65 66 67,0
39100,'1e386a27476c5b6e1461',738,,1580,9,,,0
39100,'2f16807a52596335736c',734,,1576,12,,,0,675,,1578,12,,,0
39300,'1e386a27476c5b6e1461',739,,1597,26,0,167,0,5,,1598,10,0,167,0
39800,'1e386a27476c5b6e1461',741,,1634,24,,,0
