35801,'02070559307629202a09',1505,,475,41,0,91 92,0,414,,476,41,0,91 92,0
35801,'1a20552b5a400f716a1b',1053,,477,41,0,91 92,0,851,,478,41,0,91 92,0
35801,'1c2e3625233d01453772',1925,,1359,41,0,91 92,0
35801,'1f5759673f12020b0a50',1505,,1360,41,0,91 92,0,414,,1361,41,0,91 92,0
35801,'2a5b3362091f52630354',1350,,479,41,0,91 92,0,499,,480,41,0,91 92,0
35801,'3823594e52252d7f6b14',1053,,1362,41,0,91 92,0,851,,1363,41,0,91 92,0
35801,'494a652c1e455e3d7c72',1350,,1364,41,0,91 92,0
35801,'4d7a6615443531084902',1925,,481,41,0,91 92,0
35801,'4f0277002864772e6462',1007,,1365,41,0,91 92,0,817,,1366,41,0,93 94 95,0
35801,'52166b36781a3037644c',1007,,482,41,0,91 92,0,817,,483,41,0,93 94 95,0
35801,'7f443a14596255477616',1849,,1367,41,0,91 92,0
