30100,'1e386a27476c5b6e1461',720,,944,5,4,,0,20,,945,8,4,,0,5,,946,8,4,,0
30100,'2f16807a52596335736c',650,,938,8,4,,0,70,,939,8,4,,0,35,,940,8,4,,0,70,,941,8,4,,0,30,,942,8,4,,0,65,,943,8,4,,0,730,,932,8,4,,0,70,,933,8,4,,0,30,,934,8,4,,0,70,,935,8,4,,0,30,,936,8,4,,0,70,,937,8,4,,0
30101,'1e386a27476c5b6e1461',1645,,960,1,0,20 21 22,0,70,,961,1,0,20 21 22,0
30101,'2f16807a52596335736c',700,,952,1,0,20 21 22,0,30,,953,1,0,20 21 22,0,70,,954,1,0,20 21 22,0,30,,955,1,0,20 21 22,0,70,,956,1,0,20 21 22,0,730,,957,1,0,20 21 22,0,70,,958,1,0,20 21 22,0,30,,947,1,0,20 21 22,0,70,,948,1,0,20 21 22,0,30,,949,1,0,20 21 22,0,70,,950,1,0,20 21 22,0,30,,951,1,0,20 21 22,0
30101,'3c2a73256541336f410c',1745,,959,1,0,20 21 22,0
30200,'1e386a27476c5b6e1461',755,,974,8,4,,0
30200,'2f16807a52596335736c',630,,966,8,4,,0,75,,967,9,4,,0,35,,968,8,4,,0,75,,969,9,4,,0,25,,970,8,4,,0,70,,971,9,4,,0,725,,972,9,4,,0,70,,973,9,4,,0,30,,962,8,4,,0,73,,963,9,4,,0,30,,964,9,4,,0,67,,965,9,4,,0
30201,'2f16807a52596335736c',645,,978,1,0,81 149 150,0,70,,979,1,0,85 86,0,30,,980,1,0,85 86,0,70,,981,1,0,85 86,0,30,,982,1,0,81 149 150,0,770,,983,1,0,85 86,0,30,,984,1,0,85 86,0,70,,985,1,0,85 86,0,30,,986,1,0,81 149 150,0,70,,975,1,0,85 86,0,30,,976,1,0,85 86,0,70,,977,1,0,85 86,0
35100,'2f16807a52596335736c',1320,,1158,10,4,,0
35101,'2f16807a52596335736c',1200,,1175,1,0,23 24 18,0
35200,'2f16807a52596335736c',715,,1189,34,4,,0,100,,1190,29,4,,0,110,,1191,34,4,,0,80,,1192,29,4,,0,405,,1193,34,4,,0
35201,'2f16807a52596335736c',1430,,1194,1,0,96 25,0,200,,1195,1,0,97 25,0,100,,1196,1,0,96 25,0,100,,1197,1,0,96 25,0
35400,'2f16807a52596335736c',730,,1207,32,4,,0,75,,1208,24,4,,0,100,,1209,24,4,,0,50,,1210,24,4,,0,370,,1211,32,4,,0
35401,'1e386a27476c5b6e1461',1755,,1216,1,0,28 29,0
35401,'2f16807a52596335736c',1300,,1212,1,0,28 29,0,415,,1213,1,0,73 6,0,130,,1214,1,0,28 29,0
35401,'59737b0d0f044b52693e',1755,,1215,1,0,28 29,0
35500,'033e170961301f7a0308',840,,1649,40,4,,0
35500,'126535785649426e467c',850,,1652,19,4,,0
35500,'2530772d5b5960361a09',1235,,1223,30,4,,0,110,,1224,40,4,,0,160,,1221,19,4,,0,220,,1222,30,4,,0
35500,'4f67586f291357636e2f',1235,,1657,30,4,,0,110,,1658,40,4,,0,160,,1655,19,4,,0,220,,1656,30,4,,0
35500,'566406012b1e7e430018',955,,1659,30,4,,0
35500,'723148100c272b183b65',840,,1218,40,4,,0
35500,'7249395f521c57637d3d',850,,1228,19,4,,0,105,,1217,30,4,,0
35501,'033e170961301f7a0308',845,,1662,1,0,20 21 22,0,395,,1663,1,0,20 21 22,0,360,,1661,1,0,20 21 22,0
35501,'12050f054d0a0f53752f',1240,,1239,1,0,20 21 22,0
35501,'126535785649426e467c',1600,,1664,1,0,20 21 22,0,135,,1665,1,0,20 21 22,0
35501,'2530772d5b5960361a09',1355,,1238,1,0,72 25,0,175,,1236,1,0,49 50,0
35501,'371d2f0f7337032c2b25',1240,,1233,1,0,20 21 22,0
35501,'3a3841530321505b7b18',1240,,1669,1,0,20 21 22,0
35501,'4f67586f291357636e2f',1355,,1672,1,0,72 25,0,175,,1670,1,0,49 50,0
35501,'566406012b1e7e430018',1040,,1673,1,0,49 50,0
35501,'59737b0d0f044b52693e',1240,,1675,1,0,20 21 22,0,360,,1674,1,0,20 21 22,0
35501,'5d21673510580b5d6c6e',1240,,1676,1,0,20 21 22,0
35501,'723148100c272b183b65',845,,1231,1,0,20 21 22,0,395,,1232,1,0,20 21 22,0,360,,1230,1,0,20 21 22,0
35501,'7249395f521c57637d3d',1040,,1229,1,0,49 50,0,560,,1242,1,0,20 21 22,0,130,,1243,1,0,20 21 22,0
