35000,'02070559307629202a09',755,,238,1,0,9 35 36 37 38,0
35000,'112a0b7f332a564f1678',1205,,1110,1,0,60 103 104,0
35000,'16096334352325192d1f',1705,,1111,1,0,60 103 104,0
35000,'1c2e3625233d01453772',645,,1115,1,0,9 35 36 37 38,0,180,,1112,1,0,9 35 36 37 38,0
35000,'1c486c5002601c4a534a',1705,,1116,1,0,60 103 104,0
35000,'1f5759673f12020b0a50',755,,1117,1,0,9 35 36 37 38,0
35000,'31744f7e5638320a2d4c',1205,,1118,1,0,60 103 104,0
35000,'495e5f3d32634b3b5042',1205,,1122,1,0,60 103 104,0
35000,'4d7a6615443531084902',645,,255,1,0,9 35 36 37 38,0,180,,250,1,0,9 35 36 37 38,0,380,,251,1,0,60 103 104,0,500,,253,1,0,60 103 104,0
35000,'553d275f1455102c362a',1705,,1123,1,0,60 103 104,0
35001,'02070559307629202a09',1850,,260,56,4,,0
35001,'1c2e3625233d01453772',1130,,1139,16,4,,0,400,,1134,56,4,,0,205,,1135,56,4,,0
35001,'1f5759673f12020b0a50',1850,,1140,56,4,,0
35001,'2a5b3362091f52630354',745,,270,6,0,105 106 107 108,0
35001,'4d7a6615443531084902',1130,,278,16,4,,0,400,,273,56,4,,0,205,,274,56,4,,0
35001,'7f443a14596255477616',745,,1155,6,0,105 106 107 108,0
