35100,'02070559307629202a09',809,,285,16,0,9 10 11,0,332,,286,16,0,9 10 11,0
35100,'0a2f1e22095132130163',1804,,287,4,0,9 10 11,0
35100,'1a20552b5a400f716a1b',853,,290,16,0,9 10 11,0,785,,289,16,0,9 10 11,0
35100,'1c2e3625233d01453772',1247,,1158,4,0,9 26,0
35100,'1f5759673f12020b0a50',809,,1159,16,0,9 10 11,0,332,,1160,16,0,9 10 11,0
35100,'2a08755845643968295b',1141,,291,16,0,9 10 11,0
35100,'2a5b3362091f52630354',623,,292,16,0,9 10 11,0,17,,293,16,0,9 10 11,0,263,,294,4,0,9 10 11,0
35100,'31744f7e5638320a2d4c',1214,,1163,4,0,9 10 11,0
35100,'3823594e52252d7f6b14',853,,1165,16,0,9 10 11,0,785,,1164,16,0,9 10 11,0
35100,'4d7a6615443531084902',1247,,295,4,0,9 26,0
35100,'4f0277002864772e6462',1054,,1168,16,0,9 10 11,0,267,,1166,16,0,9 10 11,0,110,,1167,16,0,9 10 11,0
35100,'52166b36781a3037644c',1054,,298,16,0,9 10 11,0,267,,296,16,0,9 10 11,0,110,,297,16,0,9 10 11,0
35100,'553d275f1455102c362a',1804,,1169,4,0,9 10 11,0
35100,'59737b0d0f044b52693e',1141,,1171,16,0,9 10 11,0
35100,'725616403949496a5c67',1214,,301,4,0,9 10 11,0
35100,'7f443a14596255477616',623,,1172,16,0,9 10 11,0,17,,1173,16,0,9 10 11,0,263,,1174,4,0,9 10 11,0
