35700,'0a3c663a7d504d200835',1700,,1307,15,0,9 10 11,0
35700,'1a20552b5a400f716a1b',922,,428,15,0,9 10 11,0
35700,'1c2e3625233d01453772',630,,1309,15,0,9 10 11,0,390,,1310,15,0,9 10 11,0,500,,1308,15,0,9 10 11,0
35700,'220e7e723c71704c1463',700,,431,15,0,9 10 11,0,640,,429,19,0,9 10 11,0,395,,430,19,0,9 10 11,0
35700,'295d5e0567072f655d20',1807,,432,19,0,9 10 11,0
35700,'2a08755845643968295b',721,,433,15,0,9 10 11,0,19,,434,15,0,9 10 11,0
35700,'2a5b3362091f52630354',653,,437,15,0,9 10 11,0,60,,438,15,0,9 10 11,0,29,,439,15,0,9 10 11,0,598,,435,17,0,9 10 11,0,395,,436,15,0,9 10 11,0
35700,'320823102b697f311363',1340,,1311,15,0,9 10 11,0
35700,'3823594e52252d7f6b14',922,,1312,15,0,9 10 11,0
35700,'3f575e1f5f6d63575f07',653,,1313,15,0,9 10 11,0
35700,'416039027b4e59137846',1330,,1314,15,0,9 10 11,0
35700,'494a652c1e455e3d7c72',1340,,1315,17,0,9 10 11,0,395,,1316,15,0,9 10 11,0
35700,'4d7a6615443531084902',630,,441,15,0,9 10 11,0,390,,442,15,0,9 10 11,0,500,,440,15,0,9 10 11,0
35700,'59445e7d50034e156e11',650,,1317,15,0,9 10 11,0
35700,'59737b0d0f044b52693e',711,,1318,15,0,9 10 11,0,29,,1319,15,0,9 10 11,0
35700,'61121d2d1b1669750837',1807,,1320,15,0,9 10 11,0
35700,'634b592b186b573b6758',1807,,1321,19,0,9 10 11,0
35700,'693b6416011017175f3d',1330,,443,15,0,9 10 11,0,370,,444,15,0,9 10 11,0
35700,'6d0c424c36686c087407',1340,,1322,19,0,9 10 11,0,395,,1323,19,0,9 10 11,0
35700,'7f443a14596255477616',713,,1324,15,0,9 10 11,0,29,,1325,15,0,9 10 11,0
