36300,'02070559307629202a09',1256,,593,13,0,9 10 11,0
36300,'1c2e3625233d01453772',706,,1393,13,0,9 10 11,0
36300,'1f5759673f12020b0a50',1256,,1394,13,0,9 10 11,0
36300,'296b622873433b653522',1256,,594,13,0,9 10 11,0
36300,'2a08755845643968295b',1719,,595,10,0,9 10 11,0
36300,'2a5b3362091f52630354',634,,596,13,0,9 10 11,0,285,,597,10,0,9 10 11,0
36300,'44487e3c3e7f21570e19',1256,,1395,13,0,9 10 11,0
36300,'4d7a6615443531084902',706,,598,13,0,9 10 11,0
36300,'59737b0d0f044b52693e',1721,,1396,10,0,9 10 11,0
36300,'7f443a14596255477616',636,,1397,13,0,9 10 11,0,285,,1398,10,0,9 10 11,0
