35600,'02070559307629202a09',636,,373,15,0,9 10 11,0
35600,'0a2f1e22095132130163',1806,,374,16,0,9 10 11,0,5,,375,16,0,9 10 11,0
35600,'1c42311e025d3b40504f',1711,,376,16,0,9 10 11,0
35600,'200a2d69427732221f48',1236,,377,15,0,9 10 11,0
35600,'220e7e723c71704c1463',1446,,378,19,0,9 10 11,0,370,,379,19,0,9 10 11,0
35600,'2752046f425a49721d09',1236,,380,15,0,9 10 11,0
35600,'295d5e0567072f655d20',1101,,381,19,0,9 10 11,0,800,,382,19,0,9 10 11,0
35600,'2a08755845643968295b',636,,384,15,0,9 10 11,0,80,,385,15,0,9 10 11,0,30,,386,15,0,9 10 11,0,960,,383,15,0,9 10 11,0
35600,'2a5b3362091f52630354',636,,389,15,0,9 10 11,0,82,,390,15,0,9 10 11,0,30,,391,15,0,9 10 11,0,698,,387,15,0,9 10 11,0,399,,388,16,0,9 10 11,0
35600,'4d7a6615443531084902',616,,393,15,0,9 10 11,0,320,,392,15,0,9 10 11,0
35600,'52166b36781a3037644c',836,,394,15,0,9 10 11,0
35600,'693b6416011017175f3d',1556,,395,16,0,9 10 11,0,55,,396,17,0,9 10 11,0,100,,397,17,0,9 10 11,0
35600,'725616403949496a5c67',1236,,398,16,0,9 10 11,0,5,,400,16,0,122 25,0,565,,401,15,0,9 10 11,0
