30400,'1c2e3625233d01453772',617,,1020,6,0,7 8,0,30,,1021,6,0,7 8,0,70,,1022,6,0,7 8,0,30,,1023,6,0,7 8,0,70,,1024,6,0,7 8,0,30,,1025,6,0,7 8,0,760,,1026,6,0,7 8,0,30,,1027,6,0,7 8,0,70,,1016,6,0,7 8,0,30,,1017,6,0,7 8,0,70,,1018,6,0,7 8,0,30,,1019,6,0,7 8,0
30400,'7f443a14596255477616',702,,1028,6,0,7 8,0
35500,'033e170961301f7a0308',807,,1649,22,0,9 26,0
35500,'055e00325b240c7d4777',922,,1220,22,0,9 10 11,0,715,,1219,22,0,9 10 11,0
35500,'126535785649426e467c',650,,1650,12,0,9 10 11,0,53,,1651,22,0,9 10 11,0,107,,1652,1,0,9 26,0
35500,'210a7c3e60384f725e7c',922,,1654,22,0,9 10 11,0,715,,1653,22,0,9 10 11,0
35500,'4f67586f291357636e2f',1202,,1657,12,0,9 26,0,110,,1658,22,0,9 26,0,118,,1655,1,0,9 26,0,222,,1656,12,0,9 26,0
35500,'566406012b1e7e430018',922,,1659,12,0,9 26,0
35500,'59737b0d0f044b52693e',722,,1660,22,0,9 10 11,0
35500,'5d5f40704724192d5825',650,,1226,12,0,9 10 11,0,68,,1227,22,0,9 10 11,0,92,,1228,1,0,9 26,0,112,,1217,12,0,9 26,0
35500,'723148100c272b183b65',807,,1218,22,0,9 26,0
35500,'7360781f782d14543c3f',1202,,1223,12,0,9 26,0,110,,1224,22,0,9 26,0,118,,1221,1,0,9 26,0,222,,1222,12,0,9 26,0
