35701,'0d4e3278231744213640',1846,,1326,42,0,12 13 14,0
35701,'136e6b484c454e417465',2005,,446,42,0,12 13 14,0
35701,'1c2e3625233d01453772',1355,,1330,42,0,12 13 14,0,290,,1327,42,0,12 13 14,0,99,,1328,42,0,12 13 14,0,281,,1329,42,0,12 13 14,0
35701,'320823102b697f311363',904,,1331,42,0,12 13 14,0
35701,'332311354b01253e3615',914,,1332,42,0,12 18 19,0
35701,'3823594e52252d7f6b14',2005,,1333,42,0,12 13 14,0
35701,'3a4a044232474e33312b',1124,,449,42,0,15 16 17,0
35701,'3a511f30370a721b2433',904,,445,42,0,12 13 14,0
35701,'494a652c1e455e3d7c72',954,,1334,42,0,12 13 14,0,270,,1335,42,0,12 13 14,0
35701,'59445e7d50034e156e11',1839,,1336,42,0,12 13 14,0
35701,'59737b0d0f044b52693e',840,,1339,42,0,12 13 14,0,964,,1337,42,0,12 13 14,0,111,,1338,42,0,12 13 14,0
35701,'61121d2d1b1669750837',1124,,1340,42,0,12 13 14,0
35701,'634b592b186b573b6758',1124,,1341,42,0,15 16 17,0
35701,'69181125652d7e4d6a80',840,,452,42,0,12 13 14,0,384,,453,42,0,15 16 17,0,131,,463,42,0,12 13 14,0,290,,460,42,0,12 13 14,0,99,,461,42,0,12 13 14,0,60,,450,42,0,12 13 14,0,111,,451,42,0,12 13 14,0,110,,462,42,0,12 13 14,0
35701,'6d0c424c36686c087407',950,,1342,42,0,15 16 17,0
35701,'702c275e051204394d01',950,,448,42,0,15 16 17,0,889,,447,42,0,12 13 14,0
35701,'7c40501f37807a467b28',1224,,1343,42,0,15 16 17,0
35701,'7f443a14596255477616',852,,1347,42,0,12 18 19,0,957,,1344,42,0,12 13 14,0,37,,1345,42,0,12 13 14,0,78,,1346,42,0,12 13 14,0
