39301,'0a2f1e22095132130163',1829,,855,29,0,162,0
39301,'31744f7e5638320a2d4c',1339,,1600,28,0,162,0
39301,'553d275f1455102c362a',1829,,1602,28,0,162,0
39301,'725616403949496a5c67',1339,,858,29,0,162,0
39400,'012705765b230d454c07',1539,,1603,20,,,0
39400,'02070559307629202a09',904,,859,20,,,0,640,,860,20,,,0
39400,'1443632b3566627b2e20',729,,1604,20,,,0,390,,1605,20,,,0,515,,1606,20,,,0
39400,'2a08755845643968295b',729,,863,20,,,0,390,,864,20,,,0,515,,865,20,,,0
39400,'2a5b3362091f52630354',729,,866,20,,,0,390,,867,20,,,0,515,,868,20,,,0
39400,'693b6416011017175f3d',1539,,870,20,,,0
39400,'79634f716a31375a174a',904,,1609,20,,,0,640,,1610,20,,,0
