34201,'1c2e3625233d01453772',1306,,1091,14,0,135 25,0,538,,1092,14,0,135 25,0
34201,'49363c5c560d0d713513',1759,,217,15,0,135 25,0
34201,'4f0277002864772e6462',1754,,1093,14,0,135 25,0
34201,'5858235b60647f474275',1306,,220,15,0,135 25,0,538,,221,15,0,135 25,0
34201,'5a622e2f735638475e4f',1759,,218,15,0,135 25,0
36500,'04000a7c474d7a230c2b',1143,,651,6,0,9 10 11,0
36500,'127d168004422778154c',1143,,637,6,0,9 10 11,0
36500,'17675d5630562f244640',907,,640,6,0,9 10 11,0
36500,'1c2e3625233d01453772',554,,1404,6,0,9 10 11,0,71,,1405,6,0,133 134,0
36500,'1f5759673f12020b0a50',654,,1408,6,0,9 10 11,0
36500,'2c14404d6d61074b6d28',1143,,1409,6,0,9 10 11,0
36500,'2d0d0c223c38203b5e0d',1142,,1410,6,0,9 10 11,0
36500,'3823594e52252d7f6b14',907,,1413,6,0,9 10 11,0,803,,1412,6,0,9 10 11,0
36500,'49363c5c560d0d713513',652,,638,6,0,9 10 11,0
36500,'4f0277002864772e6462',1715,,1415,6,0,9 10 11,0
36500,'5858235b60647f474275',552,,646,6,0,9 10 11,0,73,,647,6,0,133 134,0
36500,'5c695617211a647e7d16',1715,,645,6,0,9 10 11,0
36500,'7f443a14596255477616',654,,1419,6,0,9 10 11,0,666,,1418,6,0,9 10 11,0
