36501,'0e5131610429337c0530',801,,1420,38,0,135 25,0,116,,1421,38,0,166 32,0
36501,'1e386a27476c5b6e1461',718,,1436,38,0,132 117,0,1002,,1434,38,0,132 117,0,113,,1435,38,0,133 134,0
36501,'1f5759673f12020b0a50',1903,,1425,38,0,132 117,0
36501,'2a2423055d636f354b6d',1340,,1429,38,0,132 117,0,182,,1430,38,0,132 117,0
36501,'2c14404d6d61074b6d28',1017,,1426,38,0,133 134,0
36501,'2f16807a52596335736c',1901,,1422,38,0,132 117,0,42,,1423,38,0,133 134,0
36501,'3823594e52252d7f6b14',1007,,1428,38,0,132 117,0,811,,1427,38,0,132 117,0
36501,'3c550d10735a472e4755',801,,1433,38,0,135 25,0
36501,'484f0e366a041c114e35',1017,,1432,38,0,133 134,0
36501,'59737b0d0f044b52693e',1821,,1431,38,0,133 134,0
