30101,'296b622873433b653522',1817,,16,4,0,20 2 21 22,0
30101,'2a5b3362091f52630354',1747,,17,4,0,20 2 21 22,0
30101,'4d7a6615443531084902',732,,23,4,0,20 2 21 22,0,70,,24,4,0,20 2 21 22,0,30,,25,4,0,20 2 21 22,0,70,,26,4,0,20 2 21 22,0,30,,27,4,0,20 2 21 22,0,770,,28,4,0,20 2 21 22,0,30,,29,4,0,20 2 21 22,0,70,,18,4,0,20 2 21 22,0,30,,19,4,0,20 2 21 22,0,70,,20,4,0,20 2 21 22,0,30,,21,4,0,20 2 21 22,0,70,,22,4,0,20 2 21 22,0
30101,'693b6416011017175f3d',1717,,30,4,0,20 2 21 22,0
35101,'02070559307629202a09',1925,,302,39,0,20 2 21 22,0
35101,'1a20552b5a400f716a1b',1040,,303,39,0,20 2 21 22,0
35101,'2a5b3362091f52630354',731,,308,46,0,23 2 24 18,0,111,,309,47,0,23 2 24 18,0,813,,304,39,4,,0,250,,305,47,0,20 2 21 22,0,105,,306,39,0,20 2 21 22,0
35101,'2c295b0e5f4444502b59',1840,,310,39,0,20 2 21 22,0
35101,'4d7a6615443531084902',1238,,311,8,0,23 2 24 18,0
35101,'52166b36781a3037644c',955,,312,39,0,20 2 21 22,0,380,,313,39,0,20 2 21 22,0,190,,314,39,0,20 2 21 22,0
35101,'725616403949496a5c67',1429,,315,47,0,20 2 21 22,0
