35501,'033e170961301f7a0308',901,,1662,10,0,20 21 22,0,353,,1663,10,0,20 21 22,0,362,,1661,10,0,20 21 22,0
35501,'055e00325b240c7d4777',1041,,1235,12,0,20 21 22,0,715,,1234,12,0,20 21 22,0
35501,'12050f054d0a0f53752f',1256,,1239,10,0,20 21 22,0
35501,'126535785649426e467c',827,,1666,12,0,49 50,0,794,,1664,10,0,20 21 22,0,181,,1665,10,0,20 21 22,0
35501,'210a7c3e60384f725e7c',1041,,1668,12,0,20 21 22,0,715,,1667,12,0,20 21 22,0
35501,'2530772d5b5960361a09',1411,,1238,10,0,72 25,0,135,,1236,10,0,49 50,0,310,,1237,12,0,20 21 22,0
35501,'371d2f0f7337032c2b25',1301,,1233,10,0,20 21 22,0
35501,'3a3841530321505b7b18',1256,,1669,10,0,20 21 22,0
35501,'4f67586f291357636e2f',1411,,1672,10,0,72 25,0,135,,1670,10,0,49 50,0,310,,1671,12,0,20 21 22,0
35501,'566406012b1e7e430018',1056,,1673,10,0,49 50,0
35501,'59737b0d0f044b52693e',1256,,1675,10,0,20 21 22,0,360,,1674,10,0,20 21 22,0
35501,'5d21673510580b5d6c6e',1301,,1676,10,0,20 21 22,0
35501,'723148100c272b183b65',901,,1231,10,0,20 21 22,0,353,,1232,10,0,20 21 22,0,362,,1230,10,0,20 21 22,0
35501,'7249395f521c57637d3d',827,,1244,12,0,49 50,0,229,,1229,10,0,49 50,0,565,,1242,10,0,20 21 22,0,136,,1243,10,0,20 21 22,0
