35700,'055e00325b240c7d4777',1835,,432,38,0,9 10 11,0
35700,'0a3c663a7d504d200835',1729,,1307,34,0,9 10 11,0
35700,'1e386a27476c5b6e1461',747,,1324,34,0,9 10 11,0,67,,1325,34,0,9 10 11,0
35700,'2f16807a52596335736c',659,,1309,34,0,9 10 11,0,390,,1310,34,0,9 10 11,0,500,,1308,34,0,9 10 11,0
35700,'320823102b697f311363',1409,,1311,34,0,9 10 11,0
35700,'321e5f70685c1473436a',725,,1313,34,0,9 10 11,0
35700,'3823594e52252d7f6b14',947,,1312,34,0,9 10 11,0
35700,'416039027b4e59137846',1359,,1314,34,0,9 10 11,0
35700,'59445e7d50034e156e11',719,,1317,34,0,9 10 11,0
35700,'59737b0d0f044b52693e',739,,1318,34,0,9 10 11,0,68,,1319,34,0,9 10 11,0
35700,'61121d2d1b1669750837',1835,,1320,34,0,9 10 11,0
35700,'634b592b186b573b6758',1835,,1321,38,0,9 10 11,0
35700,'6d0c424c36686c087407',1409,,1322,38,0,9 10 11,0,393,,1323,38,0,9 10 11,0
35700,'71472061383531535e0f',1409,,1315,36,0,9 10 11,0,395,,1316,34,0,9 10 11,0
