31401,'2b037649673f32451d0b',1246,,127,17,,,0
31401,'3b0d0a205721144a1f02',1246,,1059,17,,,0
39701,'16096334352325192d1f',1316,,1628,17,,,0
39701,'1c2e3625233d01453772',1844,,1629,14,,,0
39701,'2a08755845643968295b',1749,,908,14,,,0
39701,'2a5b3362091f52630354',1804,,910,18,,,0
39701,'2b037649673f32451d0b',1308,,911,13,,,0
39701,'4d7a6615443531084902',1844,,912,14,,,0
39701,'532f7e634a3b56246321',1308,,1630,13,,,0
39701,'59737b0d0f044b52693e',1749,,1631,14,,,0
39701,'69552d0660140f203513',1314,,913,18,,,0
39701,'7f443a14596255477616',1804,,1633,17,,,0
