35501,'033e170961301f7a0308',942,,1662,30,0,20 21 22,0,387,,1663,30,0,20 21 22,0,328,,1661,30,0,20 21 22,0
35501,'055e00325b240c7d4777',1122,,1235,32,0,20 21 22,0,715,,1234,32,0,20 21 22,0
35501,'126535785649426e467c',904,,1666,32,0,49 50,0,755,,1664,30,0,20 21 22,0,181,,1665,30,0,20 21 22,0
35501,'191b086669276f0a2c02',1334,,1239,30,0,20 21 22,0
35501,'210a7c3e60384f725e7c',1122,,1668,32,0,20 21 22,0,715,,1667,32,0,20 21 22,0
35501,'371d2f0f7337032c2b25',1339,,1233,30,0,20 21 22,0
35501,'3a3841530321505b7b18',1334,,1669,30,0,20 21 22,0
35501,'4f67586f291357636e2f',1624,,1670,30,0,49 50,0,313,,1671,32,0,20 21 22,0
35501,'566406012b1e7e430018',1134,,1673,30,0,49 50,0
35501,'59737b0d0f044b52693e',1337,,1675,30,0,20 21 22,0,320,,1674,30,0,20 21 22,0
35501,'5d21673510580b5d6c6e',1339,,1676,30,0,20 21 22,0
35501,'5d5f40704724192d5825',904,,1244,32,0,49 50,0,230,,1229,30,0,49 50,0,525,,1242,30,0,20 21 22,0,176,,1243,30,0,20 21 22,0
35501,'723148100c272b183b65',942,,1231,30,0,20 21 22,0,387,,1232,30,0,20 21 22,0,328,,1230,30,0,20 21 22,0
35501,'7360781f782d14543c3f',1624,,1236,30,0,49 50,0,313,,1237,32,0,20 21 22,0
37500,'7f443a14596255477616',705,,1463,6,0,23 24 18,0
