31401,'3b0d0a205721144a1f02',1225,,1059,6,,,0
31401,'7b0a5d324a465c650801',1225,,127,6,,,0
31601,'3b0d0a205721144a1f02',1310,,1063,8,0,111 21,0
31601,'7b0a5d324a465c650801',1310,,131,8,0,111 21,0
32000,'3c046c2a04663d195765',728,,150,3,0,136 10 52,0
32001,'3c046c2a04663d195765',1855,,152,8,0,137 138 139,0
37901,'16096334352325192d1f',1254,,1510,11,0,126 47 48,0
37901,'1f6e0d380f2d6910155c',1254,,743,12,0,126 47 48,0
37901,'30275c4a4d721d220170',1739,,742,12,0,126 47 48,0
37901,'313b373044623e546777',1245,,741,9,4,,0
37901,'31744f7e5638320a2d4c',1254,,1512,11,0,114 115,0
37901,'4f0277002864772e6462',1739,,1513,11,0,126 47 48,0
37901,'532f7e634a3b56246321',1245,,1514,9,4,,0
37901,'553d275f1455102c362a',1739,,1516,11,0,114 115,0
