35600,'055e00325b240c7d4777',1107,,381,22,0,9 10 11,0,800,,382,22,0,9 10 11,0
35600,'0a3c663a7d504d200835',1602,,1245,19,0,9 10 11,0,15,,1246,20,0,9 10 11,0
35600,'0d7c5c285a59412d315b',1807,,1247,18,0,9 10 11,0
35600,'112a0b7f332a564f1678',1242,,1248,18,0,9 10 11,0
35600,'1a223768176411647430',1812,,1250,18,0,9 10 11,0
35600,'1e386a27476c5b6e1461',642,,1273,18,0,9 10 11,0,82,,1274,18,0,9 10 11,0,30,,1275,18,0,9 10 11,0,963,,1271,19,0,9 10 11,0,134,,1272,19,0,9 10 11,0
35600,'1e7832711c690d2e452a',1812,,1257,19,0,9 10 11,0,5,,1258,19,0,9 10 11,0
35600,'1f5759673f12020b0a50',642,,1253,18,0,9 10 11,0
35600,'2943795d360756687162',1452,,1249,18,0,9 10 11,0
35600,'2a2423055d636f354b6d',842,,1256,18,0,9 10 11,0
35600,'2a6804265d6c7a6d704c',1242,,1268,18,0,9 10 11,0
35600,'2f16807a52596335736c',622,,1252,18,0,9 10 11,0,320,,1251,18,0,9 10 11,0
35600,'31744f7e5638320a2d4c',1242,,1254,19,0,9 10 11,0,5,,1255,19,0,9 10 11,0
35600,'56061576073054406d39',1812,,1259,18,0,9 10 11,0
35600,'59737b0d0f044b52693e',642,,1261,18,0,9 10 11,0,80,,1262,18,0,9 10 11,0,30,,1263,18,0,9 10 11,0,960,,1260,18,0,9 10 11,0
35600,'61121d2d1b1669750837',1106,,1264,18,0,9 10 11,0,800,,1265,18,0,9 10 11,0
35600,'634b592b186b573b6758',1106,,1266,22,0,9 10 11,0,800,,1267,22,0,9 10 11,0
35600,'6d0c424c36686c087407',1452,,1269,22,0,9 10 11,0,360,,1270,22,0,9 10 11,0
