32400,'2c5f74455e25454d432d',1244,,1081,15,0,51 10 52 2 29,0
32400,'3f242a2f47502e255740',634,,155,15,0,51 10 52 2 29,0
36000,'114a44065a5209536517',841,,535,13,0,51 10 52 2 29,0,208,,536,8,0,51 10 52 2 29,0,792,,537,13,0,51 10 52 2 29,0
36000,'3f242a2f47502e255740',701,,531,13,0,51 10 52 2 29,0,25,,532,13,0,51 10 52 2 29,0,409,,1370,13,0,51 10 52 2 29,0,580,,533,13,0,51 10 52 2 29,0
36000,'3f4d67570e29103a1e70',934,,523,8,0,51 10 52 2 29,0,910,,522,8,0,51 10 52 2 29,0
36000,'79634f716a31375a174a',1135,,534,13,0,51 10 52 2 29,0
36300,'1e386a27476c5b6e1461',621,,1397,4,0,9 10 11,0
36300,'1f5759673f12020b0a50',1241,,1394,4,0,9 10 11,0
36300,'2f16807a52596335736c',651,,1393,4,0,9 10 11,0
36300,'3c2a73256541336f410c',1241,,1395,4,0,9 10 11,0
36400,'114a44065a5209536517',1331,,618,4,0,51 10 52 2 29,0,200,,619,4,0,51 10 52 2 29,0
36400,'3f242a2f47502e255740',701,,613,4,0,51 10 52 2 29,0,30,,614,4,0,51 10 52 2 29,0,70,,615,4,0,51 10 52 2 29,0,906,,616,4,0,51 10 52 2 29,0,104,,617,4,0,51 10 52 2 29,0
36400,'3f4d67570e29103a1e70',1542,,603,4,0,51 10 52 2 29,0
36400,'4a0603184e160563480a',846,,604,4,0,51 10 52 2 29,0
