36500,'0e5131610429337c0530',919,,1403,8,0,9 10 11,0
36500,'1c486c5002601c4a534a',1657,,1407,7,0,9 10 11,0
36500,'1e386a27476c5b6e1461',746,,1419,22,0,9 10 11,0,659,,1418,22,0,9 10 11,0
36500,'1e7832711c690d2e452a',1653,,1416,8,0,9 10 11,0
36500,'1f5759673f12020b0a50',740,,1408,21,0,9 10 11,0
36500,'2a2423055d636f354b6d',1805,,1415,22,0,9 10 11,0
36500,'2c14404d6d61074b6d28',1229,,1409,21,0,9 10 11,0
36500,'2f16807a52596335736c',635,,1404,22,0,9 10 11,0,83,,1406,7,0,9 10 11,0
36500,'2f6b6069415f08614303',1229,,1410,22,0,9 10 11,0
36500,'31744f7e5638320a2d4c',1318,,1411,4,0,9 10 11,0
36500,'3823594e52252d7f6b14',949,,1413,22,0,9 10 11,0,853,,1412,22,0,9 10 11,0
36500,'3c550d10735a472e4755',921,,1417,9,0,9 10 11,0
36500,'71472061383531535e0f',626,,1414,7,0,9 10 11,0
