36500,'0a2f1e22095132130163',1631,,639,2,0,9 10 11,0
36500,'1c2e3625233d01453772',700,,1406,2,0,9 10 11,0
36500,'1c486c5002601c4a534a',1641,,1407,2,0,9 10 11,0
36500,'2a5b3362091f52630354',611,,642,2,0,9 10 11,0
36500,'494a652c1e455e3d7c72',611,,1414,2,0,9 10 11,0
36500,'4d7a6615443531084902',701,,648,2,0,9 10 11,0
36500,'553d275f1455102c362a',1631,,1416,2,0,9 10 11,0
36500,'756c797a51436f4d0414',1641,,650,2,0,9 10 11,0
36501,'1c2e3625233d01453772',2001,,1424,2,0,132 117,0
36501,'4d7a6615443531084902',2001,,662,2,0,132 117,0
