35100,'1f5759673f12020b0a50',818,,1159,21,0,9 10 11,0,333,,1160,21,0,9 10 11,0
35100,'2a08755845643968295b',1151,,291,21,0,9 10 11,0
35100,'300d603a345a5010103b',1104,,298,21,0,9 10 11,0,227,,296,21,0,9 10 11,0,110,,297,21,0,9 10 11,0
35100,'31744f7e5638320a2d4c',1224,,1163,9,0,9 10 11,0
35100,'3823594e52252d7f6b14',901,,1165,21,0,9 10 11,0,746,,1164,21,0,9 10 11,0
35100,'4f0277002864772e6462',1104,,1168,21,0,9 10 11,0,227,,1166,21,0,9 10 11,0,110,,1167,21,0,9 10 11,0
35100,'59737b0d0f044b52693e',1151,,1171,21,0,9 10 11,0
35100,'5c112750394b6b07283a',818,,285,21,0,9 10 11,0,333,,286,21,0,9 10 11,0
35100,'75034b1d5a2e41380d0c',901,,290,21,0,9 10 11,0,746,,289,21,0,9 10 11,0
35100,'7f443a14596255477616',634,,1172,21,0,9 10 11,0
