31401,'3b0d0a205721144a1f02',1222,,1059,5,,,0
31401,'7b0a5d324a465c650801',1222,,127,5,,,0
37901,'16096334352325192d1f',1252,,1510,10,0,126 47 48,0
37901,'1f6e0d380f2d6910155c',1251,,743,11,0,126 47 48,0
37901,'30275c4a4d721d220170',1736,,742,11,0,126 47 48,0
37901,'313b373044623e546777',1240,,741,8,0,123 124 125,0
37901,'31744f7e5638320a2d4c',1252,,1512,10,0,114 115,0
37901,'4f0277002864772e6462',1736,,1513,10,0,126 47 48,0
37901,'532f7e634a3b56246321',1242,,1514,8,0,123 124 125,0
37901,'553d275f1455102c362a',1736,,1516,10,0,114 115,0
