35400,'2f16807a52596335736c',619,,1207,2,0,9 26,0,600,,1211,2,0,9 26,0
35501,'033e170961301f7a0308',934,,1662,26,0,20 21 22,0,390,,1663,26,0,20 21 22,0,325,,1661,26,0,20 21 22,0
35501,'055e00325b240c7d4777',1114,,1235,28,0,20 21 22,0,715,,1234,28,0,20 21 22,0
35501,'12050f054d0a0f53752f',1327,,1239,26,0,20 21 22,0
35501,'126535785649426e467c',858,,1666,28,0,49 50,0,794,,1664,26,0,20 21 22,0,181,,1665,26,0,20 21 22,0
35501,'210a7c3e60384f725e7c',1114,,1668,28,0,20 21 22,0,715,,1667,28,0,20 21 22,0
35501,'2530772d5b5960361a09',1617,,1236,26,0,49 50,0,312,,1237,28,0,20 21 22,0
35501,'371d2f0f7337032c2b25',1332,,1233,26,0,20 21 22,0
35501,'3a3841530321505b7b18',1327,,1669,26,0,20 21 22,0
35501,'4f67586f291357636e2f',1617,,1670,26,0,49 50,0,312,,1671,28,0,20 21 22,0
35501,'566406012b1e7e430018',1127,,1673,26,0,49 50,0
35501,'59737b0d0f044b52693e',1329,,1675,26,0,20 21 22,0,320,,1674,26,0,20 21 22,0
35501,'5d21673510580b5d6c6e',1332,,1676,26,0,20 21 22,0
35501,'723148100c272b183b65',934,,1231,26,0,20 21 22,0,390,,1232,26,0,20 21 22,0,325,,1230,26,0,20 21 22,0
35501,'7249395f521c57637d3d',858,,1244,28,0,49 50,0,269,,1229,26,0,49 50,0,525,,1242,26,0,20 21 22,0,176,,1243,26,0,20 21 22,0
37500,'1e386a27476c5b6e1461',658,,1463,2,0,23 24 18,0
