34200,'2a2423055d636f354b6d',1405,,1088,10,0,65 18 140,0
34200,'2f16807a52596335736c',755,,1087,10,0,65 18 140,0
34200,'59737b0d0f044b52693e',720,,1089,10,0,65 18 140,0
34201,'1f5759673f12020b0a50',1748,,1638,13,0,135 25,0
34201,'2f16807a52596335736c',1301,,1091,13,0,135 25,0,537,,1637,13,0,135 25,0
34201,'59737b0d0f044b52693e',1748,,1639,13,0,135 25,0
34400,'1e386a27476c5b6e1461',714,,1099,7,0,65 18 140,0
34400,'532f7e634a3b56246321',903,,1097,7,0,65 66 67,0
34400,'7061714f794c79290d6c',913,,1095,7,0,65 66 67,0
34401,'1e7832711c690d2e452a',1755,,1107,13,0,132 117,0
34401,'31744f7e5638320a2d4c',1303,,1104,13,0,132 117,0
34401,'532f7e634a3b56246321',1307,,1106,10,0,132 117,0
34401,'7061714f794c79290d6c',1525,,1103,9,0,132 117,0
