32601,'2a5b3362091f52630354',1819,,186,9,0,78 45,0,96,,187,9,0,78 45,0
32601,'35315f0c7e2102062569',1244,,1084,9,0,78 45,0,113,,1085,6,0,78 45,0
32601,'3c046c2a04663d195765',1915,,188,9,0,78 45,0
32601,'4e3f30715c2160755238',1819,,1086,9,0,78 45,0
32601,'725616403949496a5c67',1244,,189,9,0,78 45,0,113,,190,6,0,78 45,0
36201,'02070559307629202a09',1720,,584,25,0,87 88,0,229,,583,25,0,87 88,0
36201,'1c2e3625233d01453772',1353,,1383,25,0,87 89,0,401,,1385,25,0,87 89,0,100,,1386,25,0,87 88,0,95,,1387,25,0,87 89,0
36201,'1f5759673f12020b0a50',1720,,1389,25,0,87 88,0,229,,1388,25,0,87 88,0
36201,'2a5b3362091f52630354',953,,585,25,0,87 88,0,872,,587,25,0,87 88,0
36201,'4d7a6615443531084902',1353,,588,25,0,87 89,0,401,,590,25,0,87 89,0,100,,591,25,0,87 88,0,95,,592,25,0,87 89,0
36201,'7f443a14596255477616',953,,1390,25,0,87 88,0,872,,1392,25,0,87 88,0
