30400,'1e386a27476c5b6e1461',638,,1028,2,0,7 8,0
30400,'2f16807a52596335736c',553,,1020,2,0,7 8,0,70,,1021,2,0,7 8,0,30,,1022,2,0,7 8,0,70,,1023,2,0,7 8,0,30,,1024,2,0,7 8,0,70,,1025,2,0,7 8,0,720,,1026,2,0,7 8,0,70,,1027,2,0,7 8,0,30,,1016,2,0,7 8,0,70,,1017,2,0,7 8,0,30,,1018,2,0,7 8,0,70,,1019,2,0,7 8,0
35501,'033e170961301f7a0308',952,,1662,32,0,20 21 22,0,387,,1663,32,0,20 21 22,0,369,,1661,32,0,20 21 22,0
35501,'055e00325b240c7d4777',1132,,1235,34,0,20 21 22,0,715,,1234,34,0,20 21 22,0
35501,'12050f054d0a0f53752f',1345,,1239,32,0,20 21 22,0
35501,'126535785649426e467c',1710,,1664,32,0,20 21 22,0,140,,1665,32,0,20 21 22,0
35501,'210a7c3e60384f725e7c',1132,,1668,34,0,20 21 22,0,715,,1667,34,0,20 21 22,0
35501,'2530772d5b5960361a09',1947,,1237,34,0,20 21 22,0
35501,'371d2f0f7337032c2b25',1350,,1233,32,0,20 21 22,0
35501,'3a3841530321505b7b18',1345,,1669,32,0,20 21 22,0
35501,'4f67586f291357636e2f',1947,,1671,34,0,20 21 22,0
35501,'59737b0d0f044b52693e',1347,,1675,32,0,20 21 22,0,361,,1674,32,0,20 21 22,0
35501,'5d21673510580b5d6c6e',1350,,1676,32,0,20 21 22,0
35501,'723148100c272b183b65',952,,1231,32,0,20 21 22,0,387,,1232,32,0,20 21 22,0,369,,1230,32,0,20 21 22,0
35501,'7249395f521c57637d3d',1710,,1242,32,0,20 21 22,0,135,,1243,32,0,20 21 22,0
37500,'1e386a27476c5b6e1461',714,,1463,8,0,23 24 18,0
