31900,'1c2e3625233d01453772',646,,1073,19,0,9 68 38,0,83,,1074,20,0,9 68 38,0,117,,1075,19,0,9 68 38,0
31900,'4f0277002864772e6462',1303,,1076,20,0,9 68 38,0
31900,'534f3f6200296b014523',1303,,144,20,0,9 68 38,0
31900,'5858235b60647f474275',646,,141,19,0,9 68 38,0,83,,142,20,0,9 68 38,0,117,,143,19,0,9 68 38,0
35800,'17675d5630562f244640',858,,466,23,0,9 10 11,0
35800,'1c2e3625233d01453772',1244,,1348,23,0,9 10 11,0
35800,'1f5759673f12020b0a50',758,,1349,23,0,9 10 11,0,498,,1350,24,0,9 10 11,0
35800,'337b31363e410b5e7355',1659,,472,23,0,9 10 11,0
35800,'3823594e52252d7f6b14',858,,1351,23,0,9 10 11,0
35800,'49363c5c560d0d713513',758,,464,23,0,9 10 11,0,498,,465,24,0,9 10 11,0
35800,'494a652c1e455e3d7c72',641,,1352,23,0,9 10 11,0
35800,'4f0277002864772e6462',1559,,1353,23,0,9 10 11,0
35800,'534f3f6200296b014523',1559,,474,23,0,9 10 11,0
35800,'5858235b60647f474275',1244,,473,23,0,9 10 11,0
35800,'59737b0d0f044b52693e',659,,1354,24,0,9 10 11,0
35800,'5a622e2f735638475e4f',659,,467,24,0,9 10 11,0
35800,'7a7c2673351c18595c18',1659,,1355,23,0,9 10 11,0
35800,'7f443a14596255477616',700,,1356,24,0,9 10 11,0,20,,1357,23,0,9 10 11,0,195,,1358,23,0,9 10 11,0
