35701,'0d4e3278231744213640',1839,,1326,39,0,12 13 14,0
35701,'136e6b484c454e417465',2000,,446,39,0,12 13 14,0
35701,'1c2e3625233d01453772',1350,,1330,39,0,12 13 14,0,290,,1327,39,0,12 13 14,0,99,,1328,39,0,12 13 14,0,281,,1329,39,0,12 13 14,0
35701,'320823102b697f311363',900,,1331,39,0,12 13 14,0
35701,'332311354b01253e3615',909,,1332,39,0,12 18 19,0
35701,'3823594e52252d7f6b14',2000,,1333,39,0,12 13 14,0
35701,'3a4a044232474e33312b',1119,,449,39,0,15 16 17,0
35701,'3a511f30370a721b2433',900,,445,39,0,12 13 14,0
35701,'494a652c1e455e3d7c72',950,,1334,39,0,12 13 14,0,269,,1335,39,0,12 13 14,0
35701,'59445e7d50034e156e11',1834,,1336,39,0,12 13 14,0
35701,'59737b0d0f044b52693e',835,,1339,39,0,12 13 14,0,924,,1337,39,0,12 13 14,0,151,,1338,39,0,12 13 14,0
35701,'61121d2d1b1669750837',1119,,1340,39,0,12 13 14,0
35701,'634b592b186b573b6758',1119,,1341,39,0,15 16 17,0
35701,'69181125652d7e4d6a80',835,,452,39,0,12 13 14,0,384,,453,39,0,15 16 17,0,131,,463,39,0,12 13 14,0,290,,460,39,0,12 13 14,0,99,,461,39,0,12 13 14,0,20,,450,39,0,12 13 14,0,151,,451,39,0,12 13 14,0,110,,462,39,0,12 13 14,0
35701,'6d0c424c36686c087407',945,,1342,39,0,15 16 17,0
35701,'702c275e051204394d01',945,,448,39,0,15 16 17,0,889,,447,39,0,12 13 14,0
35701,'7c40501f37807a467b28',1219,,1343,39,0,15 16 17,0
35701,'7f443a14596255477616',848,,1347,39,0,12 18 19,0,956,,1344,39,0,12 13 14,0,35,,1345,39,0,12 13 14,0,80,,1346,39,0,12 13 14,0
