36000,'114a44065a5209536517',815,,535,1,0,51 10 52 2 29,0,1000,,537,1,0,51 10 52 2 29,0
36000,'3f242a2f47502e255740',635,,531,1,0,51 10 52 2 29,0,65,,532,1,0,51 10 52 2 29,0,410,,1370,1,0,51 10 52 2 29,0,540,,533,1,0,51 10 52 2 29,0
36000,'79634f716a31375a174a',1110,,534,1,0,51 10 52 2 29,0
36001,'114a44065a5209536517',842,,549,17,4,,0,615,,550,17,4,,0
36001,'3f242a2f47502e255740',1722,,545,17,4,,0,100,,546,17,4,,0,205,,547,17,4,,0
36001,'79634f716a31375a174a',1947,,548,17,4,,0
36100,'114a44065a5209536517',1205,,561,1,0,51 10 52 2 29,0
36100,'2c5f74455e25454d432d',650,,1371,1,0,51 10 52 2 29,0,800,,1372,1,0,51 10 52 2 29,0
36100,'3f242a2f47502e255740',550,,558,1,0,51 10 52 2 29,0,455,,559,1,0,51 10 52 2 29,0
36100,'3f4d67570e29103a1e70',800,,552,1,0,51 10 52 2 29,0
36100,'4b6f482a4a7216552331',1450,,551,1,0,51 10 52 2 29,0
36100,'79634f716a31375a174a',650,,560,1,0,51 10 52 2 29,0
36101,'114a44065a5209536517',1400,,571,20,4,,0,510,,572,20,4,,0
36101,'3f242a2f47502e255740',1810,,569,20,4,,0,200,,570,20,4,,0
36101,'4a0603184e160563480a',955,,563,20,4,,0
36101,'4b6f482a4a7216552331',1755,,562,20,4,,0
