35600,'055e00325b240c7d4777',1116,,381,32,0,9 10 11,0,800,,382,32,0,9 10 11,0
35600,'0a3c663a7d504d200835',1611,,1245,29,0,9 10 11,0,15,,1246,30,0,9 10 11,0
35600,'0d7c5c285a59412d315b',1816,,1247,28,0,9 10 11,0
35600,'112a0b7f332a564f1678',1251,,1248,28,0,9 10 11,0
35600,'1a223768176411647430',1821,,1250,28,0,9 10 11,0
35600,'1e386a27476c5b6e1461',651,,1273,28,0,9 10 11,0,85,,1274,28,0,9 10 11,0,70,,1275,28,0,9 10 11,0,920,,1271,29,0,9 10 11,0,174,,1272,29,0,9 10 11,0
35600,'1e7832711c690d2e452a',1821,,1257,29,0,9 10 11,0,5,,1258,29,0,9 10 11,0
35600,'1f5759673f12020b0a50',651,,1253,28,0,9 10 11,0
35600,'2943795d360756687162',1501,,1249,28,0,9 10 11,0
35600,'2a2423055d636f354b6d',851,,1256,28,0,9 10 11,0
35600,'2a6804265d6c7a6d704c',1251,,1268,28,0,9 10 11,0
35600,'2f16807a52596335736c',631,,1252,28,0,9 10 11,0,320,,1251,28,0,9 10 11,0
35600,'31744f7e5638320a2d4c',1251,,1254,29,0,9 10 11,0,5,,1255,29,0,9 10 11,0
35600,'56061576073054406d39',1821,,1259,28,0,9 10 11,0
35600,'59737b0d0f044b52693e',651,,1261,28,0,9 10 11,0,80,,1262,28,0,9 10 11,0,70,,1263,28,0,9 10 11,0,920,,1260,28,0,9 10 11,0
35600,'61121d2d1b1669750837',1116,,1264,28,0,9 10 11,0,800,,1265,28,0,9 10 11,0
35600,'634b592b186b573b6758',1116,,1266,32,0,9 10 11,0,800,,1267,32,0,9 10 11,0
35600,'6d0c424c36686c087407',1501,,1269,32,0,9 10 11,0,320,,1270,32,0,9 10 11,0
