35100,'02070559307629202a09',822,,285,24,0,9 10 11,0,333,,286,24,0,9 10 11,0
35100,'0a2f1e22095132130163',1829,,287,19,0,9 10 11,0
35100,'1a20552b5a400f716a1b',904,,290,24,0,9 10 11,0,748,,289,24,0,9 10 11,0
35100,'1f5759673f12020b0a50',822,,1159,24,0,9 10 11,0,333,,1160,24,0,9 10 11,0
35100,'2a08755845643968295b',1155,,291,24,0,9 10 11,0
35100,'2a5b3362091f52630354',638,,292,24,0,9 10 11,0,66,,293,31,0,9 10 11,0,222,,294,19,0,9 10 11,0
35100,'31744f7e5638320a2d4c',1228,,1163,12,0,9 10 11,0,8,,1161,20,0,9 10 11,0
35100,'3823594e52252d7f6b14',904,,1165,24,0,9 10 11,0,748,,1164,24,0,9 10 11,0
35100,'4f0277002864772e6462',1108,,1168,24,0,9 10 11,0,227,,1166,24,0,9 10 11,0,110,,1167,24,0,9 10 11,0
35100,'52166b36781a3037644c',1108,,298,24,0,9 10 11,0,227,,296,24,0,9 10 11,0,110,,297,24,0,9 10 11,0
35100,'553d275f1455102c362a',1829,,1169,20,0,9 10 11,0
35100,'59737b0d0f044b52693e',1155,,1171,24,0,9 10 11,0
35100,'725616403949496a5c67',1228,,301,12,0,9 10 11,0,8,,299,19,0,9 10 11,0
35100,'7f443a14596255477616',638,,1172,24,0,9 10 11,0,66,,1173,32,0,9 10 11,0,222,,1174,20,0,9 10 11,0
