39700,'0a2f1e22095132130163',1616,,902,4,,,0
39700,'16096334352325192d1f',1421,,1622,10,,,0
39700,'1c2e3625233d01453772',834,,1623,10,,,0
39700,'2a08755845643968295b',728,,903,10,,,0
39700,'2a5b3362091f52630354',717,,904,10,,,0
39700,'2b037649673f32451d0b',923,,905,10,,,0
39700,'4d7a6615443531084902',833,,906,10,,,0
39700,'532f7e634a3b56246321',923,,1624,10,,,0
39700,'553d275f1455102c362a',1616,,1625,4,,,0
39700,'59737b0d0f044b52693e',728,,1626,10,,,0
39700,'69552d0660140f203513',1421,,907,10,,,0
39700,'7f443a14596255477616',717,,1627,10,,,0
