36200,'1c2e3625233d01453772',723,,1374,22,0,9 10 11,0,112,,1375,22,0,9 10 11,0,380,,1376,22,0,9 10 11,0,594,,1373,21,0,9 10 11,0
36200,'1f5759673f12020b0a50',954,,1377,21,0,9 10 11,0,261,,1378,21,0,9 10 11,0
36200,'3a511f30370a721b2433',954,,573,21,0,9 10 11,0,261,,574,21,0,9 10 11,0
36200,'69181125652d7e4d6a80',723,,580,22,0,9 10 11,0,112,,581,22,0,9 10 11,0,380,,582,22,0,9 10 11,0,594,,579,21,0,9 10 11,0
36200,'7f443a14596255477616',801,,1379,21,0,9 10 11,0,153,,1380,21,0,9 10 11,0,651,,1381,17,0,9 10 11,0,102,,1382,21,0,9 10 11,0
36300,'1c2e3625233d01453772',758,,1393,26,0,9 10 11,0
36300,'1f5759673f12020b0a50',1328,,1394,26,0,9 10 11,0
36300,'3a511f30370a721b2433',1320,,593,26,0,9 10 11,0
36300,'44487e3c3e7f21570e19',1328,,1395,26,0,9 10 11,0
36300,'59737b0d0f044b52693e',1754,,1396,23,0,9 10 11,0
36300,'69181125652d7e4d6a80',750,,598,26,0,9 10 11,0,1001,,595,23,0,9 10 11,0
36300,'7f443a14596255477616',708,,1397,26,0,9 10 11,0,246,,1398,23,0,9 10 11,0
36500,'0e5131610429337c0530',1013,,1403,38,0,9 10 11,0
36500,'136e6b484c454e417465',1050,,640,52,0,9 10 11,0
36500,'1c2e3625233d01453772',742,,1404,52,0,9 10 11,0,80,,1406,37,0,9 10 11,0
36500,'1c486c5002601c4a534a',1759,,1407,37,0,9 10 11,0
36500,'1f5759673f12020b0a50',831,,1408,51,0,9 10 11,0
36500,'29297c5f5e5d53030d3f',1323,,651,51,0,9 10 11,0
36500,'2c14404d6d61074b6d28',1330,,1409,51,0,9 10 11,0
36500,'2d0d0c223c38203b5e0d',1330,,1410,52,0,9 10 11,0
36500,'31744f7e5638320a2d4c',1409,,1411,34,0,9 10 11,0
36500,'3823594e52252d7f6b14',1050,,1413,52,0,9 10 11,0,855,,1412,52,0,9 10 11,0
36500,'3a511f30370a721b2433',831,,638,51,0,9 10 11,0
36500,'3f1b5e487a23197b626f',1754,,650,37,0,9 10 11,0
36500,'494a652c1e455e3d7c72',720,,1414,37,0,9 10 11,0
36500,'4f0277002864772e6462',1903,,1415,52,0,9 10 11,0
36500,'553d275f1455102c362a',1800,,1416,38,0,9 10 11,0
36500,'554b630955771e7c2224',1903,,645,52,0,9 10 11,0
36500,'5d3f35696f0f295d693b',1323,,637,52,0,9 10 11,0
36500,'69181125652d7e4d6a80',742,,646,52,0,9 10 11,0,79,,648,37,0,9 10 11,0
36500,'791e712d420e14727657',1016,,1417,39,0,9 10 11,0
36500,'7f443a14596255477616',857,,1419,52,0,9 10 11,0,645,,1418,52,0,9 10 11,0
36900,'136e6b484c454e417465',949,,668,23,0,9 10 11,0,784,,669,23,0,9 10 11,0
36900,'1c2e3625233d01453772',751,,1437,24,0,9 10 11,0,166,,1438,23,0,9 10 11,0
36900,'1f5759673f12020b0a50',1107,,1439,24,0,9 10 11,0
36900,'3823594e52252d7f6b14',949,,1440,23,0,9 10 11,0,784,,1441,23,0,9 10 11,0
36900,'3a511f30370a721b2433',1107,,667,24,0,9 10 11,0
36900,'494a652c1e455e3d7c72',717,,1442,23,0,9 10 11,0
36900,'69181125652d7e4d6a80',751,,671,24,0,9 10 11,0,166,,672,23,0,9 10 11,0
37300,'1c2e3625233d01453772',742,,1451,28,0,9 10 11,0,887,,1452,28,0,9 10 11,0
37300,'1f5759673f12020b0a50',900,,1453,28,0,9 10 11,0
37300,'3a511f30370a721b2433',900,,681,28,0,9 10 11,0
37300,'4f0277002864772e6462',1335,,1454,28,0,9 10 11,0
37300,'69181125652d7e4d6a80',742,,684,28,0,9 10 11,0,887,,685,28,0,9 10 11,0
37300,'702c275e051204394d01',1335,,686,28,0,9 10 11,0
37300,'7f443a14596255477616',810,,1455,28,0,9 10 11,0,90,,1456,28,0,9 10 11,0
