39200,'3c046c2a04663d195765',709,,828,9,0,165,0,105,,829,9,0,165,0,525,,830,9,0,165,0
39200,'6c083c79560a277e4025',942,,832,9,0,165,0
39400,'35315f0c7e2102062569',1333,,1607,11,,,0
39400,'5e507c283847542b3f60',1733,,1608,11,,,0
39700,'1c2e3625233d01453772',850,,1623,14,,,0
39700,'1c6b260d7b7104763d5b',940,,905,14,,,0
39700,'532f7e634a3b56246321',940,,1624,14,,,0
39700,'59737b0d0f044b52693e',745,,1626,14,,,0
39700,'5a622e2f735638475e4f',745,,903,14,,,0
39700,'5f3a5d635165645c1e2c',850,,906,14,,,0
