31401,'2b037649673f32451d0b',1245,,127,16,,,0
31401,'3b0d0a205721144a1f02',1244,,1059,16,,,0
39701,'16096334352325192d1f',1314,,1628,16,,,0
39701,'1c2e3625233d01453772',1842,,1629,13,,,0
39701,'2a08755845643968295b',1746,,908,13,,,0
39701,'2a5b3362091f52630354',1802,,910,17,,,0
39701,'2b037649673f32451d0b',1306,,911,12,,,0
39701,'4d7a6615443531084902',1842,,912,13,,,0
39701,'532f7e634a3b56246321',1306,,1630,12,,,0
39701,'59737b0d0f044b52693e',1746,,1631,13,,,0
39701,'69552d0660140f203513',1314,,913,17,,,0
39701,'7f443a14596255477616',1802,,1633,16,,,0
