35601,'055e00325b240c7d4777',951,,407,46,0,15 16 17,0,802,,408,46,0,15 16 17,0
35601,'075f4276790e1e273655',1453,,1276,46,0,15 16 17,0
35601,'0a3c663a7d504d200835',1608,,1277,46,0,12 13 14,0
35601,'184134507f4517151633',903,,1279,46,0,12 13 14,0
35601,'1e386a27476c5b6e1461',713,,1304,7,0,12 13 14,0,197,,1306,46,0,12 13 14,0,833,,1302,46,0,12 13 14,0,80,,1303,46,0,12 13 14,0
35601,'1f5759673f12020b0a50',723,,1284,46,0,12 13 14,0
35601,'2943795d360756687162',1323,,1278,46,0,12 13 14,0
35601,'2a2423055d636f354b6d',2008,,1289,46,0,12 13 14,0
35601,'2f16807a52596335736c',1123,,1280,46,0,12 13 14,0,330,,1281,46,0,12 13 14,0,100,,1282,46,0,12 13 14,0,390,,1283,46,0,12 13 14,0
35601,'320823102b697f311363',1453,,1285,46,0,12 13 14,0
35601,'321e5f70685c1473436a',1903,,1287,46,0,12 13 14,0
35601,'332311354b01253e3615',938,,1286,46,0,12 13 14,0
35601,'59445e7d50034e156e11',1853,,1290,46,0,12 13 14,0
35601,'59737b0d0f044b52693e',723,,1293,46,0,12 13 14,0,1010,,1291,46,0,12 13 14,0,80,,1292,46,0,12 13 14,0
35601,'61121d2d1b1669750837',951,,1294,46,0,12 13 14,0,802,,1295,46,0,12 13 14,0
35601,'634b592b186b573b6758',951,,1296,46,0,15 16 17,0,802,,1297,46,0,15 16 17,0
35601,'6d0c424c36686c087407',908,,1299,46,0,15 16 17,0,415,,1298,46,0,15 16 17,0
35601,'71472061383531535e0f',1653,,1288,46,0,12 13 14,0
35601,'7c40501f37807a467b28',1653,,1300,46,0,15 16 17,0
