35600,'02070559307629202a09',658,,373,35,0,9 10 11,0
35600,'0a2f1e22095132130163',1828,,374,36,0,9 10 11,0,5,,375,36,0,9 10 11,0
35600,'0a3c663a7d504d200835',1618,,1245,36,0,9 10 11,0,15,,1246,37,0,9 10 11,0
35600,'0d7c5c285a59412d315b',1823,,1247,35,0,9 10 11,0
35600,'112a0b7f332a564f1678',1258,,1248,35,0,9 10 11,0
35600,'14187635613e43612170',1508,,1249,35,0,9 10 11,0
35600,'1a223768176411647430',1828,,1250,35,0,9 10 11,0
35600,'1c2e3625233d01453772',638,,1252,35,0,9 10 11,0,320,,1251,35,0,9 10 11,0
35600,'1c42311e025d3b40504f',1733,,376,36,0,9 10 11,0
35600,'1f5759673f12020b0a50',658,,1253,35,0,9 10 11,0
35600,'200a2d69427732221f48',1258,,377,35,0,9 10 11,0
35600,'220e7e723c71704c1463',1508,,378,39,0,9 10 11,0,331,,379,39,0,9 10 11,0
35600,'2752046f425a49721d09',1258,,380,35,0,9 10 11,0
35600,'295d5e0567072f655d20',1123,,381,39,0,9 10 11,0,800,,382,39,0,9 10 11,0
35600,'2a08755845643968295b',658,,384,35,0,9 10 11,0,80,,385,35,0,9 10 11,0,69,,386,35,0,9 10 11,0,921,,383,35,0,9 10 11,0
35600,'2a5b3362091f52630354',658,,389,35,0,9 10 11,0,86,,390,35,0,9 10 11,0,70,,391,35,0,9 10 11,0,694,,387,35,0,9 10 11,0,399,,388,36,0,9 10 11,0
35600,'31744f7e5638320a2d4c',1258,,1254,36,0,9 10 11,0,45,,1255,36,0,9 10 11,0
35600,'4d7a6615443531084902',638,,393,35,0,9 10 11,0,320,,392,35,0,9 10 11,0
35600,'4f0277002864772e6462',858,,1256,35,0,9 10 11,0
35600,'52166b36781a3037644c',858,,394,35,0,9 10 11,0
35600,'553d275f1455102c362a',1828,,1257,36,0,9 10 11,0,5,,1258,36,0,9 10 11,0
35600,'56061576073054406d39',1828,,1259,35,0,9 10 11,0
35600,'59737b0d0f044b52693e',658,,1261,35,0,9 10 11,0,80,,1262,35,0,9 10 11,0,69,,1263,35,0,9 10 11,0,921,,1260,35,0,9 10 11,0
35600,'61121d2d1b1669750837',1123,,1264,35,0,9 10 11,0,800,,1265,35,0,9 10 11,0
35600,'634b592b186b573b6758',1123,,1266,39,0,9 10 11,0,800,,1267,39,0,9 10 11,0
35600,'693b6416011017175f3d',1618,,395,36,0,9 10 11,0,15,,396,37,0,9 10 11,0,100,,397,37,0,9 10 11,0
35600,'6a233617047119584137',1258,,1268,35,0,9 10 11,0
35600,'6d0c424c36686c087407',1508,,1269,39,0,9 10 11,0,320,,1270,39,0,9 10 11,0
35600,'725616403949496a5c67',1258,,398,36,0,9 10 11,0,45,,399,36,0,9 10 11,0,525,,401,35,0,9 10 11,0
35600,'7f443a14596255477616',658,,1273,35,0,9 10 11,0,86,,1274,35,0,9 10 11,0,70,,1275,35,0,9 10 11,0,919,,1271,36,0,9 10 11,0,174,,1272,36,0,9 10 11,0
