37301,'02070559307629202a09',1535,,687,33,0,143 45,0
37301,'1c2e3625233d01453772',956,,1457,33,0,143 45,0,891,,1458,33,0,143 45,0
37301,'1f5759673f12020b0a50',1535,,1459,33,0,143 45,0
37301,'2a5b3362091f52630354',1812,,688,33,0,143 45,0
37301,'31744f7e5638320a2d4c',1407,,1460,33,0,143 45,0
37301,'4d7a6615443531084902',956,,689,33,0,143 45,0,891,,690,33,0,143 45,0
37301,'4f0277002864772e6462',1924,,1461,33,0,143 45,0
37301,'52166b36781a3037644c',1924,,691,33,0,143 45,0
37301,'725616403949496a5c67',1407,,692,33,0,143 45,0
37301,'7f443a14596255477616',1812,,1462,33,0,143 45,0
