30501,'1e386a27476c5b6e1461',1815,,1053,5,0,31 32,0
30501,'2f16807a52596335736c',1641,,1048,5,0,31 32,0,202,,1049,5,0,31 32,0,95,,1050,5,0,31 32,0
30501,'71472061383531535e0f',938,,1051,5,0,31 32,0,805,,1052,5,0,31 32,0
36201,'1e386a27476c5b6e1461',859,,1390,11,0,87 88,0,765,,1391,11,0,85 92,0,101,,1392,11,0,87 88,0
36201,'1f5759673f12020b0a50',1624,,1389,11,0,87 88,0,235,,1388,11,0,87 88,0
36201,'2f16807a52596335736c',1259,,1383,11,0,87 89,0,295,,1384,11,0,85 92,0,147,,1385,11,0,87 89,0,100,,1386,11,0,87 88,0,58,,1387,11,0,87 89,0
36901,'1e386a27476c5b6e1461',1631,,1449,11,0,128 129,0,98,,1450,11,0,130 131,0
36901,'1f5759673f12020b0a50',1634,,1445,11,0,128 129,0
36901,'2f16807a52596335736c',1819,,1443,11,0,128 129,0,37,,1444,11,0,128 129,0
36901,'3823594e52252d7f6b14',1039,,1446,11,0,130 131,0,785,,1447,11,0,130 131,0
36901,'71472061383531535e0f',1304,,1448,11,0,128 129,0
37301,'1e386a27476c5b6e1461',1701,,1462,11,0,143 45,0
37301,'1f5759673f12020b0a50',1439,,1459,11,0,143 45,0
37301,'2a2423055d636f354b6d',1824,,1461,11,0,143 45,0
37301,'2f16807a52596335736c',859,,1457,11,0,143 45,0,868,,1458,11,0,143 45,0
37301,'31744f7e5638320a2d4c',1304,,1460,11,0,143 45,0
38801,'1e386a27476c5b6e1461',841,,1574,5,0,81 25,0,100,,1575,5,0,81 25,0,580,,1569,5,0,81 25,0,100,,1570,5,0,81 25,0,100,,1571,5,0,81 82,0,100,,1572,5,0,81 82,0,100,,1573,5,0,81 25,0
38801,'1f5759673f12020b0a50',1251,,1565,5,0,81 25,0,270,,1564,5,0,81 25,0
38801,'2f16807a52596335736c',811,,1560,5,0,81 25,0,100,,1561,5,0,81 25,0,340,,1562,5,0,81 82,0,190,,1563,5,0,81 25,0,210,,1557,5,0,83 84,0,100,,1558,5,0,83 84,0,100,,1559,5,0,81 82,0
38801,'3823594e52252d7f6b14',942,,1567,5,0,81 25,0
38801,'7a7c2673351c18595c18',1811,,1568,5,0,81 25,0
