35600,'02070559307629202a09',708,,373,45,0,9 2 10 11,0
35600,'0a2f1e22095132130163',1838,,374,46,0,9 2 10 11,0,5,,375,46,0,9 2 10 11,0
35600,'1c42311e025d3b40504f',1743,,376,46,0,9 2 10 11,0
35600,'200a2d69427732221f48',1308,,377,45,0,9 2 10 11,0
35600,'220e7e723c71704c1463',1518,,378,49,0,9 2 10 11,0,330,,379,49,0,9 2 10 11,0
35600,'2752046f425a49721d09',1308,,380,45,0,9 2 10 11,0
35600,'295d5e0567072f655d20',1133,,381,49,0,9 2 10 11,0,800,,382,49,0,9 2 10 11,0
35600,'2a08755845643968295b',708,,384,45,0,9 2 10 11,0,40,,385,45,0,9 2 10 11,0,70,,386,45,0,9 2 10 11,0,920,,383,45,0,9 2 10 11,0
35600,'2a5b3362091f52630354',708,,389,45,0,9 2 10 11,0,48,,390,45,0,9 2 10 11,0,70,,391,45,0,9 2 10 11,0,692,,387,45,0,9 2 10 11,0,399,,388,46,0,9 2 10 11,0
35600,'4d7a6615443531084902',648,,393,45,0,9 2 10 11,0,360,,392,45,0,9 2 10 11,0
35600,'52166b36781a3037644c',908,,394,45,0,9 2 10 11,0
35600,'693b6416011017175f3d',1628,,395,46,0,9 2 10 11,0,15,,396,47,0,9 2 10 11,0,100,,397,47,0,9 2 10 11,0
35600,'725616403949496a5c67',1308,,398,46,0,9 2 10 11,0,5,,399,46,0,9 2 10 11,0,525,,401,45,0,9 2 10 11,0
