31001,'2d754f17311a6a76795e',1148,,1055,7,0,55 40,0
31001,'7e0f6d0161517025331a',1148,,123,7,0,55 40,0
38300,'02070559307629202a09',722,,762,13,0,9 35 36 37 38,0
38300,'1c2e3625233d01453772',1412,,1530,13,0,9 35 36 37 38,0
38300,'1f5759673f12020b0a50',722,,1531,13,0,9 35 36 37 38,0
38300,'2a08755845643968295b',722,,763,13,0,9 35 36 37 38,0
38300,'2a5b3362091f52630354',709,,765,13,0,9 35 36 37 38,0
38300,'4d7a6615443531084902',1412,,768,13,0,9 35 36 37 38,0
38300,'59737b0d0f044b52693e',722,,1533,13,0,9 35 36 37 38,0
38300,'7f443a14596255477616',709,,1535,13,0,9 35 36 37 38,0
