36500,'0e5131610429337c0530',959,,1403,32,0,9 10 11,0
36500,'136e6b484c454e417465',1037,,640,46,0,9 10 11,0
36500,'1c2e3625233d01453772',718,,1404,46,0,9 10 11,0,85,,1406,31,0,9 10 11,0
36500,'1c486c5002601c4a534a',1741,,1407,31,0,9 10 11,0
36500,'1f5759673f12020b0a50',816,,1408,45,0,9 10 11,0
36500,'29297c5f5e5d53030d3f',1307,,651,45,0,9 10 11,0
36500,'2c14404d6d61074b6d28',1314,,1409,45,0,9 10 11,0
36500,'2d0d0c223c38203b5e0d',1314,,1410,46,0,9 10 11,0
36500,'31744f7e5638320a2d4c',1351,,1411,28,0,9 10 11,0
36500,'3823594e52252d7f6b14',1037,,1413,46,0,9 10 11,0,815,,1412,46,0,9 10 11,0
36500,'3a511f30370a721b2433',813,,638,45,0,9 10 11,0
36500,'3f1b5e487a23197b626f',1733,,650,31,0,9 10 11,0
36500,'494a652c1e455e3d7c72',706,,1414,31,0,9 10 11,0
36500,'4f0277002864772e6462',1843,,1415,46,0,9 10 11,0
36500,'553d275f1455102c362a',1737,,1416,32,0,9 10 11,0
36500,'554b630955771e7c2224',1843,,645,46,0,9 10 11,0
36500,'5d3f35696f0f295d693b',1307,,637,46,0,9 10 11,0
36500,'69181125652d7e4d6a80',718,,646,46,0,9 10 11,0,85,,648,31,0,9 10 11,0
36500,'791e712d420e14727657',1002,,1417,33,0,9 10 11,0
36500,'7f443a14596255477616',835,,1419,46,0,9 10 11,0,608,,1418,46,0,9 10 11,0
