35701,'02070559307629202a09',849,,445,29,0,12 13 14,0
35701,'0d4e3278231744213640',1828,,1326,29,0,12 13 14,0
35701,'1a20552b5a400f716a1b',1949,,446,29,0,12 13 14,0
35701,'1c2e3625233d01453772',1339,,1330,29,0,12 13 14,0,290,,1327,29,0,12 13 14,0,99,,1328,29,0,12 13 14,0,281,,1329,29,0,12 13 14,0
35701,'220e7e723c71704c1463',934,,448,29,0,15 16 17,0,889,,447,29,0,12 13 14,0
35701,'295d5e0567072f655d20',1108,,449,29,0,15 16 17,0
35701,'2a08755845643968295b',824,,452,29,0,12 13 14,0,385,,453,29,0,15 16 17,0,539,,450,29,0,12 13 14,0,111,,451,29,0,12 13 14,0
35701,'2a5b3362091f52630354',836,,457,29,0,12 18 19,0,103,,458,29,0,12 13 14,0,270,,459,29,0,12 13 14,0,544,,454,29,0,12 13 14,0,75,,455,29,0,12 13 14,0,78,,456,29,0,12 13 14,0
35701,'320823102b697f311363',849,,1331,29,0,12 13 14,0
35701,'332311354b01253e3615',858,,1332,29,0,12 18 19,0
35701,'3823594e52252d7f6b14',1949,,1333,29,0,12 13 14,0
35701,'494a652c1e455e3d7c72',939,,1334,29,0,12 13 14,0,270,,1335,29,0,12 13 14,0
35701,'4d7a6615443531084902',1339,,463,29,0,12 13 14,0,290,,460,29,0,12 13 14,0,99,,461,29,0,12 13 14,0,281,,462,29,0,12 13 14,0
35701,'59445e7d50034e156e11',1823,,1336,29,0,12 13 14,0
35701,'59737b0d0f044b52693e',824,,1339,29,0,12 13 14,0,924,,1337,29,0,12 13 14,0,111,,1338,29,0,12 13 14,0
35701,'61121d2d1b1669750837',1108,,1340,29,0,12 13 14,0
35701,'634b592b186b573b6758',1108,,1341,29,0,15 16 17,0
35701,'6d0c424c36686c087407',934,,1342,29,0,15 16 17,0
35701,'7c40501f37807a467b28',1209,,1343,29,0,15 16 17,0
35701,'7f443a14596255477616',836,,1347,29,0,12 18 19,0,917,,1344,29,0,12 13 14,0,75,,1345,29,0,12 13 14,0,78,,1346,29,0,12 13 14,0
