39101,'0a2f1e22095132130163',1739,,813,10,,,0
39101,'1c2e3625233d01453772',1846,,1581,9,,,0
39101,'20694715463639414353',1306,,1582,12,,,0
39101,'2a08755845643968295b',1753,,814,13,,,0
39101,'2a5b3362091f52630354',1753,,815,13,,,0
39101,'2b037649673f32451d0b',1252,,816,9,,,0
39101,'31744f7e5638320a2d4c',1259,,1583,9,,,0
39101,'4d7a6615443531084902',1846,,817,9,,,0
39101,'532f7e634a3b56246321',1252,,1584,9,,,0
39101,'553d275f1455102c362a',1739,,1585,9,,,0
39101,'59737b0d0f044b52693e',1753,,1586,12,,,0
39101,'725616403949496a5c67',1259,,818,10,,,0
39101,'7f443a14596255477616',1753,,1587,12,,,0
39101,'7f806225246b20094268',1306,,819,13,,,0
