35601,'055e00325b240c7d4777',958,,407,52,0,15 16 17,0,801,,408,52,0,15 16 17,0
35601,'075f4276790e1e273655',1459,,1276,52,0,15 16 17,0
35601,'0a3c663a7d504d200835',1614,,1277,52,0,12 13 14,0
35601,'184134507f4517151633',909,,1279,52,0,12 13 14,0
35601,'1e386a27476c5b6e1461',719,,1305,3,0,12 13 14,0,197,,1306,52,0,12 13 14,0,833,,1302,52,0,12 13 14,0,80,,1303,52,0,12 13 14,0
35601,'1f5759673f12020b0a50',729,,1284,52,0,12 13 14,0
35601,'2943795d360756687162',1329,,1278,52,0,12 13 14,0
35601,'2a2423055d636f354b6d',2014,,1289,52,0,12 13 14,0
35601,'2f16807a52596335736c',1129,,1280,52,0,12 13 14,0,330,,1281,52,0,12 13 14,0,100,,1282,52,0,12 13 14,0,390,,1283,52,0,12 13 14,0
35601,'320823102b697f311363',1459,,1285,52,0,12 13 14,0
35601,'321e5f70685c1473436a',1909,,1287,52,0,12 13 14,0
35601,'332311354b01253e3615',944,,1286,52,0,12 13 14,0
35601,'59445e7d50034e156e11',1859,,1290,52,0,12 13 14,0
35601,'59737b0d0f044b52693e',729,,1293,52,0,12 13 14,0,1010,,1291,52,0,12 13 14,0,80,,1292,52,0,12 13 14,0
35601,'61121d2d1b1669750837',958,,1294,52,0,12 13 14,0,801,,1295,52,0,12 13 14,0
35601,'634b592b186b573b6758',958,,1296,52,0,15 16 17,0,801,,1297,52,0,15 16 17,0
35601,'6d0c424c36686c087407',914,,1299,52,0,15 16 17,0,415,,1298,52,0,15 16 17,0
35601,'71472061383531535e0f',1659,,1288,52,0,12 13 14,0
35601,'7c40501f37807a467b28',1659,,1300,52,0,15 16 17,0
