35700,'055e00325b240c7d4777',1811,,432,22,0,9 10 11,0
35700,'0a3c663a7d504d200835',1703,,1307,18,0,9 10 11,0
35700,'1e386a27476c5b6e1461',717,,1324,18,0,9 10 11,0,29,,1325,18,0,9 10 11,0
35700,'2f16807a52596335736c',634,,1309,18,0,9 10 11,0,389,,1310,18,0,9 10 11,0,500,,1308,18,0,9 10 11,0
35700,'320823102b697f311363',1343,,1311,18,0,9 10 11,0
35700,'321e5f70685c1473436a',657,,1313,18,0,9 10 11,0
35700,'3823594e52252d7f6b14',926,,1312,18,0,9 10 11,0
35700,'416039027b4e59137846',1333,,1314,18,0,9 10 11,0
35700,'59445e7d50034e156e11',653,,1317,18,0,9 10 11,0
35700,'59737b0d0f044b52693e',714,,1318,18,0,9 10 11,0,29,,1319,18,0,9 10 11,0
35700,'61121d2d1b1669750837',1811,,1320,18,0,9 10 11,0
35700,'634b592b186b573b6758',1811,,1321,22,0,9 10 11,0
35700,'6d0c424c36686c087407',1343,,1322,22,0,9 10 11,0,395,,1323,22,0,9 10 11,0
35700,'71472061383531535e0f',1343,,1315,20,0,9 10 11,0,395,,1316,18,0,9 10 11,0
