36500,'0e5131610429337c0530',905,,1403,5,0,9 10 11,0
36500,'1c2e3625233d01453772',654,,1405,18,0,133 134,0
36500,'29297c5f5e5d53030d3f',1216,,651,18,0,9 10 11,0
36500,'2c14404d6d61074b6d28',1214,,1409,18,0,9 10 11,0
36500,'69181125652d7e4d6a80',654,,647,18,0,133 134,0
36501,'12145b045b1c7a317046',1029,,663,43,0,133 134,0
36501,'1c2e3625233d01453772',2000,,1423,43,0,133 134,0
36501,'59737b0d0f044b52693e',1840,,1431,43,0,133 134,0
36501,'69181125652d7e4d6a80',1840,,655,43,0,133 134,0,160,,661,43,0,133 134,0
36501,'69657d056e34304a6e14',1032,,1432,43,0,133 134,0
36501,'7f443a14596255477616',1849,,1435,43,0,133 134,0
