39400,'012705765b230d454c07',1606,,1603,35,4,,0
39400,'1443632b3566627b2e20',756,,1604,35,,,0,390,,1605,35,,,0,555,,1606,35,,,0
39400,'3a511f30370a721b2433',931,,859,35,,,0,680,,860,35,,,0
39400,'68174b1f17562a355a6f',820,,869,1,,,0
39400,'69181125652d7e4d6a80',756,,863,35,,,0,390,,864,35,,,0,555,,865,35,,,0
39400,'79634f716a31375a174a',931,,1609,35,,,0,680,,1610,35,,,0
39401,'1443632b3566627b2e20',900,,1611,8,,,0,850,,1612,8,,,0
39401,'3a511f30370a721b2433',1700,,872,8,,,0
39401,'5a1f120d085a5346570a',1250,,1614,8,,,0
39401,'68174b1f17562a355a6f',1250,,881,11,4,,0
39401,'69181125652d7e4d6a80',900,,875,8,,,0,850,,876,8,,,0
39401,'702c275e051204394d01',1250,,873,8,,,0
39401,'79634f716a31375a174a',1700,,1615,8,,,0
