31400,'14347b666e230953067f',841,,126,19,,,0
31400,'3b0d0a205721144a1f02',841,,1058,19,,,0
37900,'16096334352325192d1f',1416,,1503,18,0,65 66 67,0
37900,'1f5759673f12020b0a50',831,,1504,18,0,65 66 67,0
37900,'2173665b1e6d5b0e5d56',829,,732,18,0,65 66 67,0
37900,'3a18561c2f3952270660',1414,,738,18,0,65 66 67,0
37900,'532f7e634a3b56246321',940,,1505,4,0,65 66 67,0
37900,'59737b0d0f044b52693e',831,,1506,18,0,65 66 67,0
37900,'5a622e2f735638475e4f',829,,733,18,0,65 66 67,0
37900,'7e34765c21213e5c0e4e',940,,737,4,0,65 66 67,0
37900,'7f443a14596255477616',720,,1508,18,0,65 66 67,0,5,,1509,22,0,65 66 67,0
