34201,'02070559307629202a09',1815,,217,23,4,,0
34201,'1c2e3625233d01453772',1325,,1091,22,4,,0,575,,1092,22,4,,0
34201,'2a08755845643968295b',1815,,218,23,4,,0
34201,'2a5b3362091f52630354',1815,,219,22,4,,0
34201,'4d7a6615443531084902',1325,,220,23,4,,0,575,,221,23,4,,0
34201,'4f0277002864772e6462',1810,,1093,22,4,,0
36500,'00746f10327b7c6a3879',1200,,637,14,0,9 10 11,0
36500,'0e5131610429337c0530',850,,1403,1,0,9 10 11,0
36500,'1a20552b5a400f716a1b',922,,640,14,0,9 10 11,0
36500,'1c2e3625233d01453772',609,,1404,14,0,9 10 11,0,31,,1405,14,0,133 134,0
36500,'2a5b3362091f52630354',709,,643,14,0,9 10 11,0,141,,644,1,0,9 10 11,0,486,,641,14,0,9 10 11,0
36500,'2c14404d6d61074b6d28',1157,,1409,14,0,9 10 11,0
36500,'2d0d0c223c38203b5e0d',1157,,1410,14,0,9 10 11,0
36500,'310c545b6d5159571c44',1731,,645,14,0,9 10 11,0
36500,'3823594e52252d7f6b14',922,,1413,14,0,9 10 11,0,804,,1412,14,0,9 10 11,0
36500,'4d7a6615443531084902',609,,646,14,0,9 10 11,0,31,,647,14,0,133 134,0
36500,'4f0277002864772e6462',1731,,1415,14,0,9 10 11,0
36500,'791e712d420e14727657',850,,1417,1,0,9 10 11,0
36500,'7b6f6f4a0e36407a261f',1200,,651,14,0,9 10 11,0
36500,'7f443a14596255477616',709,,1419,14,0,9 10 11,0,627,,1418,14,0,9 10 11,0
