35101,'02070559307629202a09',1910,,302,29,0,20 21 22,0
35101,'1a20552b5a400f716a1b',1025,,303,29,0,20 21 22,0
35101,'1f5759673f12020b0a50',1910,,1176,29,0,20 21 22,0
35101,'2a5b3362091f52630354',704,,307,29,0,23 24 18,0,107,,309,29,0,23 24 18,0,824,,304,29,0,23 25,0,204,,305,29,0,20 21 22,0,116,,306,29,0,20 21 22,0
35101,'2c295b0e5f4444502b59',1825,,310,29,0,20 21 22,0
35101,'31744f7e5638320a2d4c',1402,,1177,29,0,20 21 22,0
35101,'3823594e52252d7f6b14',1025,,1178,29,0,20 21 22,0
35101,'4f0277002864772e6462',940,,1179,29,0,20 21 22,0,380,,1180,29,0,20 21 22,0,190,,1181,29,0,20 21 22,0
35101,'52166b36781a3037644c',940,,312,29,0,20 21 22,0,380,,313,29,0,20 21 22,0,190,,314,29,0,20 21 22,0
35101,'725616403949496a5c67',1402,,315,29,0,20 21 22,0
35101,'7a7c2673351c18595c18',1825,,1182,29,0,20 21 22,0
35101,'7f443a14596255477616',704,,1186,29,0,23 24 18,0,107,,1188,29,0,23 24 18,0,824,,1183,29,0,23 25,0,204,,1184,29,0,20 21 22,0,116,,1185,29,0,20 21 22,0
