39400,'012705765b230d454c07',1558,,1603,31,,,0
39400,'02070559307629202a09',923,,859,31,,,0,680,,860,31,,,0
39400,'1443632b3566627b2e20',748,,1604,31,,,0,390,,1605,31,,,0,515,,1606,31,,,0
39400,'2a08755845643968295b',748,,863,31,,,0,390,,864,31,,,0,515,,865,31,,,0
39400,'2a5b3362091f52630354',748,,866,32,,,0,390,,867,32,,,0,515,,868,32,,,0
39400,'693b6416011017175f3d',1558,,870,32,,,0
39400,'79634f716a31375a174a',923,,1609,31,,,0,680,,1610,31,,,0
39401,'2a5b3362091f52630354',746,,877,11,,,0
39401,'4e3f30715c2160755238',746,,1613,11,,,0
39801,'0a2f1e22095132130163',1829,,915,24,,,0
39801,'31744f7e5638320a2d4c',1338,,1635,23,,,0
39801,'553d275f1455102c362a',1829,,1636,23,,,0
39801,'725616403949496a5c67',1338,,916,24,,,0
