35601,'055e00325b240c7d4777',923,,407,22,0,15 16 17,0,804,,408,22,0,15 16 17,0
35601,'075f4276790e1e273655',1427,,1276,22,0,15 16 17,0
35601,'0a3c663a7d504d200835',1542,,1277,22,0,12 13 14,0
35601,'184134507f4517151633',837,,1279,22,0,12 13 14,0
35601,'1e386a27476c5b6e1461',647,,1301,22,0,12 13 14,0,198,,1306,22,0,12 13 14,0,872,,1302,22,0,12 13 14,0,40,,1303,22,0,12 13 14,0
35601,'1f5759673f12020b0a50',658,,1284,22,0,12 13 14,0
35601,'2943795d360756687162',1257,,1278,22,0,12 13 14,0
35601,'2a2423055d636f354b6d',1942,,1289,22,0,12 13 14,0
35601,'2f16807a52596335736c',1057,,1280,22,0,12 13 14,0,370,,1281,22,0,12 13 14,0,99,,1282,22,0,12 13 14,0,391,,1283,22,0,12 13 14,0
35601,'320823102b697f311363',1427,,1285,22,0,12 13 14,0
35601,'321e5f70685c1473436a',1837,,1287,22,0,12 13 14,0
35601,'332311354b01253e3615',912,,1286,22,0,12 13 14,0
35601,'59445e7d50034e156e11',1827,,1290,22,0,12 13 14,0
35601,'59737b0d0f044b52693e',658,,1293,22,0,12 13 14,0,1049,,1291,22,0,12 13 14,0,40,,1292,22,0,12 13 14,0
35601,'61121d2d1b1669750837',924,,1294,22,0,12 13 14,0,803,,1295,22,0,12 13 14,0
35601,'634b592b186b573b6758',923,,1296,22,0,15 16 17,0,804,,1297,22,0,15 16 17,0
35601,'6d0c424c36686c087407',842,,1299,22,0,15 16 17,0,415,,1298,22,0,15 16 17,0
35601,'71472061383531535e0f',1627,,1288,22,0,12 13 14,0
35601,'7c40501f37807a467b28',1627,,1300,22,0,15 16 17,0
