35501,'033e170961301f7a0308',857,,1662,7,0,20 21 22,0,393,,1663,7,0,20 21 22,0,362,,1661,7,0,20 21 22,0
35501,'055e00325b240c7d4777',1037,,1235,9,0,20 21 22,0,715,,1234,9,0,20 21 22,0
35501,'12050f054d0a0f53752f',1252,,1239,7,0,20 21 22,0
35501,'126535785649426e467c',822,,1666,9,0,49 50,0,795,,1664,7,0,20 21 22,0,140,,1665,7,0,20 21 22,0
35501,'210a7c3e60384f725e7c',1037,,1668,9,0,20 21 22,0,715,,1667,9,0,20 21 22,0
35501,'2530772d5b5960361a09',1407,,1238,7,0,72 25,0,135,,1236,7,0,49 50,0,310,,1237,9,0,20 21 22,0
35501,'371d2f0f7337032c2b25',1257,,1233,7,0,20 21 22,0
35501,'3a3841530321505b7b18',1252,,1669,7,0,20 21 22,0
35501,'4f67586f291357636e2f',1407,,1672,7,0,72 25,0,135,,1670,7,0,49 50,0,310,,1671,9,0,20 21 22,0
35501,'566406012b1e7e430018',1052,,1673,7,0,49 50,0
35501,'59737b0d0f044b52693e',1252,,1675,7,0,20 21 22,0,360,,1674,7,0,20 21 22,0
35501,'5d21673510580b5d6c6e',1257,,1676,7,0,20 21 22,0
35501,'723148100c272b183b65',857,,1231,7,0,20 21 22,0,393,,1232,7,0,20 21 22,0,362,,1230,7,0,20 21 22,0
35501,'7249395f521c57637d3d',822,,1244,9,0,49 50,0,230,,1229,7,0,49 50,0,565,,1242,7,0,20 21 22,0,135,,1243,7,0,20 21 22,0
