34200,'1e386a27476c5b6e1461',743,,1090,19,0,65 18 140,0
34200,'2a2423055d636f354b6d',1433,,1088,20,0,65 18 140,0
34200,'2f16807a52596335736c',823,,1087,20,0,65 18 140,0
34200,'59737b0d0f044b52693e',748,,1089,20,0,65 18 140,0
34400,'1e386a27476c5b6e1461',745,,1099,17,0,65 18 140,0
37901,'16096334352325192d1f',1230,,1510,5,0,126 47 48,0
37901,'1e7832711c690d2e452a',1713,,1516,5,0,114 115,0
37901,'2a2423055d636f354b6d',1713,,1513,5,0,126 47 48,0
37901,'31744f7e5638320a2d4c',1230,,1512,5,0,114 115,0
37901,'532f7e634a3b56246321',1220,,1514,2,0,123 124 125,0
39100,'1e386a27476c5b6e1461',747,,1580,12,,,0
39100,'2f16807a52596335736c',743,,1576,15,,,0,675,,1578,15,,,0
39701,'16096334352325192d1f',1230,,1628,5,,,0
39701,'1e386a27476c5b6e1461',815,,1632,5,,,0,900,,1633,5,,,0
