31800,'2a2423055d636f354b6d',1325,,1069,37,0,9 68 38,0
31800,'2f16807a52596335736c',710,,1067,37,0,9 68 38,0,44,,1068,37,0,9 68 38,0
31900,'2a2423055d636f354b6d',1322,,1076,28,0,9 68 38,0
31900,'2f16807a52596335736c',705,,1073,27,0,9 68 38,0,43,,1074,28,0,9 68 38,0,157,,1075,27,0,9 68 38,0
35800,'1e386a27476c5b6e1461',728,,1356,32,0,9 10 11,0,21,,1357,31,0,9 10 11,0,194,,1358,31,0,9 10 11,0
35800,'1f5759673f12020b0a50',819,,1349,31,0,9 10 11,0,498,,1350,32,0,9 10 11,0
35800,'2a2423055d636f354b6d',1620,,1353,31,0,9 10 11,0
35800,'2f16807a52596335736c',1305,,1348,31,0,9 10 11,0
35800,'3823594e52252d7f6b14',918,,1351,31,0,9 10 11,0
35800,'59737b0d0f044b52693e',721,,1354,32,0,9 10 11,0
35800,'71472061383531535e0f',705,,1352,31,0,9 10 11,0
35800,'7a7c2673351c18595c18',1720,,1355,31,0,9 10 11,0
