35000,'112a0b7f332a564f1678',1237,,1110,14,0,60 103 104,0
35000,'16096334352325192d1f',1736,,1111,14,0,60 103 104,0
35000,'1c486c5002601c4a534a',1736,,1116,14,0,60 103 104,0
35000,'1e386a27476c5b6e1461',609,,1128,6,0,9 35 36 37 38,0,45,,1129,6,0,9 35 36 37 38,0,5,,1130,6,0,9 35 36 37 38,0,85,,1132,6,0,9 35 36 37 38,0
35000,'1e7832711c690d2e452a',1746,,1123,16,0,60 103 104,0,71,,1125,14,0,60 103 104,0
35000,'1f5759673f12020b0a50',824,,1117,12,0,9 35 36 37 38,0
35000,'2f16807a52596335736c',634,,1114,6,0,9 35 36 37 38,0,76,,1115,12,0,9 35 36 37 38,0,140,,1112,12,0,9 35 36 37 38,0,684,,1113,6,0,9 35 36 37 38,0
35000,'31744f7e5638320a2d4c',1247,,1118,16,0,60 103 104,0,73,,1120,14,0,60 103 104,0
35000,'59737b0d0f044b52693e',754,,1127,6,0,9 35 36 37 38,0
35000,'65010049261f3230571f',1237,,1122,14,0,60 103 104,0
