31400,'14347b666e230953067f',832,,126,15,,,0
31400,'3b0d0a205721144a1f02',832,,1058,15,,,0
32001,'3c046c2a04663d195765',1853,,152,6,0,137 138 139,0
37900,'16096334352325192d1f',1407,,1503,14,0,65 66 67,0
37900,'1f5759673f12020b0a50',822,,1504,14,0,65 66 67,0
37900,'2173665b1e6d5b0e5d56',820,,732,14,0,65 66 67,0
37900,'3a18561c2f3952270660',1405,,738,14,0,65 66 67,0
37900,'59737b0d0f044b52693e',822,,1506,14,0,65 66 67,0
37900,'5a622e2f735638475e4f',820,,733,14,0,65 66 67,0
37900,'7f443a14596255477616',712,,1508,14,0,65 66 67,0,5,,1509,18,0,65 66 67,0
