37301,'02070559307629202a09',1540,,687,35,4,,0
37301,'1c2e3625233d01453772',1000,,1457,35,4,,0,850,,1458,35,4,,0
37301,'1f5759673f12020b0a50',1540,,1459,35,4,,0
37301,'2a5b3362091f52630354',1815,,688,35,4,,0
37301,'31744f7e5638320a2d4c',1410,,1460,35,4,,0
37301,'4d7a6615443531084902',1000,,689,35,4,,0,850,,690,35,4,,0
37301,'4f0277002864772e6462',1927,,1461,35,4,,0
37301,'52166b36781a3037644c',1927,,691,35,4,,0
37301,'725616403949496a5c67',1410,,692,35,4,,0
37301,'7f443a14596255477616',1815,,1462,35,4,,0
