31401,'2b037649673f32451d0b',1248,,127,19,,,0
31401,'3b0d0a205721144a1f02',1248,,1059,19,,,0
39701,'16096334352325192d1f',1320,,1628,19,4,,0
39701,'1c2e3625233d01453772',1850,,1629,16,4,,0
39701,'2a08755845643968295b',1755,,908,16,4,,0
39701,'2a5b3362091f52630354',845,,909,14,4,,0,965,,910,20,4,,0
39701,'2b037649673f32451d0b',1315,,911,15,4,,0
39701,'4d7a6615443531084902',1850,,912,16,4,,0
39701,'532f7e634a3b56246321',1315,,1630,15,4,,0
39701,'59737b0d0f044b52693e',1755,,1631,16,4,,0
39701,'69552d0660140f203513',1320,,913,20,4,,0
39701,'7f443a14596255477616',845,,1632,13,4,,0,965,,1633,19,4,,0
