30500,'2a5b3362091f52630354',628,,110,24,0,9 2 30,0,308,,111,24,0,9 2 30,0,676,,112,24,0,9 2 30,0
30500,'4d7a6615443531084902',717,,113,24,0,9 2 30,0,35,,114,24,0,9 2 30,0,75,,115,24,0,9 2 30,0
36200,'02070559307629202a09',949,,573,18,0,9 2 10 11,0,261,,574,18,0,9 2 10 11,0
36200,'2a5b3362091f52630354',756,,575,18,0,9 2 10 11,0,193,,576,18,0,9 2 10 11,0,651,,577,14,0,9 2 10 11,0,59,,578,18,0,9 2 10 11,0
36200,'4d7a6615443531084902',718,,580,19,0,9 2 10 11,0,110,,581,19,0,9 2 10 11,0,382,,582,19,0,9 2 10 11,0,591,,579,18,0,9 2 10 11,0
36900,'02070559307629202a09',1100,,667,21,0,9 2 10 11,0
36900,'1a20552b5a400f716a1b',945,,668,20,0,9 2 10 11,0,782,,669,20,0,9 2 10 11,0
36900,'2a5b3362091f52630354',710,,670,20,0,9 2 10 11,0
36900,'4d7a6615443531084902',745,,671,21,0,9 2 10 11,0,165,,672,20,0,9 2 10 11,0
37300,'02070559307629202a09',853,,681,25,0,9 2 10 11,0
37300,'2a5b3362091f52630354',805,,682,25,0,9 2 10 11,0,48,,683,25,0,9 2 10 11,0
37300,'4d7a6615443531084902',736,,684,25,0,9 2 10 11,0,888,,685,25,0,9 2 10 11,0
37300,'52166b36781a3037644c',1330,,686,25,0,9 2 10 11,0
38800,'1a20552b5a400f716a1b',1701,,773,20,0,9 2 30,0
38800,'2a5b3362091f52630354',658,,776,20,0,9 2 30,0,97,,778,24,0,9 2 30,0,152,,779,20,0,9 2 30,0,798,,774,20,0,9 2 30,0,130,,775,20,0,9 2 30,0
38800,'2c295b0e5f4444502b59',901,,780,20,0,9 2 30,0
38800,'4d7a6615443531084902',734,,784,22,0,9 2 30,0,76,,785,24,0,9 2 30,0,30,,786,22,0,9 2 30,0,692,,781,24,0,9 2 30,0,100,,782,20,0,9 2 30,0,102,,783,24,0,9 2 30,0
38800,'52166b36781a3037644c',1132,,788,20,0,9 2 30,0,200,,787,20,0,9 2 30,0
