34201,'49363c5c560d0d713513',1734,,217,7,0,135 25,0
34201,'5858235b60647f474275',1244,,220,7,0,135 25,0,575,,221,7,0,135 25,0
34201,'5a622e2f735638475e4f',1734,,218,7,0,135 25,0
34401,'2c4472083647547c0637',1507,,237,3,0,132 117,0
37900,'1a1a1a6d0701621f0757',1436,,738,22,0,65 66 67,0
37900,'49363c5c560d0d713513',851,,732,22,0,65 66 67,0
37900,'5a622e2f735638475e4f',851,,733,22,0,65 66 67,0
37901,'1a1a1a6d0701621f0757',1216,,743,2,0,126 47 48,0
37901,'534f3f6200296b014523',1701,,742,2,0,126 47 48,0
39101,'2c4472083647547c0637',1246,,819,7,,,0
39101,'5a622e2f735638475e4f',1734,,814,7,,,0
39700,'1a1a1a6d0701621f0757',1444,,907,16,,,0
39701,'1a1a1a6d0701621f0757',1216,,913,2,,,0
