31400,'2b037649673f32451d0b',812,,126,3,,,0
31400,'3b0d0a205721144a1f02',812,,1058,3,,,0
39700,'0a2f1e22095132130163',1605,,902,1,,,0
39700,'16096334352325192d1f',1400,,1622,1,,,0
39700,'1c2e3625233d01453772',815,,1623,1,,,0
39700,'2a08755845643968295b',705,,903,1,,,0
39700,'2a5b3362091f52630354',650,,904,1,,,0
39700,'2b037649673f32451d0b',900,,905,1,,,0
39700,'4d7a6615443531084902',815,,906,1,,,0
39700,'532f7e634a3b56246321',900,,1624,1,,,0
39700,'553d275f1455102c362a',1605,,1625,1,,,0
39700,'59737b0d0f044b52693e',705,,1626,1,,,0
39700,'69552d0660140f203513',1400,,907,1,,,0
39700,'7f443a14596255477616',650,,1627,1,,,0
