35600,'0a3c663a7d504d200835',1635,,1245,51,0,9 10 11,0,13,,1246,52,0,9 10 11,0
35600,'0d7c5c285a59412d315b',1837,,1247,50,0,9 10 11,0
35600,'112a0b7f332a564f1678',1314,,1248,50,0,9 10 11,0
35600,'14187635613e43612170',1524,,1249,50,0,9 10 11,0
35600,'1a223768176411647430',1844,,1250,50,0,9 10 11,0
35600,'1c2e3625233d01453772',652,,1252,50,0,9 10 11,0,362,,1251,50,0,9 10 11,0
35600,'1f5759673f12020b0a50',712,,1253,50,0,9 10 11,0
35600,'254f3e58782165334119',1314,,377,50,0,9 10 11,0
35600,'31744f7e5638320a2d4c',1314,,1254,51,0,9 10 11,0,5,,1255,51,0,9 10 11,0
35600,'3a4a044232474e33312b',1137,,381,54,0,9 10 11,0,801,,382,54,0,9 10 11,0
35600,'3a511f30370a721b2433',712,,373,50,0,9 10 11,0
35600,'4f0277002864772e6462',914,,1256,50,0,9 10 11,0
35600,'553d275f1455102c362a',1844,,1257,51,0,9 10 11,0,5,,1258,51,0,9 10 11,0
35600,'56061576073054406d39',1844,,1259,50,0,9 10 11,0
35600,'59737b0d0f044b52693e',712,,1261,50,0,9 10 11,0,42,,1262,50,0,9 10 11,0,70,,1263,50,0,9 10 11,0,920,,1260,50,0,9 10 11,0
35600,'61121d2d1b1669750837',1137,,1264,50,0,9 10 11,0,801,,1265,50,0,9 10 11,0
35600,'634b592b186b573b6758',1137,,1266,54,0,9 10 11,0,801,,1267,54,0,9 10 11,0
35600,'69181125652d7e4d6a80',652,,393,50,0,9 10 11,0,60,,384,50,0,9 10 11,0,42,,385,50,0,9 10 11,0,70,,386,50,0,9 10 11,0,190,,392,50,0,9 10 11,0,730,,383,50,0,9 10 11,0
35600,'6a233617047119584137',1314,,1268,50,0,9 10 11,0
35600,'6c047c7b6c01797a3441',1314,,380,50,0,9 10 11,0
35600,'6d0c424c36686c087407',1524,,1269,54,0,9 10 11,0,320,,1270,54,0,9 10 11,0
35600,'702c275e051204394d01',914,,394,50,0,9 10 11,0,610,,378,54,0,9 10 11,0,330,,379,54,0,9 10 11,0
35600,'7f443a14596255477616',714,,1273,50,0,9 10 11,0,93,,1274,50,0,9 10 11,0,28,,1275,50,0,9 10 11,0,914,,1271,51,0,9 10 11,0,176,,1272,51,0,9 10 11,0
35700,'0a3c663a7d504d200835',1740,,1307,38,0,9 10 11,0
