37900,'16096334352325192d1f',1341,,1503,3,0,65 66 67,0
37900,'1e386a27476c5b6e1461',637,,1508,3,0,65 66 67,0
37900,'1f5759673f12020b0a50',756,,1504,3,0,65 66 67,0
37900,'59737b0d0f044b52693e',756,,1506,3,0,65 66 67,0
37901,'1e7832711c690d2e452a',1812,,1515,1,0,43 40,0
37901,'31744f7e5638320a2d4c',1327,,1511,1,0,43 40,0
38000,'2c5f74455e25454d432d',1220,,1517,1,0,157 10 52,0
38000,'3f242a2f47502e255740',635,,748,1,0,157 10 52,0
38001,'2c5f74455e25454d432d',1340,,1518,9,4,,0
38001,'3f242a2f47502e255740',1755,,751,9,4,,0
