35600,'02070559307629202a09',657,,373,34,0,9 10 11,0
35600,'0a2f1e22095132130163',1827,,374,35,0,9 10 11,0,5,,375,35,0,9 10 11,0
35600,'0a3c663a7d504d200835',1617,,1245,35,0,9 10 11,0,15,,1246,36,0,9 10 11,0
35600,'0d7c5c285a59412d315b',1822,,1247,34,0,9 10 11,0
35600,'112a0b7f332a564f1678',1257,,1248,34,0,9 10 11,0
35600,'14187635613e43612170',1507,,1249,34,0,9 10 11,0
35600,'1a223768176411647430',1827,,1250,34,0,9 10 11,0
35600,'1c2e3625233d01453772',637,,1252,34,0,9 10 11,0,320,,1251,34,0,9 10 11,0
35600,'1c42311e025d3b40504f',1732,,376,35,0,9 10 11,0
35600,'1f5759673f12020b0a50',657,,1253,34,0,9 10 11,0
35600,'200a2d69427732221f48',1257,,377,34,0,9 10 11,0
35600,'220e7e723c71704c1463',1507,,378,38,0,9 10 11,0,330,,379,38,0,9 10 11,0
35600,'2752046f425a49721d09',1257,,380,34,0,9 10 11,0
35600,'295d5e0567072f655d20',1122,,381,38,0,9 10 11,0,800,,382,38,0,9 10 11,0
35600,'2a08755845643968295b',657,,384,34,0,9 10 11,0,80,,385,34,0,9 10 11,0,70,,386,34,0,9 10 11,0,920,,383,34,0,9 10 11,0
35600,'2a5b3362091f52630354',657,,389,34,0,9 10 11,0,86,,390,34,0,9 10 11,0,70,,391,34,0,9 10 11,0,694,,387,34,0,9 10 11,0,399,,388,35,0,9 10 11,0
35600,'31744f7e5638320a2d4c',1257,,1254,35,0,9 10 11,0,45,,1255,35,0,9 10 11,0
35600,'4d7a6615443531084902',637,,393,34,0,9 10 11,0,320,,392,34,0,9 10 11,0
35600,'4f0277002864772e6462',857,,1256,34,0,9 10 11,0
35600,'52166b36781a3037644c',857,,394,34,0,9 10 11,0
35600,'553d275f1455102c362a',1827,,1257,35,0,9 10 11,0,5,,1258,35,0,9 10 11,0
35600,'56061576073054406d39',1827,,1259,34,0,9 10 11,0
35600,'59737b0d0f044b52693e',657,,1261,34,0,9 10 11,0,80,,1262,34,0,9 10 11,0,70,,1263,34,0,9 10 11,0,920,,1260,34,0,9 10 11,0
35600,'61121d2d1b1669750837',1122,,1264,34,0,9 10 11,0,800,,1265,34,0,9 10 11,0
35600,'634b592b186b573b6758',1122,,1266,38,0,9 10 11,0,800,,1267,38,0,9 10 11,0
35600,'693b6416011017175f3d',1617,,395,35,0,9 10 11,0,15,,396,36,0,9 10 11,0,100,,397,36,0,9 10 11,0
35600,'6a233617047119584137',1257,,1268,34,0,9 10 11,0
35600,'6d0c424c36686c087407',1507,,1269,38,0,9 10 11,0,320,,1270,38,0,9 10 11,0
35600,'725616403949496a5c67',1257,,398,35,0,9 10 11,0,45,,399,35,0,9 10 11,0,525,,401,34,0,9 10 11,0
35600,'7f443a14596255477616',657,,1273,34,0,9 10 11,0,86,,1274,34,0,9 10 11,0,70,,1275,34,0,9 10 11,0,919,,1271,35,0,9 10 11,0,174,,1272,35,0,9 10 11,0
