35800,'156f3b7c021c4566623e',1645,,472,7,0,9 10 11,0
35800,'1c2e3625233d01453772',1230,,1348,7,0,9 10 11,0
35800,'1f5759673f12020b0a50',745,,1349,7,0,9 10 11,0,497,,1350,8,0,9 10 11,0
35800,'3823594e52252d7f6b14',845,,1351,7,0,9 10 11,0
35800,'39416a4548121b3b4e21',1230,,473,7,0,9 10 11,0
35800,'494a652c1e455e3d7c72',625,,1352,7,0,9 10 11,0
35800,'4a3e0d44711c226a7b13',1545,,474,7,0,9 10 11,0
35800,'4f0277002864772e6462',1545,,1353,7,0,9 10 11,0
35800,'59737b0d0f044b52693e',645,,1354,8,0,9 10 11,0
35800,'5a622e2f735638475e4f',645,,467,8,0,9 10 11,0
35800,'765554443e157938074f',845,,466,7,0,9 10 11,0
35800,'7a7c2673351c18595c18',1645,,1355,7,0,9 10 11,0
35800,'7e6273386a42064a2f0b',745,,464,7,0,9 10 11,0,497,,465,8,0,9 10 11,0
35800,'7f443a14596255477616',645,,1356,8,0,9 10 11,0,60,,1357,7,0,9 10 11,0,195,,1358,7,0,9 10 11,0
