35301,'09371135013651047068',747,,1205,5,0,49 50,0,610,,1201,5,0,49 50,0,355,,1202,5,0,49 50,0,91,,1206,5,0,49 50,0,119,,1203,5,0,49 50,0
35301,'145c255a11476c503429',752,,1643,5,0,49 50,0,1051,,1644,5,0,49 50,0
35301,'1644407d017a5f6d6e28',1903,,1204,5,0,49 50,0
35301,'6c79775968333e371768',1357,,1645,5,0,49 50,0,355,,1646,5,0,49 50,0,210,,1647,5,0,49 50,0
35301,'784516016b486a280f43',1903,,1648,5,0,49 50,0
35501,'033e170961301f7a0308',912,,1662,16,0,20 21 22,0,392,,1663,16,0,20 21 22,0,323,,1661,16,0,20 21 22,0
35501,'055e00325b240c7d4777',1052,,1235,18,0,20 21 22,0,755,,1234,18,0,20 21 22,0
35501,'12050f054d0a0f53752f',1306,,1239,16,0,20 21 22,0
35501,'126535785649426e467c',837,,1666,18,0,49 50,0,794,,1664,16,0,20 21 22,0,181,,1665,16,0,20 21 22,0
35501,'210a7c3e60384f725e7c',1052,,1668,18,0,20 21 22,0,755,,1667,18,0,20 21 22,0
35501,'2530772d5b5960361a09',1421,,1238,16,0,72 25,0,135,,1236,16,0,49 50,0,351,,1237,18,0,20 21 22,0
35501,'371d2f0f7337032c2b25',1311,,1233,16,0,20 21 22,0
35501,'3a3841530321505b7b18',1306,,1669,16,0,20 21 22,0
35501,'4f67586f291357636e2f',1421,,1672,16,0,72 25,0,135,,1670,16,0,49 50,0,351,,1671,18,0,20 21 22,0
35501,'566406012b1e7e430018',1106,,1673,16,0,49 50,0
35501,'59737b0d0f044b52693e',1307,,1675,16,0,20 21 22,0,320,,1674,16,0,20 21 22,0
35501,'5d21673510580b5d6c6e',1311,,1676,16,0,20 21 22,0
35501,'723148100c272b183b65',912,,1231,16,0,20 21 22,0,392,,1232,16,0,20 21 22,0,323,,1230,16,0,20 21 22,0
35501,'7249395f521c57637d3d',837,,1244,18,0,49 50,0,269,,1229,16,0,49 50,0,525,,1242,16,0,20 21 22,0,176,,1243,16,0,20 21 22,0
