32400,'2c5f74455e25454d432d',1246,,1081,17,0,51 10 52 2 29,0
32400,'3f242a2f47502e255740',636,,155,17,0,51 10 52 2 29,0
36000,'114a44065a5209536517',843,,535,15,0,51 10 52 2 29,0,208,,536,10,0,51 10 52 2 29,0,792,,537,15,0,51 10 52 2 29,0
36000,'3f242a2f47502e255740',703,,531,15,0,51 10 52 2 29,0,25,,532,15,0,51 10 52 2 29,0,409,,1370,15,0,51 10 52 2 29,0,581,,533,15,0,51 10 52 2 29,0
36000,'3f4d67570e29103a1e70',936,,523,10,0,51 10 52 2 29,0,910,,522,10,0,51 10 52 2 29,0
36000,'79634f716a31375a174a',1137,,534,15,0,51 10 52 2 29,0
36400,'114a44065a5209536517',1334,,618,6,0,51 10 52 2 29,0,200,,619,6,0,51 10 52 2 29,0
36400,'3f242a2f47502e255740',704,,613,6,0,51 10 52 2 29,0,30,,614,6,0,51 10 52 2 29,0,70,,615,6,0,51 10 52 2 29,0,907,,616,6,0,51 10 52 2 29,0,103,,617,6,0,51 10 52 2 29,0
36400,'3f4d67570e29103a1e70',1544,,603,6,0,51 10 52 2 29,0
36400,'4a0603184e160563480a',850,,604,6,0,51 10 52 2 29,0
