32600,'3c046c2a04663d195765',641,,185,10,0,75 76 77,0
32600,'4e3f30715c2160755238',731,,1083,10,0,75 76 77,0
32601,'35315f0c7e2102062569',1232,,1084,4,0,78 45,0,113,,1085,1,0,78 45,0
32601,'3c046c2a04663d195765',1903,,188,4,0,78 45,0
32601,'4e3f30715c2160755238',1804,,1086,4,0,78 45,0
38800,'17675d5630562f244640',1615,,773,1,0,9 30,0
38800,'1c2e3625233d01453772',645,,1544,3,0,9 30,0,70,,1545,5,0,9 30,0,30,,1546,3,0,9 30,0,700,,1541,5,0,9 30,0,100,,1542,1,0,9 30,0,100,,1543,5,0,9 30,0
38800,'337b31363e410b5e7355',815,,780,1,0,9 30,0
38800,'3823594e52252d7f6b14',1615,,1547,1,0,9 30,0
38800,'4f0277002864772e6462',1045,,1549,1,0,9 30,0,200,,1548,1,0,9 30,0
38800,'534f3f6200296b014523',1045,,788,1,0,9 30,0,200,,787,1,0,9 30,0
38800,'5858235b60647f474275',645,,784,3,0,9 30,0,70,,785,5,0,9 30,0,30,,786,3,0,9 30,0,700,,781,5,0,9 30,0,100,,782,1,0,9 30,0,100,,783,5,0,9 30,0
38800,'7a7c2673351c18595c18',815,,1550,1,0,9 30,0
38800,'7f443a14596255477616',615,,1553,1,0,9 30,0,40,,1554,1,0,79 80 18,0,45,,1555,5,0,9 30,0,115,,1556,1,0,9 30,0,800,,1551,1,0,9 30,0,130,,1552,1,0,9 30,0
