36501,'0e5131610429337c0530',756,,1420,35,0,135 25,0,156,,1421,35,0,166 32,0
36501,'1e386a27476c5b6e1461',713,,1436,35,0,132 117,0,1002,,1434,35,0,132 117,0,113,,1435,35,0,133 134,0
36501,'1f5759673f12020b0a50',1859,,1425,35,0,132 117,0
36501,'2a2423055d636f354b6d',1335,,1429,35,0,132 117,0,182,,1430,35,0,132 117,0
36501,'2c14404d6d61074b6d28',1012,,1426,35,0,133 134,0
36501,'2f16807a52596335736c',1856,,1422,35,0,132 117,0,84,,1423,35,0,133 134,0
36501,'3823594e52252d7f6b14',955,,1428,35,0,132 117,0,852,,1427,35,0,132 117,0
36501,'3c550d10735a472e4755',756,,1433,35,0,135 25,0
36501,'484f0e366a041c114e35',1012,,1432,35,0,133 134,0
36501,'59737b0d0f044b52693e',1816,,1431,35,0,133 134,0
