35600,'02070559307629202a09',638,,373,16,0,9 10 11,0
35600,'0a2f1e22095132130163',1808,,374,17,0,9 10 11,0,5,,375,17,0,9 10 11,0
35600,'0a3c663a7d504d200835',1558,,1245,17,0,9 10 11,0,55,,1246,18,0,9 10 11,0
35600,'0d7c5c285a59412d315b',1803,,1247,16,0,9 10 11,0
35600,'112a0b7f332a564f1678',1238,,1248,16,0,9 10 11,0
35600,'14187635613e43612170',1448,,1249,16,0,9 10 11,0
35600,'1a223768176411647430',1808,,1250,16,0,9 10 11,0
35600,'1c2e3625233d01453772',618,,1252,16,0,9 10 11,0,320,,1251,16,0,9 10 11,0
35600,'1c42311e025d3b40504f',1713,,376,17,0,9 10 11,0
35600,'1f5759673f12020b0a50',638,,1253,16,0,9 10 11,0
35600,'200a2d69427732221f48',1238,,377,16,0,9 10 11,0
35600,'220e7e723c71704c1463',1448,,378,20,0,9 10 11,0,370,,379,20,0,9 10 11,0
35600,'2752046f425a49721d09',1238,,380,16,0,9 10 11,0
35600,'295d5e0567072f655d20',1103,,381,20,0,9 10 11,0,800,,382,20,0,9 10 11,0
35600,'2a08755845643968295b',638,,384,16,0,9 10 11,0,80,,385,16,0,9 10 11,0,30,,386,16,0,9 10 11,0,960,,383,16,0,9 10 11,0
35600,'2a5b3362091f52630354',638,,389,16,0,9 10 11,0,82,,390,16,0,9 10 11,0,30,,391,16,0,9 10 11,0,698,,387,16,0,9 10 11,0,399,,388,17,0,9 10 11,0
35600,'31744f7e5638320a2d4c',1238,,1254,17,0,9 10 11,0,5,,1255,17,0,9 10 11,0
35600,'4d7a6615443531084902',618,,393,16,0,9 10 11,0,320,,392,16,0,9 10 11,0
35600,'4f0277002864772e6462',838,,1256,16,0,9 10 11,0
35600,'52166b36781a3037644c',838,,394,16,0,9 10 11,0
35600,'553d275f1455102c362a',1808,,1257,17,0,9 10 11,0,5,,1258,17,0,9 10 11,0
35600,'56061576073054406d39',1808,,1259,16,0,9 10 11,0
35600,'59737b0d0f044b52693e',638,,1261,16,0,9 10 11,0,80,,1262,16,0,9 10 11,0,30,,1263,16,0,9 10 11,0,960,,1260,16,0,9 10 11,0
35600,'61121d2d1b1669750837',1103,,1264,16,0,9 10 11,0,800,,1265,16,0,9 10 11,0
35600,'634b592b186b573b6758',1103,,1266,20,0,9 10 11,0,800,,1267,20,0,9 10 11,0
35600,'693b6416011017175f3d',1558,,395,17,0,9 10 11,0,55,,396,18,0,9 10 11,0,100,,397,18,0,9 10 11,0
35600,'6a233617047119584137',1238,,1268,16,0,9 10 11,0
35600,'6d0c424c36686c087407',1448,,1269,20,0,9 10 11,0,360,,1270,20,0,9 10 11,0
35600,'725616403949496a5c67',1238,,398,17,0,9 10 11,0,5,,400,17,0,122 25,0,565,,401,16,0,9 10 11,0
35600,'7f443a14596255477616',638,,1273,16,0,9 10 11,0,82,,1274,16,0,9 10 11,0,30,,1275,16,0,9 10 11,0,963,,1271,17,0,9 10 11,0,134,,1272,17,0,9 10 11,0
