36500,'0e5131610429337c0530',956,,1403,31,0,9 10 11,0
36500,'1c486c5002601c4a534a',1739,,1407,30,0,9 10 11,0
36500,'1e386a27476c5b6e1461',832,,1419,45,0,9 10 11,0,610,,1418,45,0,9 10 11,0
36500,'1e7832711c690d2e452a',1735,,1416,31,0,9 10 11,0
36500,'1f5759673f12020b0a50',815,,1408,44,0,9 10 11,0
36500,'2a2423055d636f354b6d',1840,,1415,45,0,9 10 11,0
36500,'2c14404d6d61074b6d28',1311,,1409,44,0,9 10 11,0
36500,'2f16807a52596335736c',715,,1404,45,0,9 10 11,0,86,,1406,30,0,9 10 11,0
36500,'2f6b6069415f08614303',1311,,1410,45,0,9 10 11,0
36500,'31744f7e5638320a2d4c',1348,,1411,27,0,9 10 11,0
36500,'3823594e52252d7f6b14',1035,,1413,45,0,9 10 11,0,815,,1412,45,0,9 10 11,0
36500,'3c550d10735a472e4755',959,,1417,32,0,9 10 11,0
36500,'71472061383531535e0f',704,,1414,30,0,9 10 11,0
