36501,'0e5131610429337c0530',735,,1420,20,0,135 25,0,115,,1421,20,0,166 32,0
36501,'1e386a27476c5b6e1461',652,,1436,20,0,132 117,0,997,,1434,20,0,132 117,0,152,,1435,20,0,133 134,0
36501,'1f5759673f12020b0a50',1837,,1425,20,0,132 117,0
36501,'2a2423055d636f354b6d',1313,,1429,20,0,132 117,0,142,,1430,20,0,132 117,0
36501,'2c14404d6d61074b6d28',950,,1426,20,0,133 134,0
36501,'2f16807a52596335736c',1832,,1422,20,0,132 117,0,86,,1423,20,0,133 134,0
36501,'3823594e52252d7f6b14',933,,1428,20,0,132 117,0,809,,1427,20,0,132 117,0
36501,'3c550d10735a472e4755',735,,1433,20,0,135 25,0
36501,'484f0e366a041c114e35',950,,1432,20,0,133 134,0
36501,'59737b0d0f044b52693e',1752,,1431,20,0,133 134,0
