30500,'1e386a27476c5b6e1461',628,,1047,23,0,9 30,0
30500,'2f16807a52596335736c',717,,1042,23,0,9 30,0,35,,1043,23,0,9 30,0,75,,1044,23,0,9 30,0
30500,'71472061383531535e0f',936,,1045,23,0,9 30,0,676,,1046,23,0,9 30,0
36200,'1e386a27476c5b6e1461',756,,1379,17,0,9 10 11,0,193,,1380,17,0,9 10 11,0,651,,1381,13,0,9 10 11,0,59,,1382,17,0,9 10 11,0
36200,'1f5759673f12020b0a50',949,,1377,17,0,9 10 11,0,261,,1378,17,0,9 10 11,0
36200,'2f16807a52596335736c',718,,1374,18,0,9 10 11,0,110,,1375,18,0,9 10 11,0,382,,1376,18,0,9 10 11,0,591,,1373,17,0,9 10 11,0
36900,'1f5759673f12020b0a50',1100,,1439,20,0,9 10 11,0
36900,'2f16807a52596335736c',745,,1437,20,0,9 10 11,0,165,,1438,19,0,9 10 11,0
36900,'3823594e52252d7f6b14',945,,1440,19,0,9 10 11,0,782,,1441,19,0,9 10 11,0
36900,'71472061383531535e0f',710,,1442,19,0,9 10 11,0
37300,'1e386a27476c5b6e1461',805,,1455,24,0,9 10 11,0,48,,1456,24,0,9 10 11,0
37300,'1f5759673f12020b0a50',853,,1453,24,0,9 10 11,0
37300,'2a2423055d636f354b6d',1330,,1454,24,0,9 10 11,0
37300,'2f16807a52596335736c',735,,1451,24,0,9 10 11,0,889,,1452,24,0,9 10 11,0
38800,'1e386a27476c5b6e1461',657,,1553,19,0,9 30,0,97,,1555,23,0,9 30,0,152,,1556,19,0,9 30,0,798,,1551,19,0,9 30,0,130,,1552,19,0,9 30,0
38800,'2a2423055d636f354b6d',1131,,1549,19,0,9 30,0,200,,1548,19,0,9 30,0
38800,'2f16807a52596335736c',733,,1544,21,0,9 30,0,76,,1545,23,0,9 30,0,30,,1546,21,0,9 30,0,692,,1541,23,0,9 30,0,100,,1542,19,0,9 30,0,102,,1543,23,0,9 30,0
38800,'3823594e52252d7f6b14',1700,,1547,19,0,9 30,0
38800,'7a7c2673351c18595c18',900,,1550,19,0,9 30,0
