35601,'055e00325b240c7d4777',902,,407,4,0,15 16 17,0,801,,408,4,0,15 16 17,0
35601,'075f4276790e1e273655',1403,,1276,4,0,15 16 17,0
35601,'0a3c663a7d504d200835',1518,,1277,4,0,12 13 14,0
35601,'184134507f4517151633',813,,1279,4,0,12 13 14,0
35601,'1e386a27476c5b6e1461',623,,1301,4,0,12 13 14,0,191,,1306,4,0,12 13 14,0,830,,1302,4,0,12 13 14,0,80,,1303,4,0,12 13 14,0
35601,'1f5759673f12020b0a50',633,,1284,4,0,12 13 14,0
35601,'2943795d360756687162',1233,,1278,4,0,12 13 14,0
35601,'2a2423055d636f354b6d',1918,,1289,4,0,12 13 14,0
35601,'2f16807a52596335736c',1033,,1280,4,0,12 13 14,0,370,,1281,4,0,12 13 14,0,100,,1282,4,0,12 13 14,0,350,,1283,4,0,12 13 14,0
35601,'320823102b697f311363',1403,,1285,4,0,12 13 14,0
35601,'321e5f70685c1473436a',1804,,1287,4,0,12 13 14,0
35601,'332311354b01253e3615',848,,1286,4,0,12 13 14,0
35601,'59445e7d50034e156e11',1803,,1290,4,0,12 13 14,0
35601,'59737b0d0f044b52693e',633,,1293,4,0,12 13 14,0,1010,,1291,4,0,12 13 14,0,80,,1292,4,0,12 13 14,0
35601,'61121d2d1b1669750837',902,,1294,4,0,12 13 14,0,801,,1295,4,0,12 13 14,0
35601,'634b592b186b573b6758',902,,1296,4,0,15 16 17,0,801,,1297,4,0,15 16 17,0
35601,'6d0c424c36686c087407',818,,1299,4,0,15 16 17,0,415,,1298,4,0,15 16 17,0
35601,'71472061383531535e0f',1603,,1288,4,0,12 13 14,0
35601,'7c40501f37807a467b28',1603,,1300,4,0,15 16 17,0
35701,'055e00325b240c7d4777',1034,,449,4,0,15 16 17,0
35701,'0d4e3278231744213640',1744,,1326,4,0,12 13 14,0
35701,'1e386a27476c5b6e1461',749,,1347,4,0,12 18 19,0,955,,1344,4,0,12 13 14,0,40,,1345,4,0,12 13 14,0,80,,1346,4,0,12 13 14,0
35701,'2f16807a52596335736c',1304,,1330,4,0,12 13 14,0,250,,1327,4,0,12 13 14,0,90,,1328,4,0,12 13 14,0,290,,1329,4,0,12 13 14,0
35701,'320823102b697f311363',819,,1331,4,0,12 13 14,0
35701,'332311354b01253e3615',819,,1332,4,0,12 18 19,0
35701,'3823594e52252d7f6b14',1919,,1333,4,0,12 13 14,0
35701,'59445e7d50034e156e11',1744,,1336,4,0,12 13 14,0
35701,'59737b0d0f044b52693e',749,,1339,4,0,12 13 14,0,955,,1337,4,0,12 13 14,0,120,,1338,4,0,12 13 14,0
35701,'61121d2d1b1669750837',1034,,1340,4,0,12 13 14,0
35701,'634b592b186b573b6758',1034,,1341,4,0,15 16 17,0
35701,'6d0c424c36686c087407',904,,1342,4,0,15 16 17,0
35701,'71472061383531535e0f',904,,1334,4,0,12 13 14,0,230,,1335,4,0,12 13 14,0
35701,'7c40501f37807a467b28',1134,,1343,4,0,15 16 17,0
35801,'1e386a27476c5b6e1461',1738,,1367,4,0,91 92,0
35801,'1f5759673f12020b0a50',1408,,1360,4,0,91 92,0,409,,1361,4,0,91 92,0
35801,'2a2423055d636f354b6d',908,,1365,4,0,91 92,0,806,,1366,4,0,93 94 95,0
35801,'2f16807a52596335736c',1818,,1359,4,0,91 92,0
35801,'3823594e52252d7f6b14',1002,,1362,4,0,91 92,0,810,,1363,4,0,91 92,0
35801,'71472061383531535e0f',1253,,1364,4,0,91 92,0
