31401,'184e4110395b10611f1d',1219,,127,3,,,0
31401,'3b0d0a205721144a1f02',1219,,1059,3,,,0
37901,'16096334352325192d1f',1249,,1510,8,0,126 47 48,0
37901,'1a1a1a6d0701621f0757',1249,,743,9,0,126 47 48,0
37901,'1c6b260d7b7104763d5b',1237,,741,6,0,123 124 125,0
37901,'31744f7e5638320a2d4c',1249,,1512,8,0,114 115,0
37901,'4f0277002864772e6462',1732,,1513,8,0,126 47 48,0
37901,'532f7e634a3b56246321',1239,,1514,6,0,123 124 125,0
37901,'534f3f6200296b014523',1734,,742,9,0,126 47 48,0
37901,'553d275f1455102c362a',1732,,1516,8,0,114 115,0
