35000,'112a0b7f332a564f1678',1234,,1110,12,0,60 103 104,0
35000,'16096334352325192d1f',1733,,1111,12,0,60 103 104,0
35000,'1c2e3625233d01453772',631,,1114,4,0,9 35 36 37 38,0,76,,1115,10,0,9 35 36 37 38,0,141,,1112,10,0,9 35 36 37 38,0,683,,1113,4,0,9 35 36 37 38,0
35000,'1c486c5002601c4a534a',1733,,1116,12,0,60 103 104,0
35000,'1f5759673f12020b0a50',821,,1117,10,0,9 35 36 37 38,0
35000,'31744f7e5638320a2d4c',1245,,1118,14,0,60 103 104,0,72,,1120,12,0,60 103 104,0
35000,'495e5f3d32634b3b5042',1234,,1122,12,0,60 103 104,0
35000,'553d275f1455102c362a',1743,,1123,14,0,60 103 104,0,71,,1125,12,0,60 103 104,0
35000,'59737b0d0f044b52693e',751,,1127,4,0,9 35 36 37 38,0
35000,'7f443a14596255477616',606,,1128,4,0,9 35 36 37 38,0,45,,1129,4,0,9 35 36 37 38,0,5,,1130,4,0,9 35 36 37 38,0,85,,1132,4,0,9 35 36 37 38,0
