36501,'0e5131610429337c0530',747,,1420,26,0,135 25,0,156,,1421,26,0,166 32,0
36501,'1e386a27476c5b6e1461',704,,1436,26,0,132 117,0,1001,,1434,26,0,132 117,0,113,,1435,26,0,133 134,0
36501,'1f5759673f12020b0a50',1850,,1425,26,0,132 117,0
36501,'2a2423055d636f354b6d',1326,,1429,26,0,132 117,0,182,,1430,26,0,132 117,0
36501,'2c14404d6d61074b6d28',1003,,1426,26,0,133 134,0
36501,'2f16807a52596335736c',1847,,1422,26,0,132 117,0,85,,1423,26,0,133 134,0
36501,'3823594e52252d7f6b14',946,,1428,26,0,132 117,0,810,,1427,26,0,132 117,0
36501,'3c550d10735a472e4755',747,,1433,26,0,135 25,0
36501,'484f0e366a041c114e35',1003,,1432,26,0,133 134,0
36501,'59737b0d0f044b52693e',1806,,1431,26,0,133 134,0
