35601,'055e00325b240c7d4777',952,,407,47,0,15 16 17,0,802,,408,47,0,15 16 17,0
35601,'075f4276790e1e273655',1454,,1276,47,0,15 16 17,0
35601,'0a3c663a7d504d200835',1609,,1277,47,0,12 13 14,0
35601,'184134507f4517151633',904,,1279,47,0,12 13 14,0
35601,'1e386a27476c5b6e1461',714,,1304,8,0,12 13 14,0,197,,1306,47,0,12 13 14,0,833,,1302,47,0,12 13 14,0,80,,1303,47,0,12 13 14,0
35601,'1f5759673f12020b0a50',724,,1284,47,0,12 13 14,0
35601,'2943795d360756687162',1324,,1278,47,0,12 13 14,0
35601,'2a2423055d636f354b6d',2009,,1289,47,0,12 13 14,0
35601,'2f16807a52596335736c',1124,,1280,47,0,12 13 14,0,330,,1281,47,0,12 13 14,0,100,,1282,47,0,12 13 14,0,390,,1283,47,0,12 13 14,0
35601,'320823102b697f311363',1454,,1285,47,0,12 13 14,0
35601,'321e5f70685c1473436a',1904,,1287,47,0,12 13 14,0
35601,'332311354b01253e3615',939,,1286,47,0,12 13 14,0
35601,'59445e7d50034e156e11',1854,,1290,47,0,12 13 14,0
35601,'59737b0d0f044b52693e',724,,1293,47,0,12 13 14,0,1010,,1291,47,0,12 13 14,0,80,,1292,47,0,12 13 14,0
35601,'61121d2d1b1669750837',952,,1294,47,0,12 13 14,0,802,,1295,47,0,12 13 14,0
35601,'634b592b186b573b6758',952,,1296,47,0,15 16 17,0,802,,1297,47,0,15 16 17,0
35601,'6d0c424c36686c087407',909,,1299,47,0,15 16 17,0,415,,1298,47,0,15 16 17,0
35601,'71472061383531535e0f',1654,,1288,47,0,12 13 14,0
35601,'7c40501f37807a467b28',1654,,1300,47,0,15 16 17,0
