35600,'0a3c663a7d504d200835',1540,,1245,1,0,9 10 11,0,10,,1246,1,0,9 10 11,0
35600,'693b6416011017175f3d',1540,,395,1,0,9 10 11,0,10,,396,1,0,9 10 11,0,100,,397,1,0,9 10 11,0
35601,'1c2e3625233d01453772',1145,,1280,58,0,12 13 14,0
35601,'2a5b3362091f52630354',735,,420,9,0,12 13 14,0
35601,'332311354b01253e3615',955,,1286,58,0,12 13 14,0
35601,'7f443a14596255477616',735,,1305,9,0,12 13 14,0
35700,'0a3c663a7d504d200835',1640,,1307,1,0,9 10 11,0
35700,'2a5b3362091f52630354',1310,,435,1,0,9 10 11,0
35700,'416039027b4e59137846',1310,,1314,1,0,9 10 11,0
35700,'494a652c1e455e3d7c72',1310,,1315,1,0,9 10 11,0
35700,'693b6416011017175f3d',1310,,443,1,0,9 10 11,0,330,,444,1,0,9 10 11,0
35701,'2a5b3362091f52630354',915,,457,51,4,,0
35701,'332311354b01253e3615',935,,1332,51,4,,0
35701,'7f443a14596255477616',915,,1347,51,4,,0
