35900,'114a44065a5209536517',734,,500,21,0,51 10 52 2 29,0,405,,501,21,0,51 10 52 2 29,0,195,,502,21,0,51 10 52 2 29,0
35900,'2c5f74455e25454d432d',701,,1369,21,0,51 10 52 2 29,0,1133,,1368,21,0,51 10 52 2 29,0
35900,'3f242a2f47502e255740',636,,497,21,0,51 10 52 2 29,0,168,,498,21,0,51 10 52 2 29,0,730,,499,21,0,51 10 52 2 29,0,180,,496,21,0,51 10 52 2 29,0
35900,'4a0603184e160563480a',849,,485,21,0,51 10 52 2 29,0
35900,'4b6f482a4a7216552331',1649,,484,21,0,51 10 52 2 29,0
36100,'114a44065a5209536517',1245,,561,16,0,51 10 52 2 29,0
36100,'2c5f74455e25454d432d',730,,1371,16,0,51 10 52 2 29,0,800,,1372,16,0,51 10 52 2 29,0
36100,'3f242a2f47502e255740',630,,558,16,0,51 10 52 2 29,0,415,,559,16,0,51 10 52 2 29,0
36100,'3f4d67570e29103a1e70',840,,552,16,0,51 10 52 2 29,0
36100,'4b6f482a4a7216552331',1530,,551,16,0,51 10 52 2 29,0
36100,'79634f716a31375a174a',730,,560,16,0,51 10 52 2 29,0
