36901,'1e386a27476c5b6e1461',1714,,1449,23,0,128 129,0,114,,1450,23,0,130 131,0
36901,'1f5759673f12020b0a50',1713,,1445,23,0,128 129,0
36901,'2f16807a52596335736c',1908,,1443,23,0,128 129,0,30,,1444,23,0,128 129,0
36901,'3823594e52252d7f6b14',1115,,1446,23,0,130 131,0,740,,1447,23,0,130 131,0
36901,'71472061383531535e0f',1344,,1448,23,0,128 129,0
37301,'1e386a27476c5b6e1461',1751,,1462,23,0,143 45,0
37301,'1f5759673f12020b0a50',1516,,1459,23,0,143 45,0
37301,'2a2423055d636f354b6d',1904,,1461,23,0,143 45,0
37301,'2f16807a52596335736c',937,,1457,23,0,143 45,0,887,,1458,23,0,143 45,0
37301,'31744f7e5638320a2d4c',1346,,1460,23,0,143 45,0
