34400,'1e386a27476c5b6e1461',706,,1099,4,0,65 18 140,0
34400,'2a2423055d636f354b6d',1358,,1096,4,0,158 159,0
34400,'2f16807a52596335736c',748,,1094,4,0,158 159,0
34400,'532f7e634a3b56246321',856,,1097,4,0,65 66 67,0
34400,'59737b0d0f044b52693e',713,,1098,4,0,158 159,0
34400,'7061714f794c79290d6c',906,,1095,4,0,65 66 67,0
36500,'1e386a27476c5b6e1461',650,,1419,4,0,9 10 11,0,666,,1418,4,0,9 10 11,0
36500,'1f5759673f12020b0a50',650,,1408,4,0,9 10 11,0
36500,'2a2423055d636f354b6d',1711,,1415,4,0,9 10 11,0
36500,'2c14404d6d61074b6d28',1138,,1409,4,0,9 10 11,0
36500,'2f16807a52596335736c',550,,1404,4,0,9 10 11,0,71,,1405,4,0,133 134,0
36500,'2f6b6069415f08614303',1138,,1410,4,0,9 10 11,0
36500,'3823594e52252d7f6b14',901,,1413,4,0,9 10 11,0,805,,1412,4,0,9 10 11,0
