35600,'02070559307629202a09',644,,373,20,0,9 10 11,0
35600,'0a2f1e22095132130163',1813,,374,21,0,9 10 11,0,5,,375,21,0,9 10 11,0
35600,'0a3c663a7d504d200835',1603,,1245,21,0,9 10 11,0,15,,1246,22,0,9 10 11,0
35600,'0d7c5c285a59412d315b',1808,,1247,20,0,9 10 11,0
35600,'112a0b7f332a564f1678',1243,,1248,20,0,9 10 11,0
35600,'14187635613e43612170',1453,,1249,20,0,9 10 11,0
35600,'1a223768176411647430',1813,,1250,20,0,9 10 11,0
35600,'1c2e3625233d01453772',624,,1252,20,0,9 10 11,0,319,,1251,20,0,9 10 11,0
35600,'1c42311e025d3b40504f',1718,,376,21,0,9 10 11,0
35600,'1f5759673f12020b0a50',644,,1253,20,0,9 10 11,0
35600,'200a2d69427732221f48',1243,,377,20,0,9 10 11,0
35600,'220e7e723c71704c1463',1453,,378,24,0,9 10 11,0,370,,379,24,0,9 10 11,0
35600,'2752046f425a49721d09',1243,,380,20,0,9 10 11,0
35600,'295d5e0567072f655d20',1108,,381,24,0,9 10 11,0,800,,382,24,0,9 10 11,0
35600,'2a08755845643968295b',644,,384,20,0,9 10 11,0,80,,385,20,0,9 10 11,0,29,,386,20,0,9 10 11,0,960,,383,20,0,9 10 11,0
35600,'2a5b3362091f52630354',644,,389,20,0,9 10 11,0,83,,390,20,0,9 10 11,0,30,,391,20,0,9 10 11,0,696,,387,20,0,9 10 11,0,399,,388,21,0,9 10 11,0
35600,'31744f7e5638320a2d4c',1243,,1254,21,0,9 10 11,0,5,,1255,21,0,9 10 11,0
35600,'4d7a6615443531084902',624,,393,20,0,9 10 11,0,319,,392,20,0,9 10 11,0
35600,'4f0277002864772e6462',843,,1256,20,0,9 10 11,0
35600,'52166b36781a3037644c',843,,394,20,0,9 10 11,0
35600,'553d275f1455102c362a',1813,,1257,21,0,9 10 11,0,5,,1258,21,0,9 10 11,0
35600,'56061576073054406d39',1813,,1259,20,0,9 10 11,0
35600,'59737b0d0f044b52693e',644,,1261,20,0,9 10 11,0,80,,1262,20,0,9 10 11,0,29,,1263,20,0,9 10 11,0,960,,1260,20,0,9 10 11,0
35600,'61121d2d1b1669750837',1108,,1264,20,0,9 10 11,0,800,,1265,20,0,9 10 11,0
35600,'634b592b186b573b6758',1108,,1266,24,0,9 10 11,0,800,,1267,24,0,9 10 11,0
35600,'693b6416011017175f3d',1603,,395,21,0,9 10 11,0,15,,396,22,0,9 10 11,0,100,,397,22,0,9 10 11,0
35600,'6a233617047119584137',1243,,1268,20,0,9 10 11,0
35600,'6d0c424c36686c087407',1453,,1269,24,0,9 10 11,0,360,,1270,24,0,9 10 11,0
35600,'725616403949496a5c67',1243,,398,21,0,9 10 11,0,5,,399,21,0,9 10 11,0,565,,401,20,0,9 10 11,0
35600,'7f443a14596255477616',644,,1273,20,0,9 10 11,0,83,,1274,20,0,9 10 11,0,30,,1275,20,0,9 10 11,0,961,,1271,21,0,9 10 11,0,134,,1272,21,0,9 10 11,0
