35700,'055e00325b240c7d4777',1845,,432,45,0,9 10 11,0
35700,'1c2e3625233d01453772',714,,1309,41,0,9 10 11,0,386,,1310,41,0,9 10 11,0,510,,1308,41,0,9 10 11,0
35700,'320823102b697f311363',1420,,1311,41,0,9 10 11,0
35700,'3823594e52252d7f6b14',955,,1312,41,0,9 10 11,0
35700,'3f575e1f5f6d63575f07',750,,1313,41,0,9 10 11,0
35700,'416039027b4e59137846',1410,,1314,41,0,9 10 11,0
35700,'494a652c1e455e3d7c72',1420,,1315,43,0,9 10 11,0,405,,1316,41,0,9 10 11,0
35700,'59445e7d50034e156e11',730,,1317,41,0,9 10 11,0
35700,'59737b0d0f044b52693e',800,,1318,41,0,9 10 11,0,20,,1319,41,0,9 10 11,0
35700,'61121d2d1b1669750837',1845,,1320,41,0,9 10 11,0
35700,'634b592b186b573b6758',1845,,1321,45,0,9 10 11,0
35700,'6d0c424c36686c087407',1420,,1322,45,0,9 10 11,0,395,,1323,45,0,9 10 11,0
35700,'7f443a14596255477616',815,,1324,41,0,9 10 11,0,30,,1325,41,0,9 10 11,0
