35101,'02070559307629202a09',1858,,302,18,0,20 21 22,0
35101,'1a20552b5a400f716a1b',1013,,303,18,0,20 21 22,0
35101,'1f5759673f12020b0a50',1858,,1176,18,0,20 21 22,0
35101,'2a5b3362091f52630354',652,,307,18,0,23 24 18,0,107,,309,18,0,23 24 18,0,862,,304,18,0,23 25,0,203,,305,18,0,20 21 22,0,119,,306,18,0,20 21 22,0
35101,'2c295b0e5f4444502b59',1813,,310,18,0,20 21 22,0
35101,'31744f7e5638320a2d4c',1350,,1177,18,0,20 21 22,0
35101,'3823594e52252d7f6b14',1013,,1178,18,0,20 21 22,0
35101,'4f0277002864772e6462',928,,1179,18,0,20 21 22,0,380,,1180,18,0,20 21 22,0,150,,1181,18,0,20 21 22,0
35101,'52166b36781a3037644c',928,,312,18,0,20 21 22,0,380,,313,18,0,20 21 22,0,150,,314,18,0,20 21 22,0
35101,'725616403949496a5c67',1350,,315,18,0,20 21 22,0
35101,'7a7c2673351c18595c18',1813,,1182,18,0,20 21 22,0
35101,'7f443a14596255477616',652,,1186,18,0,23 24 18,0,107,,1188,18,0,23 24 18,0,862,,1183,18,0,23 25,0,203,,1184,18,0,20 21 22,0,119,,1185,18,0,20 21 22,0
