34201,'1e386a27476c5b6e1461',1715,,1093,2,0,135 25,0
34201,'1f5759673f12020b0a50',1715,,1638,2,0,135 25,0
34201,'2f16807a52596335736c',1230,,1091,2,0,135 25,0,575,,1637,2,0,135 25,0
34201,'59737b0d0f044b52693e',1715,,1639,2,0,135 25,0
34401,'1e7832711c690d2e452a',1710,,1107,2,0,132 117,0
34401,'31744f7e5638320a2d4c',1230,,1104,2,0,132 117,0
37900,'16096334352325192d1f',1430,,1503,20,0,65 66 67,0
37900,'1e386a27476c5b6e1461',734,,1508,20,0,65 66 67,0,5,,1509,24,0,65 66 67,0
37900,'1f5759673f12020b0a50',845,,1504,20,0,65 66 67,0
37900,'532f7e634a3b56246321',955,,1505,6,0,65 66 67,0
37900,'59737b0d0f044b52693e',845,,1506,20,0,65 66 67,0
39101,'1e386a27476c5b6e1461',1710,,1587,2,,,0
39101,'1e7832711c690d2e452a',1710,,1585,2,,,0
39101,'31744f7e5638320a2d4c',1230,,1583,2,,,0
39101,'59737b0d0f044b52693e',1720,,1586,2,,,0
39101,'7061714f794c79290d6c',1230,,1582,2,,,0
39201,'2c5f74455e25454d432d',731,,1594,2,0,164,0,984,,1595,2,0,164,0
39201,'35315f0c7e2102062569',1230,,1593,2,0,164,0
39301,'1e7832711c690d2e452a',1710,,1601,2,0,168,0
39301,'31744f7e5638320a2d4c',1225,,1599,2,0,168,0
39700,'16096334352325192d1f',1437,,1622,14,,,0
39700,'1e386a27476c5b6e1461',733,,1627,14,,,0
39700,'1e7832711c690d2e452a',1632,,1625,8,,,0
39801,'1e7832711c690d2e452a',1715,,1636,2,,,0
39801,'31744f7e5638320a2d4c',1225,,1635,2,,,0
