34200,'1c2e3625233d01453772',759,,1087,12,0,65 18 140,0
34200,'29672110360e7e074d18',759,,215,12,0,65 18 140,0
34200,'3c0b47661a465f176d35',1409,,216,12,0,65 18 140,0
34200,'4f0277002864772e6462',1409,,1088,12,0,65 18 140,0
34200,'59737b0d0f044b52693e',724,,1089,12,0,65 18 140,0
34200,'5a622e2f735638475e4f',724,,213,12,0,65 18 140,0
34200,'7f443a14596255477616',718,,1090,11,0,65 18 140,0
34400,'20694715463639414353',917,,1095,9,0,65 66 67,0
34400,'532f7e634a3b56246321',907,,1097,9,0,65 66 67,0
34400,'676b397c2e462b34407c',917,,227,9,0,65 66 67,0
34400,'7e34765c21213e5c0e4e',907,,224,9,0,65 66 67,0
34400,'7f443a14596255477616',720,,1099,9,0,65 18 140,0
