30401,'1c2e3625233d01453772',728,,1033,6,0,46 47 48,0,30,,1034,6,0,46 47 48,0,70,,1035,6,0,46 47 48,0,30,,1036,6,0,46 47 48,0,70,,1037,6,0,46 47 48,0,721,,1038,6,0,46 47 48,0,70,,1039,6,0,46 47 48,0,30,,1040,6,0,46 47 48,0,70,,1029,6,0,46 47 48,0,30,,1030,6,0,46 47 48,0,70,,1031,6,0,46 47 48,0,30,,1032,6,0,46 47 48,0
30401,'553d275f1455102c362a',1804,,1041,6,0,46 47 48,0
35501,'033e170961301f7a0308',929,,1662,24,0,20 21 22,0,391,,1663,24,0,20 21 22,0,324,,1661,24,0,20 21 22,0
35501,'055e00325b240c7d4777',1109,,1235,26,0,20 21 22,0,715,,1234,26,0,20 21 22,0
35501,'126535785649426e467c',853,,1666,26,0,49 50,0,795,,1664,24,0,20 21 22,0,180,,1665,24,0,20 21 22,0
35501,'191b086669276f0a2c02',1323,,1239,24,0,20 21 22,0
35501,'210a7c3e60384f725e7c',1109,,1668,26,0,20 21 22,0,715,,1667,26,0,20 21 22,0
35501,'371d2f0f7337032c2b25',1328,,1233,24,0,20 21 22,0
35501,'3a3841530321505b7b18',1323,,1669,24,0,20 21 22,0
35501,'4f67586f291357636e2f',1613,,1670,24,0,49 50,0,311,,1671,26,0,20 21 22,0
35501,'566406012b1e7e430018',1123,,1673,24,0,49 50,0
35501,'59737b0d0f044b52693e',1324,,1675,24,0,20 21 22,0,320,,1674,24,0,20 21 22,0
35501,'5d21673510580b5d6c6e',1328,,1676,24,0,20 21 22,0
35501,'5d5f40704724192d5825',853,,1244,26,0,49 50,0,270,,1229,24,0,49 50,0,525,,1242,24,0,20 21 22,0,175,,1243,24,0,20 21 22,0
35501,'723148100c272b183b65',929,,1231,24,0,20 21 22,0,391,,1232,24,0,20 21 22,0,324,,1230,24,0,20 21 22,0
35501,'7360781f782d14543c3f',1613,,1236,24,0,49 50,0,311,,1237,26,0,20 21 22,0
