35500,'033e170961301f7a0308',803,,1649,21,0,9 26,0
35500,'055e00325b240c7d4777',918,,1220,21,0,9 10 11,0,715,,1219,21,0,9 10 11,0
35500,'126535785649426e467c',646,,1650,11,0,9 10 11,0,13,,1651,21,0,9 10 11,0
35500,'210a7c3e60384f725e7c',918,,1654,21,0,9 10 11,0,715,,1653,21,0,9 10 11,0
35500,'4f67586f291357636e2f',1158,,1657,11,0,9 26,0,152,,1658,21,0,9 26,0,338,,1656,11,0,9 26,0
35500,'566406012b1e7e430018',918,,1659,11,0,9 26,0
35500,'59737b0d0f044b52693e',718,,1660,21,0,9 10 11,0
35500,'5d5f40704724192d5825',646,,1226,11,0,9 10 11,0,68,,1227,21,0,9 10 11,0,204,,1217,11,0,9 26,0
35500,'723148100c272b183b65',803,,1218,21,0,9 26,0
35500,'7360781f782d14543c3f',1158,,1223,11,0,9 26,0,152,,1224,21,0,9 26,0,338,,1222,11,0,9 26,0
