39400,'012705765b230d454c07',1542,,1603,22,,,0
39400,'1443632b3566627b2e20',732,,1604,22,,,0,390,,1605,22,,,0,515,,1606,22,,,0
39400,'3a511f30370a721b2433',907,,859,22,,,0,640,,860,22,,,0
39400,'69181125652d7e4d6a80',732,,863,22,,,0,390,,864,22,,,0,515,,865,22,,,0
39400,'79634f716a31375a174a',907,,1609,22,,,0,640,,1610,22,,,0
39401,'1443632b3566627b2e20',922,,1611,21,,,0,890,,1612,21,,,0
39401,'3a511f30370a721b2433',1722,,872,21,,,0
39401,'5a1f120d085a5346570a',1312,,1614,21,,,0
39401,'69181125652d7e4d6a80',922,,875,21,,,0,890,,876,21,,,0
39401,'702c275e051204394d01',1312,,873,21,,,0
39401,'79634f716a31375a174a',1722,,1615,21,,,0
