35401,'1e386a27476c5b6e1461',1909,,1216,29,0,28 29,0
35401,'2f16807a52596335736c',1404,,1212,29,0,28 29,0,550,,1214,29,0,28 29,0
35401,'59737b0d0f044b52693e',1901,,1215,29,0,28 29,0
35500,'033e170961301f7a0308',750,,1649,13,0,9 26,0
35500,'055e00325b240c7d4777',905,,1220,13,0,9 10 11,0,715,,1219,13,0,9 10 11,0
35500,'126535785649426e467c',629,,1650,3,0,9 10 11,0,13,,1651,13,0,9 10 11,0
35500,'210a7c3e60384f725e7c',905,,1654,13,0,9 10 11,0,715,,1653,13,0,9 10 11,0
35500,'2530772d5b5960361a09',1144,,1223,3,0,9 26,0,112,,1224,13,0,9 26,0,378,,1222,3,0,9 26,0
35500,'4f67586f291357636e2f',1144,,1657,3,0,9 26,0,112,,1658,13,0,9 26,0,378,,1656,3,0,9 26,0
35500,'566406012b1e7e430018',904,,1659,3,0,9 26,0
35500,'59737b0d0f044b52693e',705,,1660,13,0,9 10 11,0
35500,'723148100c272b183b65',750,,1218,13,0,9 26,0
35500,'7249395f521c57637d3d',629,,1226,3,0,9 10 11,0,28,,1227,13,0,9 10 11,0,247,,1217,3,0,9 26,0
37501,'1e7832711c690d2e452a',1843,,1467,20,0,28 29,0
37501,'31744f7e5638320a2d4c',1250,,1465,20,0,28 29,0
