31400,'2b037649673f32451d0b',830,,126,13,,,0
31400,'3b0d0a205721144a1f02',830,,1058,13,,,0
32001,'2a5b3362091f52630354',1852,,151,4,0,137 138 139,0
32001,'3c046c2a04663d195765',1851,,152,4,0,137 138 139,0
37900,'02070559307629202a09',817,,732,12,0,65 66 67,0
37900,'16096334352325192d1f',1405,,1503,12,0,65 66 67,0
37900,'1f5759673f12020b0a50',819,,1504,12,0,65 66 67,0
37900,'2a08755845643968295b',817,,733,12,0,65 66 67,0
37900,'2a5b3362091f52630354',709,,735,12,0,65 66 67,0,5,,736,17,0,65 66 67,0
37900,'59737b0d0f044b52693e',819,,1506,12,0,65 66 67,0
37900,'69552d0660140f203513',1402,,738,12,0,65 66 67,0
37900,'7f443a14596255477616',709,,1508,12,0,65 66 67,0,5,,1509,16,0,65 66 67,0
