30501,'1e386a27476c5b6e1461',1909,,1053,20,0,31 32,0
30501,'2f16807a52596335736c',1725,,1048,20,0,31 32,0,200,,1049,20,0,31 32,0,90,,1050,20,0,31 32,0
30501,'71472061383531535e0f',1015,,1051,20,0,31 32,0,815,,1052,20,0,31 32,0
36501,'0e5131610429337c0530',749,,1420,28,0,135 25,0,156,,1421,28,0,166 32,0
36501,'1e386a27476c5b6e1461',706,,1436,28,0,132 117,0,1002,,1434,28,0,132 117,0,113,,1435,28,0,133 134,0
36501,'1f5759673f12020b0a50',1852,,1425,28,0,132 117,0
36501,'2a2423055d636f354b6d',1328,,1429,28,0,132 117,0,182,,1430,28,0,132 117,0
36501,'2c14404d6d61074b6d28',1005,,1426,28,0,133 134,0
36501,'2f16807a52596335736c',1849,,1422,28,0,132 117,0,85,,1423,28,0,133 134,0
36501,'3823594e52252d7f6b14',948,,1428,28,0,132 117,0,810,,1427,28,0,132 117,0
36501,'3c550d10735a472e4755',749,,1433,28,0,135 25,0
36501,'484f0e366a041c114e35',1005,,1432,28,0,133 134,0
36501,'59737b0d0f044b52693e',1808,,1431,28,0,133 134,0
