35701,'055e00325b240c7d4777',1127,,449,44,0,15 16 17,0
35701,'0d4e3278231744213640',1850,,1326,44,0,12 13 14,0
35701,'1e386a27476c5b6e1461',856,,1347,44,0,12 18 19,0,956,,1344,44,0,12 13 14,0,38,,1345,44,0,12 13 14,0,76,,1346,44,0,12 13 14,0
35701,'2f16807a52596335736c',1358,,1330,44,0,12 13 14,0,290,,1327,44,0,12 13 14,0,99,,1328,44,0,12 13 14,0,280,,1329,44,0,12 13 14,0
35701,'320823102b697f311363',908,,1331,44,0,12 13 14,0
35701,'332311354b01253e3615',918,,1332,44,0,12 18 19,0
35701,'3823594e52252d7f6b14',2007,,1333,44,0,12 13 14,0
35701,'59445e7d50034e156e11',1842,,1336,44,0,12 13 14,0
35701,'59737b0d0f044b52693e',842,,1339,44,0,12 13 14,0,965,,1337,44,0,12 13 14,0,110,,1338,44,0,12 13 14,0
35701,'61121d2d1b1669750837',1128,,1340,44,0,12 13 14,0
35701,'634b592b186b573b6758',1128,,1341,44,0,15 16 17,0
35701,'6d0c424c36686c087407',953,,1342,44,0,15 16 17,0
35701,'71472061383531535e0f',958,,1334,44,0,12 13 14,0,268,,1335,44,0,12 13 14,0
35701,'7c40501f37807a467b28',1226,,1343,44,0,15 16 17,0
