36501,'0e5131610429337c0530',745,,1420,25,0,135 25,0,156,,1421,25,0,166 32,0
36501,'1e386a27476c5b6e1461',702,,1436,25,0,132 117,0,1000,,1434,25,0,132 117,0,113,,1435,25,0,133 134,0
36501,'1f5759673f12020b0a50',1847,,1425,25,0,132 117,0
36501,'2a2423055d636f354b6d',1324,,1429,25,0,132 117,0,182,,1430,25,0,132 117,0
36501,'2c14404d6d61074b6d28',1001,,1426,25,0,133 134,0
36501,'2f16807a52596335736c',1845,,1422,25,0,132 117,0,84,,1423,25,0,133 134,0
36501,'3823594e52252d7f6b14',944,,1428,25,0,132 117,0,810,,1427,25,0,132 117,0
36501,'3c550d10735a472e4755',745,,1433,25,0,135 25,0
36501,'484f0e366a041c114e35',1001,,1432,25,0,133 134,0
36501,'59737b0d0f044b52693e',1805,,1431,25,0,133 134,0
