35600,'0a3c663a7d504d200835',1621,,1245,39,0,9 10 11,0,15,,1246,40,0,9 10 11,0
35600,'0b4a7276424731257409',1301,,377,38,0,9 10 11,0
35600,'0d7c5c285a59412d315b',1826,,1247,38,0,9 10 11,0
35600,'112a0b7f332a564f1678',1301,,1248,38,0,9 10 11,0
35600,'14187635613e43612170',1511,,1249,38,0,9 10 11,0
35600,'1a223768176411647430',1831,,1250,38,0,9 10 11,0
35600,'1c2e3625233d01453772',641,,1252,38,0,9 10 11,0,360,,1251,38,0,9 10 11,0
35600,'1e10375f42313a246a18',641,,393,38,0,9 10 11,0,360,,392,38,0,9 10 11,0
35600,'1f5759673f12020b0a50',701,,1253,38,0,9 10 11,0
35600,'2173665b1e6d5b0e5d56',701,,373,38,0,9 10 11,0
35600,'220e7e723c71704c1463',1511,,378,42,0,9 10 11,0,331,,379,42,0,9 10 11,0
35600,'31744f7e5638320a2d4c',1301,,1254,39,0,9 10 11,0,5,,1255,39,0,9 10 11,0
35600,'41213a3b2140284c7e40',1301,,380,38,0,9 10 11,0
35600,'4f0277002864772e6462',901,,1256,38,0,9 10 11,0
35600,'553d275f1455102c362a',1831,,1257,39,0,9 10 11,0,5,,1258,39,0,9 10 11,0
35600,'56061576073054406d39',1831,,1259,38,0,9 10 11,0
35600,'59737b0d0f044b52693e',701,,1261,38,0,9 10 11,0,40,,1262,38,0,9 10 11,0,70,,1263,38,0,9 10 11,0,920,,1260,38,0,9 10 11,0
35600,'5a622e2f735638475e4f',701,,384,38,0,9 10 11,0,40,,385,38,0,9 10 11,0,70,,386,38,0,9 10 11,0,920,,383,38,0,9 10 11,0
35600,'61121d2d1b1669750837',1126,,1264,38,0,9 10 11,0,800,,1265,38,0,9 10 11,0
35600,'614f756f5f66407a564d',901,,394,38,0,9 10 11,0
35600,'634b592b186b573b6758',1126,,1266,42,0,9 10 11,0,800,,1267,42,0,9 10 11,0
35600,'6a233617047119584137',1301,,1268,38,0,9 10 11,0
35600,'6d0c424c36686c087407',1511,,1269,42,0,9 10 11,0,320,,1270,42,0,9 10 11,0
35600,'7f443a14596255477616',701,,1273,38,0,9 10 11,0,45,,1274,38,0,9 10 11,0,70,,1275,38,0,9 10 11,0,920,,1271,39,0,9 10 11,0,174,,1272,39,0,9 10 11,0
35600,'80152c04633e535e6600',1126,,381,42,0,9 10 11,0,800,,382,42,0,9 10 11,0
