35600,'055e00325b240c7d4777',1145,,381,58,0,9 10 11,0,801,,382,58,0,9 10 11,0
35600,'0d7c5c285a59412d315b',1845,,1247,54,0,9 10 11,0
35600,'112a0b7f332a564f1678',1322,,1248,54,0,9 10 11,0
35600,'1a223768176411647430',1854,,1250,54,0,9 10 11,0
35600,'1e386a27476c5b6e1461',724,,1273,54,0,9 10 11,0,100,,1274,54,0,9 10 11,0,20,,1275,54,0,9 10 11,0,915,,1271,55,0,9 10 11,0,177,,1272,55,0,9 10 11,0
35600,'1e7832711c690d2e452a',1854,,1257,55,0,9 10 11,0,5,,1258,55,0,9 10 11,0
35600,'1f5759673f12020b0a50',720,,1253,54,0,9 10 11,0
35600,'2943795d360756687162',1532,,1249,54,0,9 10 11,0
35600,'2a2423055d636f354b6d',924,,1256,54,0,9 10 11,0
35600,'2a6804265d6c7a6d704c',1322,,1268,54,0,9 10 11,0
35600,'2f16807a52596335736c',700,,1252,54,0,9 10 11,0,322,,1251,54,0,9 10 11,0
35600,'31744f7e5638320a2d4c',1322,,1254,55,0,9 10 11,0,5,,1255,55,0,9 10 11,0
35600,'56061576073054406d39',1854,,1259,54,0,9 10 11,0
35600,'59737b0d0f044b52693e',720,,1261,54,0,9 10 11,0,82,,1262,54,0,9 10 11,0,30,,1263,54,0,9 10 11,0,922,,1260,54,0,9 10 11,0
35600,'61121d2d1b1669750837',1145,,1264,54,0,9 10 11,0,801,,1265,54,0,9 10 11,0
35600,'634b592b186b573b6758',1145,,1266,58,0,9 10 11,0,801,,1267,58,0,9 10 11,0
35600,'6d0c424c36686c087407',1532,,1269,58,0,9 10 11,0,322,,1270,58,0,9 10 11,0
