36300,'02070559307629202a09',1303,,593,16,0,9 10 11,0
36300,'1c2e3625233d01453772',714,,1393,16,0,9 10 11,0
36300,'1f5759673f12020b0a50',1304,,1394,16,0,9 10 11,0
36300,'296b622873433b653522',1303,,594,16,0,9 10 11,0
36300,'2a08755845643968295b',1728,,595,13,0,9 10 11,0
36300,'2a5b3362091f52630354',643,,596,16,0,9 10 11,0,285,,597,13,0,9 10 11,0
36300,'44487e3c3e7f21570e19',1304,,1395,16,0,9 10 11,0
36300,'4d7a6615443531084902',718,,598,16,0,9 10 11,0
36300,'59737b0d0f044b52693e',1729,,1396,13,0,9 10 11,0
36300,'7f443a14596255477616',644,,1397,16,0,9 10 11,0,285,,1398,13,0,9 10 11,0
