39400,'012705765b230d454c07',1547,,1603,26,,,0
39400,'1443632b3566627b2e20',737,,1604,26,,,0,390,,1605,26,,,0,515,,1606,26,,,0
39400,'3a511f30370a721b2433',912,,859,26,,,0,640,,860,26,,,0
39400,'69181125652d7e4d6a80',737,,863,26,,,0,390,,864,26,,,0,515,,865,26,,,0
39400,'79634f716a31375a174a',912,,1609,26,,,0,640,,1610,26,,,0
39401,'1443632b3566627b2e20',917,,1611,17,,,0,890,,1612,17,,,0
39401,'3a511f30370a721b2433',1717,,872,17,,,0
39401,'5a1f120d085a5346570a',1307,,1614,17,,,0
39401,'69181125652d7e4d6a80',917,,875,17,,,0,890,,876,17,,,0
39401,'702c275e051204394d01',1307,,873,17,,,0
39401,'79634f716a31375a174a',1717,,1615,17,,,0
