35700,'1a20552b5a400f716a1b',958,,428,43,0,9 10 11,0
35700,'220e7e723c71704c1463',743,,431,43,0,9 10 11,0,680,,429,47,0,9 10 11,0,395,,430,47,0,9 10 11,0
35700,'295d5e0567072f655d20',1848,,432,47,0,9 10 11,0
35700,'2a08755845643968295b',813,,433,43,0,9 10 11,0,10,,434,43,0,9 10 11,0
35700,'2a5b3362091f52630354',753,,437,43,0,9 10 11,0,65,,438,43,0,9 10 11,0,30,,439,43,0,9 10 11,0,575,,435,45,0,9 10 11,0,405,,436,43,0,9 10 11,0
35700,'4d7a6615443531084902',718,,441,43,0,9 10 11,0,385,,442,43,0,9 10 11,0,510,,440,43,0,9 10 11,0
35700,'693b6416011017175f3d',1413,,443,43,0,9 10 11,0
35800,'02070559307629202a09',842,,464,41,0,9 10 11,0,495,,465,42,0,9 10 11,0
35800,'1a20552b5a400f716a1b',934,,466,41,0,9 10 11,0
35800,'2a08755845643968295b',743,,467,42,0,9 10 11,0
35800,'2a5b3362091f52630354',721,,468,41,0,9 10 11,0,33,,469,42,0,9 10 11,0,68,,470,41,0,9 10 11,0,187,,471,41,0,9 10 11,0
35800,'2c295b0e5f4444502b59',1742,,472,41,0,9 10 11,0
35800,'4d7a6615443531084902',1325,,473,41,0,9 10 11,0
35800,'52166b36781a3037644c',1642,,474,41,0,9 10 11,0
