35701,'0d4e3278231744213640',1747,,1326,7,0,12 13 14,0
35701,'136e6b484c454e417465',1922,,446,7,0,12 13 14,0
35701,'1c2e3625233d01453772',1307,,1330,7,0,12 13 14,0,250,,1327,7,0,12 13 14,0,90,,1328,7,0,12 13 14,0,290,,1329,7,0,12 13 14,0
35701,'320823102b697f311363',822,,1331,7,0,12 13 14,0
35701,'332311354b01253e3615',822,,1332,7,0,12 18 19,0
35701,'3823594e52252d7f6b14',1922,,1333,7,0,12 13 14,0
35701,'3a4a044232474e33312b',1037,,449,7,0,15 16 17,0
35701,'3a511f30370a721b2433',822,,445,7,0,12 13 14,0
35701,'494a652c1e455e3d7c72',907,,1334,7,0,12 13 14,0,230,,1335,7,0,12 13 14,0
35701,'59445e7d50034e156e11',1747,,1336,7,0,12 13 14,0
35701,'59737b0d0f044b52693e',752,,1339,7,0,12 13 14,0,955,,1337,7,0,12 13 14,0,120,,1338,7,0,12 13 14,0
35701,'61121d2d1b1669750837',1037,,1340,7,0,12 13 14,0
35701,'634b592b186b573b6758',1037,,1341,7,0,15 16 17,0
35701,'69181125652d7e4d6a80',752,,452,7,0,12 13 14,0,385,,453,7,0,15 16 17,0,170,,463,7,0,12 13 14,0,250,,460,7,0,12 13 14,0,90,,461,7,0,12 13 14,0,60,,450,7,0,12 13 14,0,120,,451,7,0,12 13 14,0,110,,462,7,0,12 13 14,0
35701,'6d0c424c36686c087407',907,,1342,7,0,15 16 17,0
35701,'702c275e051204394d01',907,,448,7,0,15 16 17,0,840,,447,7,0,12 13 14,0
35701,'7c40501f37807a467b28',1137,,1343,7,0,15 16 17,0
35701,'7f443a14596255477616',752,,1347,7,0,12 18 19,0,955,,1344,7,0,12 13 14,0,40,,1345,7,0,12 13 14,0,80,,1346,7,0,12 13 14,0
35801,'136e6b484c454e417465',1004,,477,7,0,91 92,0,811,,478,7,0,91 92,0
35801,'1c2e3625233d01453772',1822,,1359,7,0,91 92,0
35801,'1f5759673f12020b0a50',1411,,1360,7,0,91 92,0,409,,1361,7,0,91 92,0
35801,'3823594e52252d7f6b14',1004,,1362,7,0,91 92,0,811,,1363,7,0,91 92,0
35801,'3a511f30370a721b2433',1411,,475,7,0,91 92,0,409,,476,7,0,91 92,0
35801,'494a652c1e455e3d7c72',1256,,1364,7,0,91 92,0
35801,'4f0277002864772e6462',911,,1365,7,0,91 92,0,806,,1366,7,0,93 94 95,0
35801,'69181125652d7e4d6a80',1822,,481,7,0,91 92,0
35801,'702c275e051204394d01',911,,482,7,0,91 92,0,806,,483,7,0,93 94 95,0
35801,'7f443a14596255477616',1741,,1367,7,0,91 92,0
