32700,'2a5b3362091f52630354',621,,191,11,0,60 2 61 62,0,105,,192,11,0,60 2 61 62,0,98,,193,12,0,60 2 61 62,0,177,,194,11,0,60 2 61 62,0,215,,195,11,0,60 2 61 62,0,536,,196,11,0,60 2 61 62,0
32700,'3c046c2a04663d195765',621,,197,11,0,60 2 61 62,0,105,,198,11,0,60 2 61 62,0,98,,199,12,0,60 2 61 62,0,177,,200,11,0,60 2 61 62,0,215,,201,11,0,60 2 61 62,0,536,,202,11,0,60 2 61 62,0
32701,'2a5b3362091f52630354',726,,203,3,0,56 2 57,0,526,,204,3,0,58 2 59,0,400,,205,3,0,58 2 59,0,150,,206,3,0,58 2 59,0,55,,207,3,0,58 2 59,0
32701,'3c046c2a04663d195765',726,,208,3,0,56 2 57,0,526,,209,3,0,58 2 59,0,400,,210,3,0,58 2 59,0,150,,211,3,0,58 2 59,0,55,,212,3,0,58 2 59,0
35000,'02070559307629202a09',826,,238,16,0,9 2 35 36 37 38,0
35000,'0a2f1e22095132130163',1820,,241,18,4,,0
35000,'2a08755845643968295b',756,,243,10,0,9 2 35 36 37 38,0
35000,'2a5b3362091f52630354',611,,244,10,0,9 2 35 36 37 38,0,45,,245,10,0,9 2 35 36 37 38,0,46,,246,10,0,9 2 35 36 37 38,0,51,,248,11,0,9 2 35 36 37 38,0
35000,'4d7a6615443531084902',636,,254,10,0,9 2 35 36 37 38,0,77,,255,16,0,9 2 35 36 37 38,0,140,,250,16,0,9 2 35 36 37 38,0,387,,251,18,4,,0,296,,252,10,0,9 2 35 36 37 38,0,204,,253,18,4,,0
35000,'725616403949496a5c67',1324,,258,18,4,,0
