35501,'033e170961301f7a0308',922,,1662,20,0,20 21 22,0,392,,1663,20,0,20 21 22,0,323,,1661,20,0,20 21 22,0
35501,'055e00325b240c7d4777',1102,,1235,22,0,20 21 22,0,715,,1234,22,0,20 21 22,0
35501,'126535785649426e467c',846,,1666,22,0,49 50,0,795,,1664,20,0,20 21 22,0,180,,1665,20,0,20 21 22,0
35501,'191b086669276f0a2c02',1316,,1239,20,0,20 21 22,0
35501,'210a7c3e60384f725e7c',1102,,1668,22,0,20 21 22,0,715,,1667,22,0,20 21 22,0
35501,'371d2f0f7337032c2b25',1321,,1233,20,0,20 21 22,0
35501,'3a3841530321505b7b18',1316,,1669,20,0,20 21 22,0
35501,'4f67586f291357636e2f',1606,,1670,20,0,49 50,0,311,,1671,22,0,20 21 22,0
35501,'566406012b1e7e430018',1116,,1673,20,0,49 50,0
35501,'59737b0d0f044b52693e',1317,,1675,20,0,20 21 22,0,320,,1674,20,0,20 21 22,0
35501,'5d21673510580b5d6c6e',1321,,1676,20,0,20 21 22,0
35501,'5d5f40704724192d5825',846,,1244,22,0,49 50,0,270,,1229,20,0,49 50,0,525,,1242,20,0,20 21 22,0,175,,1243,20,0,20 21 22,0
35501,'723148100c272b183b65',922,,1231,20,0,20 21 22,0,392,,1232,20,0,20 21 22,0,323,,1230,20,0,20 21 22,0
35501,'7360781f782d14543c3f',1606,,1236,20,0,49 50,0,311,,1237,22,0,20 21 22,0
