35100,'1f5759673f12020b0a50',802,,1159,11,0,9 10 11,0,333,,1160,11,0,9 10 11,0
35100,'2a08755845643968295b',1135,,291,11,0,9 10 11,0
35100,'300d603a345a5010103b',1047,,298,11,0,9 10 11,0,267,,296,11,0,9 10 11,0,110,,297,11,0,9 10 11,0
35100,'3823594e52252d7f6b14',846,,1165,11,0,9 10 11,0,785,,1164,11,0,9 10 11,0
35100,'4f0277002864772e6462',1047,,1168,11,0,9 10 11,0,267,,1166,11,0,9 10 11,0,110,,1167,11,0,9 10 11,0
35100,'59737b0d0f044b52693e',1135,,1171,11,0,9 10 11,0
35100,'5c112750394b6b07283a',802,,285,11,0,9 10 11,0,333,,286,11,0,9 10 11,0
35100,'75034b1d5a2e41380d0c',846,,290,11,0,9 10 11,0,785,,289,11,0,9 10 11,0
35100,'7f443a14596255477616',616,,1172,11,0,9 10 11,0,17,,1173,11,0,9 10 11,0
37500,'7f443a14596255477616',738,,1464,11,0,23 24 18,0
