35700,'136e6b484c454e417465',954,,428,40,0,9 10 11,0
35700,'1c2e3625233d01453772',712,,1309,40,0,9 10 11,0,346,,1310,40,0,9 10 11,0,549,,1308,40,0,9 10 11,0
35700,'320823102b697f311363',1418,,1311,40,0,9 10 11,0
35700,'3823594e52252d7f6b14',954,,1312,40,0,9 10 11,0
35700,'3a4a044232474e33312b',1843,,432,44,0,9 10 11,0
35700,'3f575e1f5f6d63575f07',742,,1313,40,0,9 10 11,0
35700,'416039027b4e59137846',1408,,1314,40,0,9 10 11,0
35700,'494a652c1e455e3d7c72',1418,,1315,42,0,9 10 11,0,404,,1316,40,0,9 10 11,0
35700,'59445e7d50034e156e11',729,,1317,40,0,9 10 11,0
35700,'59737b0d0f044b52693e',751,,1318,40,0,9 10 11,0,65,,1319,40,0,9 10 11,0
35700,'61121d2d1b1669750837',1843,,1320,40,0,9 10 11,0
35700,'634b592b186b573b6758',1843,,1321,44,0,9 10 11,0
35700,'69181125652d7e4d6a80',712,,441,40,0,9 10 11,0,89,,433,40,0,9 10 11,0,15,,434,40,0,9 10 11,0,242,,442,40,0,9 10 11,0,549,,440,40,0,9 10 11,0
35700,'6d0c424c36686c087407',1418,,1322,44,0,9 10 11,0,396,,1323,44,0,9 10 11,0
35700,'702c275e051204394d01',739,,431,40,0,9 10 11,0,679,,429,44,0,9 10 11,0,396,,430,44,0,9 10 11,0
35700,'7f443a14596255477616',803,,1324,40,0,9 10 11,0,30,,1325,40,0,9 10 11,0
