37600,'1e7832711c690d2e452a',1758,,1477,9,0,7 8,0,91,,1478,10,0,7 8,0
37600,'1f5759673f12020b0a50',815,,1472,1,0,7 8,0
37600,'2a2423055d636f354b6d',655,,1474,1,0,7 8,0,255,,1475,1,0,7 8,0,235,,1476,1,0,7 8,0
37600,'2f16807a52596335736c',640,,1468,1,0,7 8,0,173,,1469,9,0,7 8,0,587,,1470,1,0,7 8,0,310,,1471,1,0,7 8,0
37600,'31744f7e5638320a2d4c',1249,,1473,10,0,7 8,0
37601,'112a0b7f332a564f1678',1330,,1479,20,4,,0
37601,'1e386a27476c5b6e1461',735,,1490,20,0,120 10 11,0
37601,'1e7832711c690d2e452a',1825,,1487,20,4,,0
37601,'2a2423055d636f354b6d',1910,,1486,20,4,,0
37601,'2a6804265d6c7a6d704c',1330,,1489,20,4,,0
37601,'2f16807a52596335736c',820,,1481,20,4,,0,900,,1482,20,0,120 10 11,0,220,,1480,20,4,,0
37601,'31744f7e5638320a2d4c',1335,,1483,20,4,,0,70,,1484,20,4,,0,410,,1485,20,4,,0
37601,'59737b0d0f044b52693e',1815,,1488,20,4,,0
