36300,'02070559307629202a09',1304,,593,17,0,9 10 11,0
36300,'1c2e3625233d01453772',716,,1393,17,0,9 10 11,0
36300,'1f5759673f12020b0a50',1305,,1394,17,0,9 10 11,0
36300,'296b622873433b653522',1304,,594,17,0,9 10 11,0
36300,'2a08755845643968295b',1730,,595,14,0,9 10 11,0
36300,'2a5b3362091f52630354',645,,596,17,0,9 10 11,0,285,,597,14,0,9 10 11,0
36300,'44487e3c3e7f21570e19',1305,,1395,17,0,9 10 11,0
36300,'4d7a6615443531084902',720,,598,17,0,9 10 11,0
36300,'59737b0d0f044b52693e',1731,,1396,14,0,9 10 11,0
36300,'7f443a14596255477616',645,,1397,17,0,9 10 11,0,286,,1398,14,0,9 10 11,0
