36301,'1e386a27476c5b6e1461',1322,,1401,11,0,31 32,0,408,,1402,11,0,31 32,0
36301,'2a2423055d636f354b6d',1856,,1400,11,0,31 32,0
36301,'2f16807a52596335736c',914,,1399,11,0,31 32,0
36501,'0e5131610429337c0530',713,,1420,11,0,135 25,0,112,,1421,11,0,166 32,0
36501,'1e386a27476c5b6e1461',631,,1436,11,0,132 117,0,992,,1434,11,0,132 117,0,104,,1435,11,0,133 134,0
36501,'1f5759673f12020b0a50',1809,,1425,11,0,132 117,0
36501,'2a2423055d636f354b6d',1253,,1429,11,0,132 117,0,180,,1430,11,0,132 117,0
36501,'2c14404d6d61074b6d28',925,,1426,11,0,133 134,0
36501,'2f16807a52596335736c',1802,,1422,11,0,132 117,0,51,,1423,11,0,133 134,0
36501,'3823594e52252d7f6b14',912,,1428,11,0,132 117,0,810,,1427,11,0,132 117,0
36501,'3c550d10735a472e4755',713,,1433,11,0,135 25,0
36501,'484f0e366a041c114e35',925,,1432,11,0,133 134,0
36501,'59737b0d0f044b52693e',1726,,1431,11,0,133 134,0
