35600,'055e00325b240c7d4777',1120,,381,36,0,9 10 11,0,800,,382,36,0,9 10 11,0
35600,'0a3c663a7d504d200835',1615,,1245,33,0,9 10 11,0,15,,1246,34,0,9 10 11,0
35600,'0d7c5c285a59412d315b',1820,,1247,32,0,9 10 11,0
35600,'112a0b7f332a564f1678',1255,,1248,32,0,9 10 11,0
35600,'1a223768176411647430',1825,,1250,32,0,9 10 11,0
35600,'1e386a27476c5b6e1461',655,,1273,32,0,9 10 11,0,85,,1274,32,0,9 10 11,0,70,,1275,32,0,9 10 11,0,920,,1271,33,0,9 10 11,0,174,,1272,33,0,9 10 11,0
35600,'1e7832711c690d2e452a',1825,,1257,33,0,9 10 11,0,5,,1258,33,0,9 10 11,0
35600,'1f5759673f12020b0a50',655,,1253,32,0,9 10 11,0
35600,'2943795d360756687162',1505,,1249,32,0,9 10 11,0
35600,'2a2423055d636f354b6d',855,,1256,32,0,9 10 11,0
35600,'2a6804265d6c7a6d704c',1255,,1268,32,0,9 10 11,0
35600,'2f16807a52596335736c',635,,1252,32,0,9 10 11,0,320,,1251,32,0,9 10 11,0
35600,'31744f7e5638320a2d4c',1255,,1254,33,0,9 10 11,0,45,,1255,33,0,9 10 11,0
35600,'56061576073054406d39',1825,,1259,32,0,9 10 11,0
35600,'59737b0d0f044b52693e',655,,1261,32,0,9 10 11,0,80,,1262,32,0,9 10 11,0,70,,1263,32,0,9 10 11,0,920,,1260,32,0,9 10 11,0
35600,'61121d2d1b1669750837',1120,,1264,32,0,9 10 11,0,800,,1265,32,0,9 10 11,0
35600,'634b592b186b573b6758',1120,,1266,36,0,9 10 11,0,800,,1267,36,0,9 10 11,0
35600,'6d0c424c36686c087407',1505,,1269,36,0,9 10 11,0,320,,1270,36,0,9 10 11,0
