35700,'055e00325b240c7d4777',1834,,432,37,0,9 10 11,0
35700,'0a3c663a7d504d200835',1727,,1307,33,0,9 10 11,0
35700,'1e386a27476c5b6e1461',744,,1324,33,0,9 10 11,0,68,,1325,33,0,9 10 11,0
35700,'2f16807a52596335736c',657,,1309,33,0,9 10 11,0,390,,1310,33,0,9 10 11,0,500,,1308,33,0,9 10 11,0
35700,'320823102b697f311363',1407,,1311,33,0,9 10 11,0
35700,'321e5f70685c1473436a',721,,1313,33,0,9 10 11,0
35700,'3823594e52252d7f6b14',946,,1312,33,0,9 10 11,0
35700,'416039027b4e59137846',1357,,1314,33,0,9 10 11,0
35700,'59445e7d50034e156e11',717,,1317,33,0,9 10 11,0
35700,'59737b0d0f044b52693e',737,,1318,33,0,9 10 11,0,68,,1319,33,0,9 10 11,0
35700,'61121d2d1b1669750837',1834,,1320,33,0,9 10 11,0
35700,'634b592b186b573b6758',1834,,1321,37,0,9 10 11,0
35700,'6d0c424c36686c087407',1407,,1322,37,0,9 10 11,0,393,,1323,37,0,9 10 11,0
35700,'71472061383531535e0f',1407,,1315,35,0,9 10 11,0,394,,1316,33,0,9 10 11,0
