35600,'02070559307629202a09',708,,373,44,0,9 10 11,0
35600,'0a2f1e22095132130163',1838,,374,45,0,9 10 11,0,5,,375,45,0,9 10 11,0
35600,'0a3c663a7d504d200835',1628,,1245,45,0,9 10 11,0,15,,1246,46,0,9 10 11,0
35600,'0d7c5c285a59412d315b',1833,,1247,44,0,9 10 11,0
35600,'112a0b7f332a564f1678',1308,,1248,44,0,9 10 11,0
35600,'14187635613e43612170',1518,,1249,44,0,9 10 11,0
35600,'1a223768176411647430',1838,,1250,44,0,9 10 11,0
35600,'1c2e3625233d01453772',648,,1252,44,0,9 10 11,0,360,,1251,44,0,9 10 11,0
35600,'1c42311e025d3b40504f',1743,,376,45,0,9 10 11,0
35600,'1f5759673f12020b0a50',708,,1253,44,0,9 10 11,0
35600,'200a2d69427732221f48',1308,,377,44,0,9 10 11,0
35600,'220e7e723c71704c1463',1518,,378,48,0,9 10 11,0,330,,379,48,0,9 10 11,0
35600,'2752046f425a49721d09',1308,,380,44,0,9 10 11,0
35600,'295d5e0567072f655d20',1133,,381,48,0,9 10 11,0,800,,382,48,0,9 10 11,0
35600,'2a08755845643968295b',708,,384,44,0,9 10 11,0,40,,385,44,0,9 10 11,0,70,,386,44,0,9 10 11,0,920,,383,44,0,9 10 11,0
35600,'2a5b3362091f52630354',708,,389,44,0,9 10 11,0,47,,390,44,0,9 10 11,0,70,,391,44,0,9 10 11,0,693,,387,44,0,9 10 11,0,399,,388,45,0,9 10 11,0
35600,'31744f7e5638320a2d4c',1308,,1254,45,0,9 10 11,0,5,,1255,45,0,9 10 11,0
35600,'4d7a6615443531084902',648,,393,44,0,9 10 11,0,360,,392,44,0,9 10 11,0
35600,'4f0277002864772e6462',908,,1256,44,0,9 10 11,0
35600,'52166b36781a3037644c',908,,394,44,0,9 10 11,0
35600,'553d275f1455102c362a',1838,,1257,45,0,9 10 11,0,5,,1258,45,0,9 10 11,0
35600,'56061576073054406d39',1838,,1259,44,0,9 10 11,0
35600,'59737b0d0f044b52693e',708,,1261,44,0,9 10 11,0,40,,1262,44,0,9 10 11,0,70,,1263,44,0,9 10 11,0,920,,1260,44,0,9 10 11,0
35600,'61121d2d1b1669750837',1133,,1264,44,0,9 10 11,0,800,,1265,44,0,9 10 11,0
35600,'634b592b186b573b6758',1133,,1266,48,0,9 10 11,0,800,,1267,48,0,9 10 11,0
35600,'693b6416011017175f3d',1628,,395,45,0,9 10 11,0,15,,396,46,0,9 10 11,0,100,,397,46,0,9 10 11,0
35600,'6a233617047119584137',1308,,1268,44,0,9 10 11,0
35600,'6d0c424c36686c087407',1518,,1269,48,0,9 10 11,0,320,,1270,48,0,9 10 11,0
35600,'725616403949496a5c67',1308,,398,45,0,9 10 11,0,5,,399,45,0,9 10 11,0,525,,401,44,0,9 10 11,0
35600,'7f443a14596255477616',708,,1273,44,0,9 10 11,0,47,,1274,44,0,9 10 11,0,70,,1275,44,0,9 10 11,0,918,,1271,45,0,9 10 11,0,174,,1272,45,0,9 10 11,0
