35700,'055e00325b240c7d4777',1802,,432,14,0,9 10 11,0
35700,'0a3c663a7d504d200835',1655,,1307,10,0,9 10 11,0
35700,'1e386a27476c5b6e1461',706,,1324,10,0,9 10 11,0,30,,1325,10,0,9 10 11,0
35700,'2f16807a52596335736c',625,,1309,10,0,9 10 11,0,390,,1310,10,0,9 10 11,0,500,,1308,10,0,9 10 11,0
35700,'320823102b697f311363',1335,,1311,10,0,9 10 11,0
35700,'321e5f70685c1473436a',645,,1313,10,0,9 10 11,0
35700,'3823594e52252d7f6b14',916,,1312,10,0,9 10 11,0
35700,'416039027b4e59137846',1325,,1314,10,0,9 10 11,0
35700,'59445e7d50034e156e11',645,,1317,10,0,9 10 11,0
35700,'59737b0d0f044b52693e',705,,1318,10,0,9 10 11,0,30,,1319,10,0,9 10 11,0
35700,'61121d2d1b1669750837',1802,,1320,10,0,9 10 11,0
35700,'634b592b186b573b6758',1802,,1321,14,0,9 10 11,0
35700,'6d0c424c36686c087407',1335,,1322,14,0,9 10 11,0,395,,1323,14,0,9 10 11,0
35700,'71472061383531535e0f',1335,,1315,12,0,9 10 11,0,395,,1316,10,0,9 10 11,0
