31900,'2a2423055d636f354b6d',1258,,1076,16,0,9 68 38,0
31900,'2f16807a52596335736c',640,,1073,15,0,9 68 38,0,83,,1074,16,0,9 68 38,0,117,,1075,15,0,9 68 38,0
35800,'1e386a27476c5b6e1461',657,,1356,20,0,9 10 11,0,59,,1357,19,0,9 10 11,0,195,,1358,19,0,9 10 11,0
35800,'1f5759673f12020b0a50',756,,1349,19,0,9 10 11,0,497,,1350,20,0,9 10 11,0
35800,'2a2423055d636f354b6d',1556,,1353,19,0,9 10 11,0
35800,'2f16807a52596335736c',1241,,1348,19,0,9 10 11,0
35800,'3823594e52252d7f6b14',856,,1351,19,0,9 10 11,0
35800,'59737b0d0f044b52693e',656,,1354,20,0,9 10 11,0
35800,'71472061383531535e0f',637,,1352,19,0,9 10 11,0
35800,'7a7c2673351c18595c18',1656,,1355,19,0,9 10 11,0
