35701,'0d4e3278231744213640',1750,,1326,8,0,12 13 14,0
35701,'136e6b484c454e417465',1923,,446,8,0,12 13 14,0
35701,'1c2e3625233d01453772',1309,,1330,8,0,12 13 14,0,250,,1327,8,0,12 13 14,0,91,,1328,8,0,12 13 14,0,289,,1329,8,0,12 13 14,0
35701,'320823102b697f311363',823,,1331,8,0,12 13 14,0
35701,'332311354b01253e3615',825,,1332,8,0,12 18 19,0
35701,'3823594e52252d7f6b14',1923,,1333,8,0,12 13 14,0
35701,'3a4a044232474e33312b',1038,,449,8,0,15 16 17,0
35701,'3a511f30370a721b2433',823,,445,8,0,12 13 14,0
35701,'494a652c1e455e3d7c72',909,,1334,8,0,12 13 14,0,230,,1335,8,0,12 13 14,0
35701,'59445e7d50034e156e11',1749,,1336,8,0,12 13 14,0
35701,'59737b0d0f044b52693e',754,,1339,8,0,12 13 14,0,956,,1337,8,0,12 13 14,0,119,,1338,8,0,12 13 14,0
35701,'61121d2d1b1669750837',1038,,1340,8,0,12 13 14,0
35701,'634b592b186b573b6758',1038,,1341,8,0,15 16 17,0
35701,'69181125652d7e4d6a80',754,,452,8,0,12 13 14,0,385,,453,8,0,15 16 17,0,170,,463,8,0,12 13 14,0,250,,460,8,0,12 13 14,0,91,,461,8,0,12 13 14,0,60,,450,8,0,12 13 14,0,119,,451,8,0,12 13 14,0,110,,462,8,0,12 13 14,0
35701,'6d0c424c36686c087407',908,,1342,8,0,15 16 17,0
35701,'702c275e051204394d01',908,,448,8,0,15 16 17,0,841,,447,8,0,12 13 14,0
35701,'7c40501f37807a467b28',1139,,1343,8,0,15 16 17,0
35701,'7f443a14596255477616',755,,1347,8,0,12 18 19,0,955,,1344,8,0,12 13 14,0,40,,1345,8,0,12 13 14,0,80,,1346,8,0,12 13 14,0
