36901,'1e386a27476c5b6e1461',1715,,1449,24,0,128 129,0,114,,1450,24,0,130 131,0
36901,'1f5759673f12020b0a50',1714,,1445,24,0,128 129,0
36901,'2f16807a52596335736c',1909,,1443,24,0,128 129,0,30,,1444,24,0,128 129,0
36901,'3823594e52252d7f6b14',1116,,1446,24,0,130 131,0,740,,1447,24,0,130 131,0
36901,'71472061383531535e0f',1346,,1448,24,0,128 129,0
37301,'1e386a27476c5b6e1461',1752,,1462,24,0,143 45,0
37301,'1f5759673f12020b0a50',1517,,1459,24,0,143 45,0
37301,'2a2423055d636f354b6d',1905,,1461,24,0,143 45,0
37301,'2f16807a52596335736c',938,,1457,24,0,143 45,0,888,,1458,24,0,143 45,0
37301,'31744f7e5638320a2d4c',1347,,1460,24,0,143 45,0
