31800,'2a2423055d636f354b6d',1327,,1069,39,0,9 68 38,0
31800,'2f16807a52596335736c',713,,1067,39,0,9 68 38,0,43,,1068,39,0,9 68 38,0
31900,'2a2423055d636f354b6d',1325,,1076,30,0,9 68 38,0
31900,'2f16807a52596335736c',708,,1073,29,0,9 68 38,0,43,,1074,30,0,9 68 38,0,157,,1075,29,0,9 68 38,0
35800,'1e386a27476c5b6e1461',729,,1356,34,0,9 10 11,0,22,,1357,33,0,9 10 11,0,193,,1358,33,0,9 10 11,0
35800,'1f5759673f12020b0a50',821,,1349,33,0,9 10 11,0,497,,1350,34,0,9 10 11,0
35800,'2a2423055d636f354b6d',1622,,1353,33,0,9 10 11,0
35800,'2f16807a52596335736c',1307,,1348,33,0,9 10 11,0
35800,'3823594e52252d7f6b14',919,,1351,33,0,9 10 11,0
35800,'59737b0d0f044b52693e',722,,1354,34,0,9 10 11,0
35800,'71472061383531535e0f',706,,1352,33,0,9 10 11,0
35800,'7a7c2673351c18595c18',1722,,1355,33,0,9 10 11,0
