30500,'1e386a27476c5b6e1461',553,,1047,7,0,9 30,0
30500,'2f16807a52596335736c',628,,1042,7,0,9 30,0,30,,1043,7,0,9 30,0,70,,1044,7,0,9 30,0
30500,'71472061383531535e0f',848,,1045,7,0,9 30,0,680,,1046,7,0,9 30,0
36500,'0e5131610429337c0530',928,,1403,16,0,9 10 11,0
36500,'1c486c5002601c4a534a',1707,,1407,15,0,9 10 11,0
36500,'1e386a27476c5b6e1461',757,,1419,30,0,9 10 11,0,657,,1418,30,0,9 10 11,0
36500,'1e7832711c690d2e452a',1704,,1416,16,0,9 10 11,0
36500,'1f5759673f12020b0a50',750,,1408,29,0,9 10 11,0
36500,'2a2423055d636f354b6d',1813,,1415,30,0,9 10 11,0
36500,'2c14404d6d61074b6d28',1239,,1409,29,0,9 10 11,0
36500,'2f16807a52596335736c',648,,1404,30,0,9 10 11,0,80,,1406,15,0,9 10 11,0
36500,'2f6b6069415f08614303',1239,,1410,30,0,9 10 11,0
36500,'31744f7e5638320a2d4c',1327,,1411,12,0,9 10 11,0
36500,'3823594e52252d7f6b14',1007,,1413,30,0,9 10 11,0,813,,1412,30,0,9 10 11,0
36500,'3c550d10735a472e4755',931,,1417,17,0,9 10 11,0
36500,'71472061383531535e0f',635,,1414,15,0,9 10 11,0
