35501,'033e170961301f7a0308',903,,1662,11,0,20 21 22,0,353,,1663,11,0,20 21 22,0,362,,1661,11,0,20 21 22,0
35501,'055e00325b240c7d4777',1043,,1235,13,0,20 21 22,0,715,,1234,13,0,20 21 22,0
35501,'12050f054d0a0f53752f',1258,,1239,11,0,20 21 22,0
35501,'126535785649426e467c',830,,1666,13,0,49 50,0,793,,1664,11,0,20 21 22,0,182,,1665,11,0,20 21 22,0
35501,'210a7c3e60384f725e7c',1043,,1668,13,0,20 21 22,0,715,,1667,13,0,20 21 22,0
35501,'2530772d5b5960361a09',1413,,1238,11,0,72 25,0,135,,1236,11,0,49 50,0,310,,1237,13,0,20 21 22,0
35501,'371d2f0f7337032c2b25',1303,,1233,11,0,20 21 22,0
35501,'3a3841530321505b7b18',1258,,1669,11,0,20 21 22,0
35501,'4f67586f291357636e2f',1413,,1672,11,0,72 25,0,135,,1670,11,0,49 50,0,310,,1671,13,0,20 21 22,0
35501,'566406012b1e7e430018',1058,,1673,11,0,49 50,0
35501,'59737b0d0f044b52693e',1258,,1675,11,0,20 21 22,0,360,,1674,11,0,20 21 22,0
35501,'5d21673510580b5d6c6e',1303,,1676,11,0,20 21 22,0
35501,'723148100c272b183b65',903,,1231,11,0,20 21 22,0,353,,1232,11,0,20 21 22,0,362,,1230,11,0,20 21 22,0
35501,'7249395f521c57637d3d',830,,1244,13,0,49 50,0,228,,1229,11,0,49 50,0,565,,1242,11,0,20 21 22,0,177,,1243,11,0,20 21 22,0
