31800,'2a2423055d636f354b6d',1330,,1069,40,0,9 68 38,0
31800,'2f16807a52596335736c',715,,1067,40,0,9 68 38,0,44,,1068,40,0,9 68 38,0
31900,'2a2423055d636f354b6d',1327,,1076,31,0,9 68 38,0
31900,'2f16807a52596335736c',710,,1073,30,0,9 68 38,0,43,,1074,31,0,9 68 38,0,157,,1075,30,0,9 68 38,0
35800,'1e386a27476c5b6e1461',730,,1356,35,0,9 10 11,0,23,,1357,34,0,9 10 11,0,192,,1358,34,0,9 10 11,0
35800,'1f5759673f12020b0a50',822,,1349,34,0,9 10 11,0,497,,1350,35,0,9 10 11,0
35800,'2a2423055d636f354b6d',1623,,1353,34,0,9 10 11,0
35800,'2f16807a52596335736c',1308,,1348,34,0,9 10 11,0
35800,'3823594e52252d7f6b14',920,,1351,34,0,9 10 11,0
35800,'59737b0d0f044b52693e',724,,1354,35,0,9 10 11,0
35800,'71472061383531535e0f',707,,1352,34,0,9 10 11,0
35800,'7a7c2673351c18595c18',1723,,1355,34,0,9 10 11,0
