35600,'055e00325b240c7d4777',1109,,381,26,0,9 10 11,0,800,,382,26,0,9 10 11,0
35600,'0a3c663a7d504d200835',1604,,1245,23,0,9 10 11,0,15,,1246,24,0,9 10 11,0
35600,'0d7c5c285a59412d315b',1809,,1247,22,0,9 10 11,0
35600,'112a0b7f332a564f1678',1244,,1248,22,0,9 10 11,0
35600,'1a223768176411647430',1814,,1250,22,0,9 10 11,0
35600,'1e386a27476c5b6e1461',645,,1273,22,0,9 10 11,0,84,,1274,22,0,9 10 11,0,30,,1275,22,0,9 10 11,0,960,,1271,23,0,9 10 11,0,134,,1272,23,0,9 10 11,0
35600,'1e7832711c690d2e452a',1814,,1257,23,0,9 10 11,0,5,,1258,23,0,9 10 11,0
35600,'1f5759673f12020b0a50',645,,1253,22,0,9 10 11,0
35600,'2943795d360756687162',1454,,1249,22,0,9 10 11,0
35600,'2a2423055d636f354b6d',844,,1256,22,0,9 10 11,0
35600,'2a6804265d6c7a6d704c',1244,,1268,22,0,9 10 11,0
35600,'2f16807a52596335736c',625,,1252,22,0,9 10 11,0,319,,1251,22,0,9 10 11,0
35600,'31744f7e5638320a2d4c',1244,,1254,23,0,9 10 11,0,5,,1255,23,0,9 10 11,0
35600,'56061576073054406d39',1814,,1259,22,0,9 10 11,0
35600,'59737b0d0f044b52693e',645,,1261,22,0,9 10 11,0,80,,1262,22,0,9 10 11,0,29,,1263,22,0,9 10 11,0,960,,1260,22,0,9 10 11,0
35600,'61121d2d1b1669750837',1109,,1264,22,0,9 10 11,0,800,,1265,22,0,9 10 11,0
35600,'634b592b186b573b6758',1109,,1266,26,0,9 10 11,0,800,,1267,26,0,9 10 11,0
35600,'6d0c424c36686c087407',1454,,1269,26,0,9 10 11,0,360,,1270,26,0,9 10 11,0
