36300,'02070559307629202a09',1257,,593,15,0,9 10 11,0
36300,'1c2e3625233d01453772',708,,1393,15,0,9 10 11,0
36300,'1f5759673f12020b0a50',1258,,1394,15,0,9 10 11,0
36300,'296b622873433b653522',1257,,594,15,0,9 10 11,0
36300,'2a08755845643968295b',1721,,595,12,0,9 10 11,0
36300,'2a5b3362091f52630354',636,,596,15,0,9 10 11,0,285,,597,12,0,9 10 11,0
36300,'44487e3c3e7f21570e19',1258,,1395,15,0,9 10 11,0
36300,'4d7a6615443531084902',708,,598,15,0,9 10 11,0
36300,'59737b0d0f044b52693e',1723,,1396,12,0,9 10 11,0
36300,'7f443a14596255477616',638,,1397,15,0,9 10 11,0,285,,1398,12,0,9 10 11,0
