35101,'1c2e3625233d01453772',1239,,1175,9,0,23 24 18,0
35101,'1f5759673f12020b0a50',1927,,1176,40,0,20 21 22,0
35101,'300d603a345a5010103b',957,,312,40,0,20 21 22,0,380,,313,40,0,20 21 22,0,190,,314,40,0,20 21 22,0
35101,'31744f7e5638320a2d4c',1430,,1177,49,0,20 21 22,0
35101,'3823594e52252d7f6b14',1042,,1178,40,0,20 21 22,0
35101,'485f012a2c6b445e7a47',1842,,310,40,0,20 21 22,0
35101,'4f0277002864772e6462',957,,1179,40,0,20 21 22,0,380,,1180,40,0,20 21 22,0,190,,1181,40,0,20 21 22,0
35101,'5c112750394b6b07283a',1927,,302,40,0,20 21 22,0
35101,'5e30330704346c1e144e',1239,,311,9,0,23 24 18,0
35101,'75034b1d5a2e41380d0c',1042,,303,40,0,20 21 22,0
35101,'7a7c2673351c18595c18',1842,,1182,40,0,20 21 22,0
35101,'7f443a14596255477616',732,,1187,48,0,23 24 18,0,111,,1188,49,0,23 24 18,0,1063,,1184,49,0,20 21 22,0,106,,1185,40,0,20 21 22,0
