30501,'1e386a27476c5b6e1461',1913,,1053,24,0,31 32,0
30501,'2f16807a52596335736c',1731,,1048,24,0,31 32,0,197,,1049,24,0,31 32,0,90,,1050,24,0,31 32,0
30501,'71472061383531535e0f',1018,,1051,24,0,31 32,0,818,,1052,24,0,31 32,0
36501,'0e5131610429337c0530',753,,1420,32,0,135 25,0,156,,1421,32,0,166 32,0
36501,'1e386a27476c5b6e1461',710,,1436,32,0,132 117,0,1002,,1434,32,0,132 117,0,113,,1435,32,0,133 134,0
36501,'1f5759673f12020b0a50',1855,,1425,32,0,132 117,0
36501,'2a2423055d636f354b6d',1332,,1429,32,0,132 117,0,182,,1430,32,0,132 117,0
36501,'2c14404d6d61074b6d28',1009,,1426,32,0,133 134,0
36501,'2f16807a52596335736c',1853,,1422,32,0,132 117,0,83,,1423,32,0,133 134,0
36501,'3823594e52252d7f6b14',951,,1428,32,0,132 117,0,851,,1427,32,0,132 117,0
36501,'3c550d10735a472e4755',753,,1433,32,0,135 25,0
36501,'484f0e366a041c114e35',1009,,1432,32,0,133 134,0
36501,'59737b0d0f044b52693e',1813,,1431,32,0,133 134,0
