35101,'1e386a27476c5b6e1461',1919,,1184,57,0,20 21 22,0,110,,1185,48,0,20 21 22,0
35101,'1f5759673f12020b0a50',1944,,1176,48,0,20 21 22,0
35101,'2a2423055d636f354b6d',1014,,1179,48,0,20 21 22,0,340,,1180,48,0,20 21 22,0,190,,1181,48,0,20 21 22,0
35101,'31744f7e5638320a2d4c',1444,,1177,57,0,20 21 22,0
35101,'3823594e52252d7f6b14',1059,,1178,48,0,20 21 22,0
35101,'7a7c2673351c18595c18',1859,,1182,48,0,20 21 22,0
35501,'033e170961301f7a0308',1007,,1662,36,0,20 21 22,0,345,,1663,36,0,20 21 22,0,370,,1661,36,0,20 21 22,0
35501,'055e00325b240c7d4777',1147,,1235,38,0,20 21 22,0,755,,1234,38,0,20 21 22,0
35501,'12050f054d0a0f53752f',1401,,1239,36,0,20 21 22,0
35501,'126535785649426e467c',1726,,1664,36,0,20 21 22,0,180,,1665,36,0,20 21 22,0
35501,'210a7c3e60384f725e7c',1147,,1668,38,0,20 21 22,0,755,,1667,38,0,20 21 22,0
35501,'2530772d5b5960361a09',2002,,1237,38,0,20 21 22,0
35501,'371d2f0f7337032c2b25',1406,,1233,36,0,20 21 22,0
35501,'3a3841530321505b7b18',1401,,1669,36,0,20 21 22,0
35501,'4f67586f291357636e2f',2002,,1671,38,0,20 21 22,0
35501,'59737b0d0f044b52693e',1402,,1675,36,0,20 21 22,0,320,,1674,36,0,20 21 22,0
35501,'5d21673510580b5d6c6e',1406,,1676,36,0,20 21 22,0
35501,'723148100c272b183b65',1007,,1231,36,0,20 21 22,0,345,,1232,36,0,20 21 22,0,370,,1230,36,0,20 21 22,0
35501,'7249395f521c57637d3d',1726,,1242,36,0,20 21 22,0,175,,1243,36,0,20 21 22,0
