37600,'02070559307629202a09',825,,698,11,0,7 8,0
37600,'0a2f1e22095132130163',1805,,699,20,0,7 8,0,50,,700,20,0,7 8,0
37600,'1c2e3625233d01453772',650,,1468,11,0,7 8,0,173,,1469,19,0,7 8,0,587,,1470,11,0,7 8,0,310,,1471,11,0,7 8,0
37600,'1f5759673f12020b0a50',825,,1472,11,0,7 8,0
37600,'31744f7e5638320a2d4c',1300,,1473,20,0,7 8,0
37600,'4d7a6615443531084902',650,,701,11,0,7 8,0,175,,702,20,0,7 8,0,585,,703,11,0,7 8,0,310,,704,11,0,7 8,0
37600,'4f0277002864772e6462',705,,1474,11,0,7 8,0,215,,1475,11,0,7 8,0,235,,1476,11,0,7 8,0
37600,'52166b36781a3037644c',705,,705,11,0,7 8,0,215,,706,11,0,7 8,0,235,,707,11,0,7 8,0
37600,'553d275f1455102c362a',1809,,1477,19,0,7 8,0,91,,1478,20,0,7 8,0
37600,'725616403949496a5c67',1300,,708,20,0,7 8,0
