36200,'1e386a27476c5b6e1461',815,,1379,25,0,9 10 11,0,193,,1380,25,0,9 10 11,0,607,,1381,21,0,9 10 11,0,103,,1382,25,0,9 10 11,0
36200,'1f5759673f12020b0a50',1008,,1377,25,0,9 10 11,0,217,,1378,25,0,9 10 11,0
36200,'2f16807a52596335736c',737,,1374,26,0,9 10 11,0,113,,1375,26,0,9 10 11,0,375,,1376,26,0,9 10 11,0,595,,1373,25,0,9 10 11,0
36300,'1e386a27476c5b6e1461',717,,1397,30,0,9 10 11,0,289,,1398,27,0,9 10 11,0
36300,'1f5759673f12020b0a50',1337,,1394,30,0,9 10 11,0
36300,'2f16807a52596335736c',810,,1393,30,0,9 10 11,0
36300,'3c2a73256541336f410c',1337,,1395,30,0,9 10 11,0
36300,'59737b0d0f044b52693e',1806,,1396,27,0,9 10 11,0
36500,'0e5131610429337c0530',1021,,1403,42,0,9 10 11,0
36500,'1c486c5002601c4a534a',1812,,1407,41,0,9 10 11,0
36500,'1e386a27476c5b6e1461',910,,1419,56,0,9 10 11,0,598,,1418,56,0,9 10 11,0
36500,'1e7832711c690d2e452a',1814,,1416,42,0,9 10 11,0
36500,'1f5759673f12020b0a50',840,,1408,55,0,9 10 11,0
36500,'2a2423055d636f354b6d',1915,,1415,56,0,9 10 11,0
36500,'2c14404d6d61074b6d28',1335,,1409,55,0,9 10 11,0
36500,'2f16807a52596335736c',754,,1404,56,0,9 10 11,0,80,,1406,41,0,9 10 11,0
36500,'2f6b6069415f08614303',1335,,1410,56,0,9 10 11,0
36500,'31744f7e5638320a2d4c',1419,,1411,38,0,9 10 11,0
36500,'3823594e52252d7f6b14',1056,,1413,56,0,9 10 11,0,859,,1412,56,0,9 10 11,0
36500,'3c550d10735a472e4755',1025,,1417,43,0,9 10 11,0
36500,'71472061383531535e0f',730,,1414,41,0,9 10 11,0
36900,'1f5759673f12020b0a50',1113,,1439,28,0,9 10 11,0
36900,'2f16807a52596335736c',808,,1437,28,0,9 10 11,0,115,,1438,27,0,9 10 11,0
36900,'3823594e52252d7f6b14',955,,1440,27,0,9 10 11,0,790,,1441,27,0,9 10 11,0
36900,'71472061383531535e0f',723,,1442,27,0,9 10 11,0
37300,'1e386a27476c5b6e1461',821,,1455,32,0,9 10 11,0,90,,1456,32,0,9 10 11,0
37300,'1f5759673f12020b0a50',911,,1453,32,0,9 10 11,0
37300,'2a2423055d636f354b6d',1344,,1454,32,0,9 10 11,0
37300,'2f16807a52596335736c',755,,1451,32,0,9 10 11,0,883,,1452,32,0,9 10 11,0
