35500,'033e170961301f7a0308',822,,1649,30,0,9 26,0
35500,'055e00325b240c7d4777',937,,1220,30,0,9 10 11,0,715,,1219,30,0,9 10 11,0
35500,'126535785649426e467c',707,,1650,20,0,9 10 11,0,13,,1651,30,0,9 10 11,0,107,,1652,9,0,9 26,0
35500,'210a7c3e60384f725e7c',937,,1654,30,0,9 10 11,0,715,,1653,30,0,9 10 11,0
35500,'4f67586f291357636e2f',1218,,1657,20,0,9 26,0,110,,1658,30,0,9 26,0,118,,1655,9,0,9 26,0,262,,1656,20,0,9 26,0
35500,'566406012b1e7e430018',938,,1659,20,0,9 26,0
35500,'59737b0d0f044b52693e',737,,1660,30,0,9 10 11,0
35500,'5d5f40704724192d5825',707,,1226,20,0,9 10 11,0,28,,1227,30,0,9 10 11,0,92,,1228,9,0,9 26,0,111,,1217,20,0,9 26,0
35500,'723148100c272b183b65',822,,1218,30,0,9 26,0
35500,'7360781f782d14543c3f',1218,,1223,20,0,9 26,0,110,,1224,30,0,9 26,0,118,,1221,9,0,9 26,0,262,,1222,20,0,9 26,0
