35500,'033e170961301f7a0308',828,,1649,35,0,9 26,0
35500,'055e00325b240c7d4777',943,,1220,35,0,9 10 11,0,715,,1219,35,0,9 10 11,0
35500,'126535785649426e467c',713,,1650,25,0,9 10 11,0,14,,1651,35,0,9 10 11,0,106,,1652,14,0,9 26,0
35500,'210a7c3e60384f725e7c',943,,1654,35,0,9 10 11,0,715,,1653,35,0,9 10 11,0
35500,'4f67586f291357636e2f',1223,,1657,25,0,9 26,0,110,,1658,35,0,9 26,0,118,,1655,14,0,9 26,0,262,,1656,25,0,9 26,0
35500,'566406012b1e7e430018',943,,1659,25,0,9 26,0
35500,'59737b0d0f044b52693e',743,,1660,35,0,9 10 11,0
35500,'5d5f40704724192d5825',713,,1226,25,0,9 10 11,0,28,,1227,35,0,9 10 11,0,92,,1228,14,0,9 26,0,110,,1217,25,0,9 26,0
35500,'723148100c272b183b65',828,,1218,35,0,9 26,0
35500,'7360781f782d14543c3f',1223,,1223,25,0,9 26,0,110,,1224,35,0,9 26,0,118,,1221,14,0,9 26,0,262,,1222,25,0,9 26,0
