35600,'055e00325b240c7d4777',1110,,381,27,0,9 10 11,0,800,,382,27,0,9 10 11,0
35600,'0a3c663a7d504d200835',1605,,1245,24,0,9 10 11,0,15,,1246,25,0,9 10 11,0
35600,'0d7c5c285a59412d315b',1810,,1247,23,0,9 10 11,0
35600,'112a0b7f332a564f1678',1245,,1248,23,0,9 10 11,0
35600,'1a223768176411647430',1815,,1250,23,0,9 10 11,0
35600,'1e386a27476c5b6e1461',645,,1273,23,0,9 10 11,0,85,,1274,23,0,9 10 11,0,70,,1275,23,0,9 10 11,0,920,,1271,24,0,9 10 11,0,134,,1272,24,0,9 10 11,0
35600,'1e7832711c690d2e452a',1815,,1257,24,0,9 10 11,0,5,,1258,24,0,9 10 11,0
35600,'1f5759673f12020b0a50',645,,1253,23,0,9 10 11,0
35600,'2943795d360756687162',1455,,1249,23,0,9 10 11,0
35600,'2a2423055d636f354b6d',845,,1256,23,0,9 10 11,0
35600,'2a6804265d6c7a6d704c',1245,,1268,23,0,9 10 11,0
35600,'2f16807a52596335736c',625,,1252,23,0,9 10 11,0,320,,1251,23,0,9 10 11,0
35600,'31744f7e5638320a2d4c',1245,,1254,24,0,9 10 11,0,5,,1255,24,0,9 10 11,0
35600,'56061576073054406d39',1815,,1259,23,0,9 10 11,0
35600,'59737b0d0f044b52693e',645,,1261,23,0,9 10 11,0,80,,1262,23,0,9 10 11,0,30,,1263,23,0,9 10 11,0,960,,1260,23,0,9 10 11,0
35600,'61121d2d1b1669750837',1110,,1264,23,0,9 10 11,0,800,,1265,23,0,9 10 11,0
35600,'634b592b186b573b6758',1110,,1266,27,0,9 10 11,0,800,,1267,27,0,9 10 11,0
35600,'6d0c424c36686c087407',1455,,1269,27,0,9 10 11,0,360,,1270,27,0,9 10 11,0
