36501,'0e5131610429337c0530',839,,1420,44,0,135 25,0
36501,'1c2e3625233d01453772',1922,,1422,43,0,132 117,0,86,,1424,3,0,132 117,0
36501,'1e10375f42313a246a18',1915,,660,43,0,132 117,0,93,,662,3,0,132 117,0
36501,'1f5759673f12020b0a50',1927,,1425,43,0,132 117,0
36501,'2173665b1e6d5b0e5d56',1927,,652,43,0,132 117,0
36501,'3823594e52252d7f6b14',1030,,1428,43,0,132 117,0,812,,1427,43,0,132 117,0
36501,'4f0277002864772e6462',1404,,1429,43,0,132 117,0,141,,1430,43,0,132 117,0
36501,'614f756f5f66407a564d',1400,,664,43,0,132 117,0,148,,665,43,0,132 117,0
36501,'657c421e081b56557239',1030,,654,43,0,132 117,0,812,,653,43,0,132 117,0
36501,'791e712d420e14727657',834,,1433,45,0,135 25,0
36501,'7f443a14596255477616',751,,1436,43,0,132 117,0,992,,1434,43,0,132 117,0
