31400,'3b0d0a205721144a1f02',838,,1058,17,,,0
31400,'68174b1f17562a355a6f',838,,126,17,,,0
37900,'16096334352325192d1f',1413,,1503,16,0,65 66 67,0
37900,'1f5759673f12020b0a50',828,,1504,16,0,65 66 67,0
37900,'254f3e58782165334119',1411,,738,16,0,65 66 67,0
37900,'3a511f30370a721b2433',826,,732,16,0,65 66 67,0
37900,'532f7e634a3b56246321',937,,1505,2,0,65 66 67,0
37900,'59737b0d0f044b52693e',828,,1506,16,0,65 66 67,0
37900,'68174b1f17562a355a6f',937,,737,2,0,65 66 67,0
37900,'69181125652d7e4d6a80',826,,733,16,0,65 66 67,0
37900,'7f443a14596255477616',717,,1508,16,0,65 66 67,0,5,,1509,20,0,65 66 67,0
