35101,'02070559307629202a09',1838,,302,5,0,20 21 22,0
35101,'1a20552b5a400f716a1b',952,,303,5,0,20 21 22,0
35101,'1f5759673f12020b0a50',1838,,1176,5,0,20 21 22,0
35101,'2a5b3362091f52630354',636,,307,5,0,23 24 18,0,99,,309,5,0,23 24 18,0,818,,304,5,0,23 25,0,204,,305,5,0,20 21 22,0,166,,306,5,0,20 21 22,0
35101,'2c295b0e5f4444502b59',1753,,310,5,0,20 21 22,0
35101,'31744f7e5638320a2d4c',1330,,1177,5,0,20 21 22,0
35101,'3823594e52252d7f6b14',952,,1178,5,0,20 21 22,0
35101,'4f0277002864772e6462',907,,1179,5,0,20 21 22,0,341,,1180,5,0,20 21 22,0,190,,1181,5,0,20 21 22,0
35101,'52166b36781a3037644c',907,,312,5,0,20 21 22,0,341,,313,5,0,20 21 22,0,190,,314,5,0,20 21 22,0
35101,'725616403949496a5c67',1330,,315,5,0,20 21 22,0
35101,'7a7c2673351c18595c18',1753,,1182,5,0,20 21 22,0
35101,'7f443a14596255477616',636,,1186,5,0,23 24 18,0,99,,1188,5,0,23 24 18,0,818,,1183,5,0,23 25,0,204,,1184,5,0,20 21 22,0,166,,1185,5,0,20 21 22,0
