35601,'055e00325b240c7d4777',937,,407,34,0,15 16 17,0,803,,408,34,0,15 16 17,0
35601,'075f4276790e1e273655',1440,,1276,34,0,15 16 17,0
35601,'0a3c663a7d504d200835',1555,,1277,34,0,12 13 14,0
35601,'14187635613e43612170',1310,,1278,34,0,12 13 14,0
35601,'184134507f4517151633',850,,1279,34,0,12 13 14,0
35601,'1c2e3625233d01453772',1110,,1280,34,0,12 13 14,0,330,,1281,34,0,12 13 14,0,100,,1282,34,0,12 13 14,0,390,,1283,34,0,12 13 14,0
35601,'1f5759673f12020b0a50',710,,1284,34,0,12 13 14,0
35601,'320823102b697f311363',1440,,1285,34,0,12 13 14,0
35601,'332311354b01253e3615',925,,1286,34,0,12 13 14,0
35601,'3f575e1f5f6d63575f07',1850,,1287,34,0,12 13 14,0
35601,'494a652c1e455e3d7c72',1640,,1288,34,0,12 13 14,0
35601,'4f0277002864772e6462',1955,,1289,34,0,12 13 14,0
35601,'59445e7d50034e156e11',1840,,1290,34,0,12 13 14,0
35601,'59737b0d0f044b52693e',710,,1293,34,0,12 13 14,0,1010,,1291,34,0,12 13 14,0,80,,1292,34,0,12 13 14,0
35601,'61121d2d1b1669750837',937,,1294,34,0,12 13 14,0,803,,1295,34,0,12 13 14,0
35601,'634b592b186b573b6758',937,,1296,34,0,15 16 17,0,803,,1297,34,0,15 16 17,0
35601,'6d0c424c36686c087407',855,,1299,34,0,15 16 17,0,455,,1298,34,0,15 16 17,0
35601,'7c40501f37807a467b28',1640,,1300,34,0,15 16 17,0
35601,'7f443a14596255477616',700,,1301,34,0,12 13 14,0,155,,1306,34,0,12 13 14,0,875,,1302,34,0,12 13 14,0,80,,1303,34,0,12 13 14,0
