35601,'055e00325b240c7d4777',909,,407,10,0,15 16 17,0,805,,408,10,0,15 16 17,0
35601,'075f4276790e1e273655',1413,,1276,10,0,15 16 17,0
35601,'0a3c663a7d504d200835',1528,,1277,10,0,12 13 14,0
35601,'184134507f4517151633',823,,1279,10,0,12 13 14,0
35601,'1e386a27476c5b6e1461',632,,1301,10,0,12 13 14,0,197,,1306,10,0,12 13 14,0,827,,1302,10,0,12 13 14,0,81,,1303,10,0,12 13 14,0
35601,'1f5759673f12020b0a50',643,,1284,10,0,12 13 14,0
35601,'2943795d360756687162',1243,,1278,10,0,12 13 14,0
35601,'2a2423055d636f354b6d',1929,,1289,10,0,12 13 14,0
35601,'2f16807a52596335736c',1043,,1280,10,0,12 13 14,0,370,,1281,10,0,12 13 14,0,100,,1282,10,0,12 13 14,0,391,,1283,10,0,12 13 14,0
35601,'320823102b697f311363',1413,,1285,10,0,12 13 14,0
35601,'321e5f70685c1473436a',1817,,1287,10,0,12 13 14,0
35601,'332311354b01253e3615',859,,1286,10,0,12 13 14,0
35601,'59445e7d50034e156e11',1813,,1290,10,0,12 13 14,0
35601,'59737b0d0f044b52693e',643,,1293,10,0,12 13 14,0,1011,,1291,10,0,12 13 14,0,80,,1292,10,0,12 13 14,0
35601,'61121d2d1b1669750837',909,,1294,10,0,12 13 14,0,805,,1295,10,0,12 13 14,0
35601,'634b592b186b573b6758',909,,1296,10,0,15 16 17,0,805,,1297,10,0,15 16 17,0
35601,'6d0c424c36686c087407',828,,1299,10,0,15 16 17,0,415,,1298,10,0,15 16 17,0
35601,'71472061383531535e0f',1614,,1288,10,0,12 13 14,0
35601,'7c40501f37807a467b28',1614,,1300,10,0,15 16 17,0
