30500,'1e386a27476c5b6e1461',552,,1047,5,0,9 30,0
30500,'2f16807a52596335736c',627,,1042,5,0,9 30,0,30,,1043,5,0,9 30,0,70,,1044,5,0,9 30,0
30500,'71472061383531535e0f',847,,1045,5,0,9 30,0,680,,1046,5,0,9 30,0
36500,'0e5131610429337c0530',926,,1403,14,0,9 10 11,0
36500,'1c486c5002601c4a534a',1706,,1407,13,0,9 10 11,0
36500,'1e386a27476c5b6e1461',755,,1419,28,0,9 10 11,0,658,,1418,28,0,9 10 11,0
36500,'1e7832711c690d2e452a',1703,,1416,14,0,9 10 11,0
36500,'1f5759673f12020b0a50',749,,1408,27,0,9 10 11,0
36500,'2a2423055d636f354b6d',1812,,1415,28,0,9 10 11,0
36500,'2c14404d6d61074b6d28',1238,,1409,27,0,9 10 11,0
36500,'2f16807a52596335736c',647,,1404,28,0,9 10 11,0,80,,1406,13,0,9 10 11,0
36500,'2f6b6069415f08614303',1238,,1410,28,0,9 10 11,0
36500,'31744f7e5638320a2d4c',1326,,1411,10,0,9 10 11,0
36500,'3823594e52252d7f6b14',1005,,1413,28,0,9 10 11,0,813,,1412,28,0,9 10 11,0
36500,'3c550d10735a472e4755',929,,1417,15,0,9 10 11,0
36500,'71472061383531535e0f',633,,1414,13,0,9 10 11,0
