34200,'1e386a27476c5b6e1461',650,,1090,1,0,65 18 140,0
34200,'2a2423055d636f354b6d',1345,,1088,1,0,65 18 140,0
34200,'2f16807a52596335736c',735,,1087,1,0,65 18 140,0
34200,'59737b0d0f044b52693e',700,,1089,1,0,65 18 140,0
36501,'0e5131610429337c0530',845,,1420,47,4,,0
36501,'1e386a27476c5b6e1461',755,,1436,46,0,132 117,0,995,,1434,46,0,132 117,0
36501,'1f5759673f12020b0a50',1933,,1425,46,0,132 117,0
36501,'2a2423055d636f354b6d',1410,,1429,46,0,132 117,0,142,,1430,46,0,132 117,0
36501,'2f16807a52596335736c',1928,,1422,46,0,132 117,0,87,,1424,6,0,132 117,0
36501,'3823594e52252d7f6b14',1034,,1428,46,0,132 117,0,814,,1427,46,0,132 117,0
36501,'3c550d10735a472e4755',840,,1433,48,4,,0
