35601,'055e00325b240c7d4777',956,,407,50,0,15 16 17,0,801,,408,50,0,15 16 17,0
35601,'075f4276790e1e273655',1457,,1276,50,0,15 16 17,0
35601,'0a3c663a7d504d200835',1612,,1277,50,0,12 13 14,0
35601,'184134507f4517151633',907,,1279,50,0,12 13 14,0
35601,'1e386a27476c5b6e1461',717,,1304,11,0,12 13 14,0,196,,1306,50,0,12 13 14,0,834,,1302,50,0,12 13 14,0,80,,1303,50,0,12 13 14,0
35601,'1f5759673f12020b0a50',727,,1284,50,0,12 13 14,0
35601,'2943795d360756687162',1327,,1278,50,0,12 13 14,0
35601,'2a2423055d636f354b6d',2012,,1289,50,0,12 13 14,0
35601,'2f16807a52596335736c',1127,,1280,50,0,12 13 14,0,330,,1281,50,0,12 13 14,0,100,,1282,50,0,12 13 14,0,390,,1283,50,0,12 13 14,0
35601,'320823102b697f311363',1457,,1285,50,0,12 13 14,0
35601,'321e5f70685c1473436a',1907,,1287,50,0,12 13 14,0
35601,'332311354b01253e3615',942,,1286,50,0,12 13 14,0
35601,'59445e7d50034e156e11',1857,,1290,50,0,12 13 14,0
35601,'59737b0d0f044b52693e',727,,1293,50,0,12 13 14,0,1010,,1291,50,0,12 13 14,0,80,,1292,50,0,12 13 14,0
35601,'61121d2d1b1669750837',956,,1294,50,0,12 13 14,0,801,,1295,50,0,12 13 14,0
35601,'634b592b186b573b6758',956,,1296,50,0,15 16 17,0,801,,1297,50,0,15 16 17,0
35601,'6d0c424c36686c087407',912,,1299,50,0,15 16 17,0,415,,1298,50,0,15 16 17,0
35601,'71472061383531535e0f',1657,,1288,50,0,12 13 14,0
35601,'7c40501f37807a467b28',1657,,1300,50,0,15 16 17,0
