35800,'1c2e3625233d01453772',1223,,1348,3,0,9 10 11,0
35800,'1f5759673f12020b0a50',738,,1349,3,0,9 10 11,0,497,,1350,4,0,9 10 11,0
35800,'2173665b1e6d5b0e5d56',738,,464,3,0,9 10 11,0,497,,465,4,0,9 10 11,0
35800,'29672110360e7e074d18',1223,,473,3,0,9 10 11,0
35800,'3823594e52252d7f6b14',838,,1351,3,0,9 10 11,0
35800,'3c0b47661a465f176d35',1538,,474,3,0,9 10 11,0
35800,'3c125f0f5c67554f241b',1638,,472,3,0,9 10 11,0
35800,'494a652c1e455e3d7c72',618,,1352,3,0,9 10 11,0
35800,'4f0277002864772e6462',1538,,1353,3,0,9 10 11,0
35800,'59737b0d0f044b52693e',638,,1354,4,0,9 10 11,0
35800,'5a622e2f735638475e4f',638,,467,4,0,9 10 11,0
35800,'765554443e157938074f',838,,466,3,0,9 10 11,0
35800,'7a7c2673351c18595c18',1638,,1355,3,0,9 10 11,0
35800,'7f443a14596255477616',638,,1356,4,0,9 10 11,0,20,,1357,3,0,9 10 11,0,195,,1358,3,0,9 10 11,0
