31400,'184e4110395b10611f1d',831,,126,14,,,0
31400,'3b0d0a205721144a1f02',831,,1058,14,,,0
32001,'3c046c2a04663d195765',1852,,152,5,0,137 138 139,0
37900,'16096334352325192d1f',1406,,1503,13,0,65 66 67,0
37900,'1a1a1a6d0701621f0757',1404,,738,13,0,65 66 67,0
37900,'1f5759673f12020b0a50',820,,1504,13,0,65 66 67,0
37900,'49363c5c560d0d713513',819,,732,13,0,65 66 67,0
37900,'59737b0d0f044b52693e',820,,1506,13,0,65 66 67,0
37900,'5a622e2f735638475e4f',819,,733,13,0,65 66 67,0
37900,'7f443a14596255477616',710,,1508,13,0,65 66 67,0,5,,1509,17,0,65 66 67,0
