36901,'1e386a27476c5b6e1461',1718,,1449,26,0,128 129,0,114,,1450,26,0,130 131,0
36901,'1f5759673f12020b0a50',1717,,1445,26,0,128 129,0
36901,'2f16807a52596335736c',1912,,1443,26,0,128 129,0,30,,1444,26,0,128 129,0
36901,'3823594e52252d7f6b14',1119,,1446,26,0,130 131,0,740,,1447,26,0,130 131,0
36901,'71472061383531535e0f',1348,,1448,26,0,128 129,0
37301,'1e386a27476c5b6e1461',1755,,1462,26,0,143 45,0
37301,'1f5759673f12020b0a50',1519,,1459,26,0,143 45,0
37301,'2a2423055d636f354b6d',1909,,1461,26,0,143 45,0
37301,'2f16807a52596335736c',940,,1457,26,0,143 45,0,890,,1458,26,0,143 45,0
37301,'31744f7e5638320a2d4c',1351,,1460,26,0,143 45,0
