39700,'0a2f1e22095132130163',1614,,902,3,,,0
39700,'16096334352325192d1f',1419,,1622,9,,,0
39700,'1c2e3625233d01453772',832,,1623,9,,,0
39700,'2a08755845643968295b',725,,903,9,,,0
39700,'2a5b3362091f52630354',715,,904,9,,,0
39700,'2b037649673f32451d0b',920,,905,9,,,0
39700,'4d7a6615443531084902',831,,906,9,,,0
39700,'532f7e634a3b56246321',920,,1624,9,,,0
39700,'553d275f1455102c362a',1614,,1625,3,,,0
39700,'59737b0d0f044b52693e',725,,1626,9,,,0
39700,'69552d0660140f203513',1419,,907,9,,,0
39700,'7f443a14596255477616',715,,1627,9,,,0
