35500,'033e170961301f7a0308',820,,1649,29,0,9 26,0
35500,'055e00325b240c7d4777',935,,1220,29,0,9 10 11,0,715,,1219,29,0,9 10 11,0
35500,'126535785649426e467c',706,,1650,19,0,9 10 11,0,13,,1651,29,0,9 10 11,0,107,,1652,8,0,9 26,0
35500,'210a7c3e60384f725e7c',935,,1654,29,0,9 10 11,0,715,,1653,29,0,9 10 11,0
35500,'2530772d5b5960361a09',1216,,1223,19,0,9 26,0,110,,1224,29,0,9 26,0,118,,1221,8,0,9 26,0,262,,1222,19,0,9 26,0
35500,'4f67586f291357636e2f',1216,,1657,19,0,9 26,0,110,,1658,29,0,9 26,0,118,,1655,8,0,9 26,0,262,,1656,19,0,9 26,0
35500,'566406012b1e7e430018',936,,1659,19,0,9 26,0
35500,'59737b0d0f044b52693e',735,,1660,29,0,9 10 11,0
35500,'723148100c272b183b65',820,,1218,29,0,9 26,0
35500,'7249395f521c57637d3d',706,,1226,19,0,9 10 11,0,28,,1227,29,0,9 10 11,0,92,,1228,8,0,9 26,0,110,,1217,19,0,9 26,0
