36500,'0e5131610429337c0530',949,,1403,27,0,9 10 11,0
36500,'1c2e3625233d01453772',709,,1404,41,0,9 10 11,0,39,,1406,26,0,9 10 11,0
36500,'1c486c5002601c4a534a',1727,,1407,26,0,9 10 11,0
36500,'1e10375f42313a246a18',709,,646,41,0,9 10 11,0,40,,648,26,0,9 10 11,0
36500,'1f5759673f12020b0a50',807,,1408,40,0,9 10 11,0
36500,'2173665b1e6d5b0e5d56',803,,638,40,0,9 10 11,0
36500,'2c14404d6d61074b6d28',1259,,1409,40,0,9 10 11,0
36500,'2d0d0c223c38203b5e0d',1259,,1410,41,0,9 10 11,0
36500,'2d255822185d30510a3a',1724,,650,26,0,9 10 11,0
36500,'31744f7e5638320a2d4c',1343,,1411,23,0,9 10 11,0
36500,'3823594e52252d7f6b14',1026,,1413,41,0,9 10 11,0,813,,1412,41,0,9 10 11,0
36500,'494a652c1e455e3d7c72',655,,1414,26,0,9 10 11,0
36500,'4f0277002864772e6462',1832,,1415,41,0,9 10 11,0
36500,'553d275f1455102c362a',1725,,1416,27,0,9 10 11,0
36500,'6056725b48181c6e6072',1258,,651,40,0,9 10 11,0
36500,'657c421e081b56557239',1026,,640,41,0,9 10 11,0
36500,'6b5439562b0c5d5d150b',1258,,637,41,0,9 10 11,0
36500,'72177c3f1052604b1313',1832,,645,41,0,9 10 11,0
36500,'791e712d420e14727657',952,,1417,28,0,9 10 11,0
36500,'7f443a14596255477616',814,,1419,41,0,9 10 11,0,618,,1418,41,0,9 10 11,0
