35101,'02070559307629202a09',1902,,302,24,0,20 21 22,0
35101,'1a20552b5a400f716a1b',1017,,303,24,0,20 21 22,0
35101,'1f5759673f12020b0a50',1902,,1176,24,0,20 21 22,0
35101,'2a5b3362091f52630354',656,,307,24,0,23 24 18,0,148,,309,24,0,23 24 18,0,823,,304,24,0,23 25,0,202,,305,24,0,20 21 22,0,118,,306,24,0,20 21 22,0
35101,'2c295b0e5f4444502b59',1817,,310,24,0,20 21 22,0
35101,'31744f7e5638320a2d4c',1354,,1177,24,0,20 21 22,0
35101,'3823594e52252d7f6b14',1017,,1178,24,0,20 21 22,0
35101,'4f0277002864772e6462',932,,1179,24,0,20 21 22,0,380,,1180,24,0,20 21 22,0,190,,1181,24,0,20 21 22,0
35101,'52166b36781a3037644c',932,,312,24,0,20 21 22,0,380,,313,24,0,20 21 22,0,190,,314,24,0,20 21 22,0
35101,'725616403949496a5c67',1354,,315,24,0,20 21 22,0
35101,'7a7c2673351c18595c18',1817,,1182,24,0,20 21 22,0
35101,'7f443a14596255477616',656,,1186,24,0,23 24 18,0,148,,1188,24,0,23 24 18,0,823,,1183,24,0,23 25,0,202,,1184,24,0,20 21 22,0,118,,1185,24,0,20 21 22,0
