30200,'021e635c580e1d137333',613,,36,6,0,9 26,0,30,,37,7,0,9 26,0,70,,38,6,0,9 26,0,30,,39,7,0,9 26,0,70,,40,6,0,9 26,0,30,,41,7,0,9 26,0,770,,42,7,0,9 26,0,30,,43,7,0,9 26,0,70,,32,6,0,9 26,0,30,,33,7,0,9 26,0,70,,34,7,0,9 26,0,30,,35,7,0,9 26,0
30200,'1c2e3625233d01453772',613,,966,6,0,9 26,0,35,,967,7,0,9 26,0,69,,968,6,0,9 26,0,33,,969,7,0,9 26,0,67,,970,6,0,9 26,0,31,,971,7,0,9 26,0,770,,972,7,0,9 26,0,30,,973,7,0,9 26,0,67,,962,6,0,9 26,0,34,,963,7,0,9 26,0,70,,964,7,0,9 26,0,29,,965,7,0,9 26,0
30200,'2a5b3362091f52630354',728,,31,6,0,9 26,0
30200,'3c0b6f12565a411a6646',613,,921,6,0,9 26,0,30,,922,7,0,9 26,0,70,,923,6,0,9 26,0,30,,924,7,0,9 26,0,70,,925,6,0,9 26,0,30,,926,7,0,9 26,0,770,,927,7,0,9 26,0,30,,928,7,0,9 26,0,70,,917,6,0,9 26,0,30,,918,7,0,9 26,0,70,,919,7,0,9 26,0,30,,920,7,0,9 26,0
30200,'7f443a14596255477616',732,,974,6,0,9 26,0
37700,'021e635c580e1d137333',759,,723,11,0,9 10 11,0,100,,724,11,0,9 10 11,0,600,,725,11,0,9 10 11,0
37700,'1c2e3625233d01453772',759,,1492,15,0,9 10 11,0,100,,1493,15,0,9 10 11,0,600,,1494,15,0,9 10 11,0
37700,'2a5b3362091f52630354',659,,722,11,0,9 10 11,0
37700,'3c0b6f12565a411a6646',759,,929,15,0,9 10 11,0,100,,930,15,0,9 10 11,0,600,,931,15,0,9 10 11,0
37700,'7f443a14596255477616',659,,1496,15,0,9 10 11,0
