35700,'055e00325b240c7d4777',1841,,432,42,0,9 10 11,0
35700,'1e386a27476c5b6e1461',759,,1324,38,0,9 10 11,0,67,,1325,38,0,9 10 11,0
35700,'2f16807a52596335736c',709,,1309,38,0,9 10 11,0,347,,1310,38,0,9 10 11,0,545,,1308,38,0,9 10 11,0
35700,'320823102b697f311363',1416,,1311,38,0,9 10 11,0
35700,'321e5f70685c1473436a',738,,1313,38,0,9 10 11,0
35700,'3823594e52252d7f6b14',951,,1312,38,0,9 10 11,0
35700,'416039027b4e59137846',1406,,1314,38,0,9 10 11,0
35700,'59445e7d50034e156e11',727,,1317,38,0,9 10 11,0
35700,'59737b0d0f044b52693e',747,,1318,38,0,9 10 11,0,66,,1319,38,0,9 10 11,0
35700,'61121d2d1b1669750837',1841,,1320,38,0,9 10 11,0
35700,'634b592b186b573b6758',1841,,1321,42,0,9 10 11,0
35700,'6d0c424c36686c087407',1416,,1322,42,0,9 10 11,0,394,,1323,42,0,9 10 11,0
35700,'71472061383531535e0f',1416,,1315,40,0,9 10 11,0,400,,1316,38,0,9 10 11,0
