35601,'02070559307629202a09',713,,403,39,0,12 13 14,0,715,,402,39,0,15 16 17,0
35601,'075f4276790e1e273655',1443,,1276,39,0,15 16 17,0
35601,'0a3c663a7d504d200835',1558,,1277,39,0,12 13 14,0
35601,'14187635613e43612170',1313,,1278,39,0,12 13 14,0
35601,'184134507f4517151633',853,,1279,39,0,12 13 14,0
35601,'1c2e3625233d01453772',1113,,1280,39,0,12 13 14,0,330,,1281,39,0,12 13 14,0,100,,1282,39,0,12 13 14,0,390,,1283,39,0,12 13 14,0
35601,'1f5759673f12020b0a50',713,,1284,39,0,12 13 14,0
35601,'220e7e723c71704c1463',858,,406,39,0,15 16 17,0,455,,404,39,0,15 16 17,0,530,,405,39,0,12 13 14,0
35601,'295d5e0567072f655d20',941,,407,39,0,15 16 17,0,802,,408,39,0,15 16 17,0
35601,'2a08755845643968295b',713,,412,39,0,12 13 14,0,930,,409,39,0,15 16 17,0,80,,410,39,0,12 13 14,0,80,,411,39,0,12 13 14,0
35601,'2a5b3362091f52630354',703,,415,39,0,12 13 14,0,156,,421,39,0,12 13 14,0,454,,413,39,0,12 13 14,0,330,,414,39,0,12 13 14,0,90,,416,39,0,12 13 14,0,80,,417,39,0,12 13 14,0,40,,418,39,0,12 13 14,0
35601,'320823102b697f311363',1443,,1285,39,0,12 13 14,0
35601,'332311354b01253e3615',928,,1286,39,0,12 13 14,0
35601,'3f575e1f5f6d63575f07',1853,,1287,39,0,12 13 14,0
35601,'494a652c1e455e3d7c72',1643,,1288,39,0,12 13 14,0
35601,'4d7a6615443531084902',1243,,422,39,0,12 13 14,0,200,,423,39,0,12 13 14,0,100,,424,39,0,12 13 14,0,390,,425,39,0,12 13 14,0
35601,'4f0277002864772e6462',1958,,1289,39,0,12 13 14,0
35601,'52166b36781a3037644c',1958,,426,39,0,12 13 14,0
35601,'59445e7d50034e156e11',1843,,1290,39,0,12 13 14,0
35601,'59737b0d0f044b52693e',713,,1293,39,0,12 13 14,0,1010,,1291,39,0,12 13 14,0,80,,1292,39,0,12 13 14,0
35601,'61121d2d1b1669750837',941,,1294,39,0,12 13 14,0,802,,1295,39,0,12 13 14,0
35601,'634b592b186b573b6758',941,,1296,39,0,15 16 17,0,802,,1297,39,0,15 16 17,0
35601,'693b6416011017175f3d',1558,,427,39,0,12 13 14,0
35601,'6d0c424c36686c087407',858,,1299,39,0,15 16 17,0,455,,1298,39,0,15 16 17,0
35601,'7c40501f37807a467b28',1643,,1300,39,0,15 16 17,0
35601,'7f443a14596255477616',703,,1301,39,0,12 13 14,0,156,,1306,39,0,12 13 14,0,874,,1302,39,0,12 13 14,0,80,,1303,39,0,12 13 14,0
