35600,'055e00325b240c7d4777',1057,,381,15,0,9 10 11,0,800,,382,15,0,9 10 11,0
35600,'0a3c663a7d504d200835',1552,,1245,12,0,9 10 11,0,55,,1246,13,0,9 10 11,0
35600,'0d7c5c285a59412d315b',1757,,1247,11,0,9 10 11,0
35600,'112a0b7f332a564f1678',1232,,1248,11,0,9 10 11,0
35600,'1a223768176411647430',1802,,1250,11,0,9 10 11,0
35600,'1e386a27476c5b6e1461',632,,1273,11,0,9 10 11,0,80,,1274,11,0,9 10 11,0,30,,1275,11,0,9 10 11,0,964,,1271,12,0,9 10 11,0,135,,1272,12,0,9 10 11,0
35600,'1e7832711c690d2e452a',1802,,1257,12,0,9 10 11,0,6,,1258,12,0,9 10 11,0
35600,'1f5759673f12020b0a50',632,,1253,11,0,9 10 11,0
35600,'2943795d360756687162',1442,,1249,11,0,9 10 11,0
35600,'2a2423055d636f354b6d',832,,1256,11,0,9 10 11,0
35600,'2a6804265d6c7a6d704c',1232,,1268,11,0,9 10 11,0
35600,'2f16807a52596335736c',612,,1252,11,0,9 10 11,0,320,,1251,11,0,9 10 11,0
35600,'31744f7e5638320a2d4c',1232,,1254,12,0,9 10 11,0,5,,1255,12,0,9 10 11,0
35600,'56061576073054406d39',1802,,1259,11,0,9 10 11,0
35600,'59737b0d0f044b52693e',632,,1261,11,0,9 10 11,0,80,,1262,11,0,9 10 11,0,30,,1263,11,0,9 10 11,0,960,,1260,11,0,9 10 11,0
35600,'61121d2d1b1669750837',1057,,1264,11,0,9 10 11,0,800,,1265,11,0,9 10 11,0
35600,'634b592b186b573b6758',1057,,1266,15,0,9 10 11,0,800,,1267,15,0,9 10 11,0
35600,'6d0c424c36686c087407',1442,,1269,15,0,9 10 11,0,360,,1270,15,0,9 10 11,0
