35700,'0a3c663a7d504d200835',1644,,1307,3,0,9 10 11,0
35700,'1a20552b5a400f716a1b',904,,428,3,0,9 10 11,0
35700,'1c2e3625233d01453772',614,,1309,3,0,9 10 11,0,390,,1310,3,0,9 10 11,0,500,,1308,3,0,9 10 11,0
35700,'220e7e723c71704c1463',644,,431,3,0,9 10 11,0,680,,429,7,0,9 10 11,0,395,,430,7,0,9 10 11,0
35700,'295d5e0567072f655d20',1749,,432,7,0,9 10 11,0
35700,'2a08755845643968295b',704,,433,3,0,9 10 11,0,20,,434,3,0,9 10 11,0
35700,'2a5b3362091f52630354',634,,437,3,0,9 10 11,0,20,,438,3,0,9 10 11,0,70,,439,3,0,9 10 11,0,600,,435,5,0,9 10 11,0,395,,436,3,0,9 10 11,0
35700,'320823102b697f311363',1324,,1311,3,0,9 10 11,0
35700,'3823594e52252d7f6b14',904,,1312,3,0,9 10 11,0
35700,'3f575e1f5f6d63575f07',634,,1313,3,0,9 10 11,0
35700,'416039027b4e59137846',1314,,1314,3,0,9 10 11,0
35700,'494a652c1e455e3d7c72',1324,,1315,5,0,9 10 11,0,395,,1316,3,0,9 10 11,0
35700,'4d7a6615443531084902',614,,441,3,0,9 10 11,0,390,,442,3,0,9 10 11,0,500,,440,3,0,9 10 11,0
35700,'59445e7d50034e156e11',634,,1317,3,0,9 10 11,0
35700,'59737b0d0f044b52693e',654,,1318,3,0,9 10 11,0,70,,1319,3,0,9 10 11,0
35700,'61121d2d1b1669750837',1749,,1320,3,0,9 10 11,0
35700,'634b592b186b573b6758',1749,,1321,7,0,9 10 11,0
35700,'693b6416011017175f3d',1314,,443,3,0,9 10 11,0,330,,444,3,0,9 10 11,0
35700,'6d0c424c36686c087407',1324,,1322,7,0,9 10 11,0,395,,1323,7,0,9 10 11,0
35700,'7f443a14596255477616',654,,1324,3,0,9 10 11,0,70,,1325,3,0,9 10 11,0
