32000,'3f242a2f47502e255740',710,,150,1,0,136 10 52,0
32001,'3f242a2f47502e255740',1915,,152,9,4,,0
39100,'1e386a27476c5b6e1461',710,,1580,1,,,0
39100,'2f16807a52596335736c',706,,1576,4,,,0,119,,1577,1,,,0,516,,1578,4,,,0
39100,'532f7e634a3b56246321',921,,1579,4,,,0
39101,'1e386a27476c5b6e1461',1758,,1587,14,,,0
39101,'1e7832711c690d2e452a',1745,,1585,11,4,,0
39101,'2f16807a52596335736c',1852,,1581,11,4,,0
39101,'31744f7e5638320a2d4c',1305,,1583,11,4,,0
39101,'532f7e634a3b56246321',1257,,1584,11,,,0
39101,'59737b0d0f044b52693e',1758,,1586,14,,,0
39101,'7061714f794c79290d6c',1311,,1582,14,,,0
