35600,'02070559307629202a09',623,,373,2,0,9 2 10 11,0
35600,'0a2f1e22095132130163',1753,,375,3,0,9 2 10 11,0
35600,'1c42311e025d3b40504f',1653,,376,3,0,9 2 10 11,0
35600,'200a2d69427732221f48',1223,,377,2,0,9 2 10 11,0
35600,'220e7e723c71704c1463',1433,,378,6,0,9 2 10 11,0,370,,379,6,0,9 2 10 11,0
35600,'2752046f425a49721d09',1223,,380,2,0,9 2 10 11,0
35600,'295d5e0567072f655d20',1046,,381,6,0,9 2 10 11,0,800,,382,6,0,9 2 10 11,0
35600,'2a08755845643968295b',623,,384,2,0,9 2 10 11,0,80,,385,2,0,9 2 10 11,0,30,,386,2,0,9 2 10 11,0,920,,383,2,0,9 2 10 11,0
35600,'2a5b3362091f52630354',623,,389,2,0,9 2 10 11,0,80,,390,2,0,9 2 10 11,0,30,,391,2,0,9 2 10 11,0,700,,387,2,0,9 2 10 11,0,395,,388,3,0,9 2 10 11,0
35600,'4d7a6615443531084902',603,,393,2,0,9 2 10 11,0,320,,392,2,0,9 2 10 11,0
35600,'52166b36781a3037644c',823,,394,2,0,9 2 10 11,0
35600,'693b6416011017175f3d',1545,,395,3,0,9 2 10 11,0,13,,396,4,0,9 2 10 11,0,98,,397,4,0,9 2 10 11,0
35600,'725616403949496a5c67',1221,,399,3,0,9 2 10 11,0,2,,400,3,0,122 2 25,0,530,,401,2,0,9 2 10 11,0
