36201,'1e386a27476c5b6e1461',853,,1390,8,0,87 88,0,765,,1391,8,0,85 92,0,102,,1392,8,0,87 88,0
36201,'1f5759673f12020b0a50',1618,,1389,8,0,87 88,0,237,,1388,8,0,87 88,0
36201,'2f16807a52596335736c',1253,,1383,8,0,87 89,0,295,,1384,8,0,85 92,0,107,,1385,8,0,87 89,0,100,,1386,8,0,87 88,0,100,,1387,8,0,87 89,0
36901,'1e386a27476c5b6e1461',1623,,1449,8,0,128 129,0,102,,1450,8,0,130 131,0
36901,'1f5759673f12020b0a50',1628,,1445,8,0,128 129,0
36901,'2f16807a52596335736c',1810,,1443,8,0,128 129,0,40,,1444,8,0,128 129,0
36901,'3823594e52252d7f6b14',1036,,1446,8,0,130 131,0,781,,1447,8,0,130 131,0
36901,'71472061383531535e0f',1258,,1448,8,0,128 129,0
37301,'1e386a27476c5b6e1461',1655,,1462,8,0,143 45,0
37301,'1f5759673f12020b0a50',1433,,1459,8,0,143 45,0
37301,'2a2423055d636f354b6d',1820,,1461,8,0,143 45,0
37301,'2f16807a52596335736c',853,,1457,8,0,143 45,0,867,,1458,8,0,143 45,0
37301,'31744f7e5638320a2d4c',1258,,1460,8,0,143 45,0
