36200,'1e386a27476c5b6e1461',738,,1379,14,0,9 10 11,0,193,,1380,14,0,9 10 11,0,611,,1381,10,0,9 10 11,0,98,,1382,14,0,9 10 11,0
36200,'1f5759673f12020b0a50',931,,1377,14,0,9 10 11,0,221,,1378,14,0,9 10 11,0
36200,'2f16807a52596335736c',700,,1374,15,0,9 10 11,0,110,,1375,15,0,9 10 11,0,342,,1376,15,0,9 10 11,0,590,,1373,14,0,9 10 11,0
36900,'1f5759673f12020b0a50',1043,,1439,17,0,9 10 11,0
36900,'2f16807a52596335736c',726,,1437,17,0,9 10 11,0,131,,1438,16,0,9 10 11,0
36900,'3823594e52252d7f6b14',928,,1440,16,0,9 10 11,0,781,,1441,16,0,9 10 11,0
36900,'71472061383531535e0f',653,,1442,16,0,9 10 11,0
37300,'1e386a27476c5b6e1461',745,,1455,21,0,9 10 11,0,90,,1456,21,0,9 10 11,0
37300,'1f5759673f12020b0a50',835,,1453,21,0,9 10 11,0
37300,'2a2423055d636f354b6d',1312,,1454,21,0,9 10 11,0
37300,'2f16807a52596335736c',717,,1451,21,0,9 10 11,0,889,,1452,21,0,9 10 11,0
38800,'1e386a27476c5b6e1461',642,,1553,16,0,9 30,0,88,,1554,16,0,79 80 18,0,5,,1555,20,0,9 30,0,114,,1556,16,0,9 30,0,798,,1551,16,0,9 30,0,169,,1552,16,0,9 30,0
38800,'2a2423055d636f354b6d',1114,,1549,16,0,9 30,0,200,,1548,16,0,9 30,0
38800,'2f16807a52596335736c',714,,1544,18,0,9 30,0,35,,1545,20,0,9 30,0,73,,1546,18,0,9 30,0,692,,1541,20,0,9 30,0,100,,1542,16,0,9 30,0,102,,1543,20,0,9 30,0
38800,'3823594e52252d7f6b14',1643,,1547,16,0,9 30,0
38800,'7a7c2673351c18595c18',843,,1550,16,0,9 30,0
