35600,'02070559307629202a09',714,,373,51,0,9 2 10 11,0
35600,'0a2f1e22095132130163',1846,,374,52,0,9 2 10 11,0,5,,375,52,0,9 2 10 11,0
35600,'1c42311e025d3b40504f',1751,,376,52,0,9 2 10 11,0
35600,'200a2d69427732221f48',1316,,377,51,0,9 2 10 11,0
35600,'220e7e723c71704c1463',1526,,378,55,0,9 2 10 11,0,331,,379,55,0,9 2 10 11,0
35600,'2752046f425a49721d09',1316,,380,51,0,9 2 10 11,0
35600,'295d5e0567072f655d20',1139,,381,55,0,9 2 10 11,0,801,,382,55,0,9 2 10 11,0
35600,'2a08755845643968295b',714,,384,51,0,9 2 10 11,0,42,,385,51,0,9 2 10 11,0,70,,386,51,0,9 2 10 11,0,920,,383,51,0,9 2 10 11,0
35600,'2a5b3362091f52630354',717,,389,51,0,9 2 10 11,0,94,,390,51,0,9 2 10 11,0,26,,391,51,0,9 2 10 11,0,689,,387,51,0,9 2 10 11,0,402,,388,52,0,9 2 10 11,0
35600,'4d7a6615443531084902',654,,393,51,0,9 2 10 11,0,362,,392,51,0,9 2 10 11,0
35600,'52166b36781a3037644c',916,,394,51,0,9 2 10 11,0
35600,'725616403949496a5c67',1316,,398,52,0,9 2 10 11,0,5,,399,52,0,9 2 10 11,0,526,,401,51,0,9 2 10 11,0
