35000,'112a0b7f332a564f1678',1233,,1110,10,0,60 103 104,0
35000,'16096334352325192d1f',1732,,1111,10,0,60 103 104,0
35000,'1c2e3625233d01453772',630,,1114,2,0,9 35 36 37 38,0,76,,1115,8,0,9 35 36 37 38,0,141,,1112,8,0,9 35 36 37 38,0,683,,1113,2,0,9 35 36 37 38,0
35000,'1c486c5002601c4a534a',1732,,1116,10,0,60 103 104,0
35000,'1f5759673f12020b0a50',819,,1117,8,0,9 35 36 37 38,0
35000,'31744f7e5638320a2d4c',1243,,1118,12,0,60 103 104,0,73,,1120,10,0,60 103 104,0
35000,'495e5f3d32634b3b5042',1233,,1122,10,0,60 103 104,0
35000,'553d275f1455102c362a',1742,,1123,12,0,60 103 104,0,71,,1125,10,0,60 103 104,0
35000,'59737b0d0f044b52693e',750,,1127,2,0,9 35 36 37 38,0
35000,'7f443a14596255477616',605,,1128,2,0,9 35 36 37 38,0,45,,1129,2,0,9 35 36 37 38,0,5,,1130,2,0,9 35 36 37 38,0,85,,1132,2,0,9 35 36 37 38,0
