35501,'033e170961301f7a0308',1005,,1662,35,0,20 21 22,0,345,,1663,35,0,20 21 22,0,370,,1661,35,0,20 21 22,0
35501,'055e00325b240c7d4777',1145,,1235,37,0,20 21 22,0,755,,1234,37,0,20 21 22,0
35501,'126535785649426e467c',1724,,1664,35,0,20 21 22,0,180,,1665,35,0,20 21 22,0
35501,'191b086669276f0a2c02',1359,,1239,35,0,20 21 22,0
35501,'210a7c3e60384f725e7c',1145,,1668,37,0,20 21 22,0,755,,1667,37,0,20 21 22,0
35501,'371d2f0f7337032c2b25',1404,,1233,35,0,20 21 22,0
35501,'3a3841530321505b7b18',1359,,1669,35,0,20 21 22,0
35501,'4f67586f291357636e2f',2000,,1671,37,0,20 21 22,0
35501,'59737b0d0f044b52693e',1400,,1675,35,0,20 21 22,0,320,,1674,35,0,20 21 22,0
35501,'5d21673510580b5d6c6e',1404,,1676,35,0,20 21 22,0
35501,'5d5f40704724192d5825',1724,,1242,35,0,20 21 22,0,135,,1243,35,0,20 21 22,0
35501,'723148100c272b183b65',1005,,1231,35,0,20 21 22,0,345,,1232,35,0,20 21 22,0,370,,1230,35,0,20 21 22,0
35501,'7360781f782d14543c3f',2000,,1237,37,0,20 21 22,0
