35600,'055e00325b240c7d4777',1048,,381,7,0,9 10 11,0,801,,382,7,0,9 10 11,0
35600,'0a3c663a7d504d200835',1546,,1245,4,0,9 10 11,0,11,,1246,5,0,9 10 11,0
35600,'0d7c5c285a59412d315b',1747,,1247,3,0,9 10 11,0
35600,'112a0b7f332a564f1678',1222,,1248,3,0,9 10 11,0
35600,'1a223768176411647430',1752,,1250,3,0,9 10 11,0
35600,'1e386a27476c5b6e1461',622,,1273,3,0,9 10 11,0,80,,1274,3,0,9 10 11,0,30,,1275,3,0,9 10 11,0,920,,1271,4,0,9 10 11,0,175,,1272,4,0,9 10 11,0
35600,'1e7832711c690d2e452a',1752,,1258,4,0,9 10 11,0
35600,'1f5759673f12020b0a50',622,,1253,3,0,9 10 11,0
35600,'2943795d360756687162',1432,,1249,3,0,9 10 11,0
35600,'2a2423055d636f354b6d',822,,1256,3,0,9 10 11,0
35600,'2a6804265d6c7a6d704c',1222,,1268,3,0,9 10 11,0
35600,'2f16807a52596335736c',602,,1252,3,0,9 10 11,0,320,,1251,3,0,9 10 11,0
35600,'31744f7e5638320a2d4c',1222,,1255,4,0,9 10 11,0
35600,'56061576073054406d39',1752,,1259,3,0,9 10 11,0
35600,'59737b0d0f044b52693e',622,,1261,3,0,9 10 11,0,80,,1262,3,0,9 10 11,0,30,,1263,3,0,9 10 11,0,920,,1260,3,0,9 10 11,0
35600,'61121d2d1b1669750837',1047,,1264,3,0,9 10 11,0,800,,1265,3,0,9 10 11,0
35600,'634b592b186b573b6758',1047,,1266,7,0,9 10 11,0,800,,1267,7,0,9 10 11,0
35600,'6d0c424c36686c087407',1432,,1269,7,0,9 10 11,0,320,,1270,7,0,9 10 11,0
