32400,'1443632b3566627b2e20',650,,155,19,4,,0
32400,'4e3f30715c2160755238',1300,,1081,19,4,,0
32401,'1443632b3566627b2e20',1835,,158,1,0,90 25,0
32401,'4e3f30715c2160755238',1310,,1082,1,0,90 25,0
35900,'1443632b3566627b2e20',645,,497,23,4,,0,170,,498,23,4,,0,730,,499,23,4,,0,180,,496,23,4,,0
35900,'4b6f482a4a7216552331',1700,,484,23,4,,0
35900,'4e3f30715c2160755238',712,,1369,23,4,,0,1133,,1368,23,4,,0
35900,'5a1f120d085a5346570a',745,,500,23,4,,0,405,,501,23,4,,0,195,,502,23,4,,0
35900,'7f7807506e6d266c1f0c',900,,485,23,4,,0
35901,'1443632b3566627b2e20',720,,515,1,0,141 21 142,0,115,,516,1,0,141 21 142,0,805,,517,1,0,141 21 142,0,190,,518,1,0,141 21 142,0,110,,514,1,0,141 21 142,0
35901,'5a1f120d085a5346570a',1210,,520,1,0,141 21 142,0,200,,521,1,0,141 21 142,0
35901,'79634f716a31375a174a',1905,,519,1,0,141 21 142,0
35901,'7f7807506e6d266c1f0c',1010,,503,1,0,141 21 142,0,725,,504,1,0,141 21 142,0
36000,'1443632b3566627b2e20',717,,531,17,4,,0,28,,532,17,4,,0,407,,1370,17,4,,0,580,,533,17,4,,0
36000,'3f4d67570e29103a1e70',950,,523,12,4,,0,950,,522,12,4,,0
36000,'5a1f120d085a5346570a',900,,535,17,4,,0,205,,536,12,4,,0,795,,537,17,4,,0
36000,'79634f716a31375a174a',1152,,534,17,4,,0
36001,'1443632b3566627b2e20',1640,,545,1,0,53 21 54,0,100,,546,1,0,53 21 54,0,205,,547,1,0,53 21 54,0
36001,'3f4d67570e29103a1e70',1100,,538,1,0,127 25,0,805,,539,1,0,127 25,0
36001,'5a1f120d085a5346570a',800,,549,1,0,53 21 54,0,615,,550,1,0,53 21 54,0
36001,'79634f716a31375a174a',1905,,548,1,0,53 21 54,0
36100,'1443632b3566627b2e20',645,,558,22,4,,0,455,,559,22,4,,0
36100,'3f4d67570e29103a1e70',855,,552,22,4,,0
36100,'4b6f482a4a7216552331',1545,,551,22,4,,0
36100,'4e3f30715c2160755238',745,,1371,22,4,,0,800,,1372,22,4,,0
36100,'5a1f120d085a5346570a',1300,,561,22,4,,0
36100,'79634f716a31375a174a',745,,560,22,4,,0
36101,'1443632b3566627b2e20',1715,,569,1,0,53 21 54,0,200,,570,1,0,53 21 54,0
36101,'4b6f482a4a7216552331',1700,,562,1,0,53 21 54,0
36101,'5a1f120d085a5346570a',1305,,571,1,0,53 21 54,0,510,,572,1,0,53 21 54,0
36101,'7f7807506e6d266c1f0c',900,,563,1,0,53 21 54,0
36400,'1443632b3566627b2e20',715,,613,8,4,,0,30,,614,8,4,,0,75,,615,8,4,,0,905,,616,8,4,,0,100,,617,8,4,,0
36400,'3f4d67570e29103a1e70',1555,,603,8,4,,0
36400,'5a1f120d085a5346570a',1345,,618,8,4,,0,200,,619,8,4,,0
36400,'7f7807506e6d266c1f0c',900,,604,8,4,,0
36401,'1443632b3566627b2e20',805,,631,1,0,31 32,0,100,,632,1,0,31 32,0,810,,633,1,0,31 32,0,200,,634,1,0,31 32,0
36401,'3f4d67570e29103a1e70',1735,,620,1,0,31 32,0
36401,'5a1f120d085a5346570a',1215,,635,1,0,31 32,0,600,,636,1,0,31 32,0
36401,'7f7807506e6d266c1f0c',1015,,621,1,0,31 32,0,590,,622,1,0,31 32,0
