30400,'1e386a27476c5b6e1461',635,,1028,1,0,7 8,0
30400,'2f16807a52596335736c',550,,1020,1,0,7 8,0,70,,1021,1,0,7 8,0,30,,1022,1,0,7 8,0,70,,1023,1,0,7 8,0,30,,1024,1,0,7 8,0,70,,1025,1,0,7 8,0,720,,1026,1,0,7 8,0,70,,1027,1,0,7 8,0,30,,1016,1,0,7 8,0,70,,1017,1,0,7 8,0,30,,1018,1,0,7 8,0,70,,1019,1,0,7 8,0
30401,'1e7832711c690d2e452a',1823,,1041,10,4,,0
30401,'2f16807a52596335736c',747,,1033,10,4,,0,70,,1034,10,4,,0,30,,1035,10,4,,0,70,,1036,10,4,,0,30,,1037,10,4,,0,761,,1038,10,4,,0,30,,1039,10,4,,0,70,,1040,10,4,,0,30,,1029,10,4,,0,70,,1030,10,4,,0,30,,1031,10,4,,0,70,,1032,10,4,,0
35500,'033e170961301f7a0308',740,,1649,10,0,9 26,0
35500,'055e00325b240c7d4777',855,,1220,10,0,9 10 11,0,755,,1219,10,0,9 10 11,0
35500,'126535785649426e467c',631,,1651,10,0,9 10 11,0
35500,'210a7c3e60384f725e7c',855,,1654,10,0,9 10 11,0,755,,1653,10,0,9 10 11,0
35500,'2530772d5b5960361a09',1246,,1224,10,0,9 26,0
35500,'4f67586f291357636e2f',1246,,1658,10,0,9 26,0
35500,'59737b0d0f044b52693e',655,,1660,10,0,9 10 11,0
35500,'723148100c272b183b65',740,,1218,10,0,9 26,0
35500,'7249395f521c57637d3d',646,,1227,10,0,9 10 11,0
35501,'033e170961301f7a0308',949,,1662,31,0,20 21 22,0,387,,1663,31,0,20 21 22,0,368,,1661,31,0,20 21 22,0
35501,'055e00325b240c7d4777',1129,,1235,33,0,20 21 22,0,715,,1234,33,0,20 21 22,0
35501,'12050f054d0a0f53752f',1342,,1239,31,0,20 21 22,0
35501,'126535785649426e467c',1707,,1664,31,0,20 21 22,0,140,,1665,31,0,20 21 22,0
35501,'210a7c3e60384f725e7c',1129,,1668,33,0,20 21 22,0,715,,1667,33,0,20 21 22,0
35501,'2530772d5b5960361a09',1944,,1237,33,0,20 21 22,0
35501,'371d2f0f7337032c2b25',1347,,1233,31,0,20 21 22,0
35501,'3a3841530321505b7b18',1342,,1669,31,0,20 21 22,0
35501,'4f67586f291357636e2f',1944,,1671,33,0,20 21 22,0
35501,'59737b0d0f044b52693e',1344,,1675,31,0,20 21 22,0,360,,1674,31,0,20 21 22,0
35501,'5d21673510580b5d6c6e',1347,,1676,31,0,20 21 22,0
35501,'723148100c272b183b65',949,,1231,31,0,20 21 22,0,387,,1232,31,0,20 21 22,0,368,,1230,31,0,20 21 22,0
35501,'7249395f521c57637d3d',1707,,1242,31,0,20 21 22,0,135,,1243,31,0,20 21 22,0
37500,'1e386a27476c5b6e1461',711,,1463,7,0,23 24 18,0
37501,'1e7832711c690d2e452a',1837,,1467,17,0,28 29,0
37501,'31744f7e5638320a2d4c',1244,,1465,17,0,28 29,0
