35500,'033e170961301f7a0308',826,,1649,32,0,9 26,0
35500,'055e00325b240c7d4777',941,,1220,32,0,9 10 11,0,715,,1219,32,0,9 10 11,0
35500,'126535785649426e467c',711,,1650,22,0,9 10 11,0,13,,1651,32,0,9 10 11,0,107,,1652,11,0,9 26,0
35500,'210a7c3e60384f725e7c',941,,1654,32,0,9 10 11,0,715,,1653,32,0,9 10 11,0
35500,'2530772d5b5960361a09',1221,,1223,22,0,9 26,0,110,,1224,32,0,9 26,0,118,,1221,11,0,9 26,0,262,,1222,22,0,9 26,0
35500,'4f67586f291357636e2f',1221,,1657,22,0,9 26,0,110,,1658,32,0,9 26,0,118,,1655,11,0,9 26,0,262,,1656,22,0,9 26,0
35500,'566406012b1e7e430018',941,,1659,22,0,9 26,0
35500,'59737b0d0f044b52693e',740,,1660,32,0,9 10 11,0
35500,'723148100c272b183b65',826,,1218,32,0,9 26,0
35500,'7249395f521c57637d3d',711,,1226,22,0,9 10 11,0,28,,1227,32,0,9 10 11,0,92,,1228,11,0,9 26,0,110,,1217,22,0,9 26,0
