30501,'1e386a27476c5b6e1461',1911,,1053,21,0,31 32,0
30501,'2f16807a52596335736c',1727,,1048,21,0,31 32,0,199,,1049,21,0,31 32,0,90,,1050,21,0,31 32,0
30501,'71472061383531535e0f',1016,,1051,21,0,31 32,0,816,,1052,21,0,31 32,0
36501,'0e5131610429337c0530',751,,1420,29,0,135 25,0,156,,1421,29,0,166 32,0
36501,'1e386a27476c5b6e1461',708,,1436,29,0,132 117,0,1002,,1434,29,0,132 117,0,113,,1435,29,0,133 134,0
36501,'1f5759673f12020b0a50',1853,,1425,29,0,132 117,0
36501,'2a2423055d636f354b6d',1330,,1429,29,0,132 117,0,182,,1430,29,0,132 117,0
36501,'2c14404d6d61074b6d28',1007,,1426,29,0,133 134,0
36501,'2f16807a52596335736c',1851,,1422,29,0,132 117,0,84,,1423,29,0,133 134,0
36501,'3823594e52252d7f6b14',950,,1428,29,0,132 117,0,809,,1427,29,0,132 117,0
36501,'3c550d10735a472e4755',751,,1433,29,0,135 25,0
36501,'484f0e366a041c114e35',1007,,1432,29,0,133 134,0
36501,'59737b0d0f044b52693e',1811,,1431,29,0,133 134,0
