39301,'0a2f1e22095132130163',1735,,854,8,0,162,0
39301,'2b037649673f32451d0b',1307,,856,3,0,162,0
39301,'31744f7e5638320a2d4c',1250,,1599,7,0,162,0
39301,'553d275f1455102c362a',1735,,1601,7,0,162,0
39301,'725616403949496a5c67',1250,,857,8,0,162,0
39401,'2a5b3362091f52630354',733,,877,6,,,0
39401,'4e3f30715c2160755238',733,,1613,6,,,0
39501,'1443632b3566627b2e20',915,,1619,4,0,163,0,495,,1620,4,0,163,0,405,,1621,4,0,163,0
39501,'2a08755845643968295b',815,,892,4,0,163,0,435,,893,2,0,163,0,185,,894,4,0,163,0,295,,895,2,0,163,0,105,,896,4,0,163,0
39501,'2a5b3362091f52630354',815,,897,4,0,163,0,435,,898,2,0,163,0,185,,899,4,0,163,0,295,,900,2,0,163,0,105,,901,4,0,163,0
39801,'0a2f1e22095132130163',1741,,915,8,,,0
39801,'31744f7e5638320a2d4c',1250,,1635,7,,,0
39801,'553d275f1455102c362a',1741,,1636,7,,,0
39801,'725616403949496a5c67',1250,,916,8,,,0
