36201,'02070559307629202a09',1631,,584,13,0,87 88,0,275,,583,13,0,87 88,0
36201,'1c2e3625233d01453772',1306,,1383,13,0,87 89,0,295,,1384,13,0,85 92,0,107,,1385,13,0,87 89,0,100,,1386,13,0,87 88,0,98,,1387,13,0,87 89,0
36201,'1f5759673f12020b0a50',1631,,1389,13,0,87 88,0,275,,1388,13,0,87 88,0
36201,'2a5b3362091f52630354',906,,585,13,0,87 88,0,725,,586,13,0,85 92,0,103,,587,13,0,87 88,0
36201,'4d7a6615443531084902',1306,,588,13,0,87 89,0,295,,589,13,0,85 92,0,107,,590,13,0,87 89,0,100,,591,13,0,87 88,0,98,,592,13,0,87 89,0
36201,'7f443a14596255477616',906,,1390,13,0,87 88,0,725,,1391,13,0,85 92,0,103,,1392,13,0,87 88,0
36901,'02070559307629202a09',1641,,673,13,0,128 129,0
36901,'1a20552b5a400f716a1b',1045,,674,13,0,130 131,0,780,,675,13,0,130 131,0
36901,'1c2e3625233d01453772',1827,,1443,13,0,128 129,0,76,,1444,13,0,128 129,0
36901,'1f5759673f12020b0a50',1641,,1445,13,0,128 129,0
36901,'2a5b3362091f52630354',1311,,676,13,0,128 129,0,327,,677,13,0,128 129,0,104,,678,13,0,130 131,0
36901,'3823594e52252d7f6b14',1045,,1446,13,0,130 131,0,784,,1447,13,0,130 131,0
36901,'494a652c1e455e3d7c72',1311,,1448,13,0,128 129,0
36901,'4d7a6615443531084902',1827,,679,13,0,128 129,0,76,,680,13,0,128 129,0
36901,'7f443a14596255477616',1638,,1449,13,0,128 129,0,104,,1450,13,0,130 131,0
37301,'02070559307629202a09',1446,,687,13,0,143 45,0
37301,'1c2e3625233d01453772',906,,1457,13,0,143 45,0,828,,1458,13,0,143 45,0
37301,'1f5759673f12020b0a50',1446,,1459,13,0,143 45,0
37301,'2a5b3362091f52630354',1706,,688,13,0,143 45,0
37301,'31744f7e5638320a2d4c',1311,,1460,13,0,143 45,0
37301,'4d7a6615443531084902',906,,689,13,0,143 45,0,828,,690,13,0,143 45,0
37301,'4f0277002864772e6462',1831,,1461,13,0,143 45,0
37301,'52166b36781a3037644c',1831,,691,13,0,143 45,0
37301,'725616403949496a5c67',1311,,692,13,0,143 45,0
37301,'7f443a14596255477616',1708,,1462,13,0,143 45,0
38801,'02070559307629202a09',1258,,790,7,0,81 25,0,270,,789,7,0,81 25,0
38801,'1a20552b5a400f716a1b',950,,791,7,0,81 25,0
38801,'1c2e3625233d01453772',818,,1560,7,0,81 25,0,100,,1561,7,0,81 25,0,340,,1562,7,0,81 82,0,190,,1563,7,0,81 25,0,252,,1557,7,0,83 84,0,100,,1558,7,0,83 84,0,100,,1559,7,0,81 82,0
38801,'1f5759673f12020b0a50',1258,,1565,7,0,81 25,0,270,,1564,7,0,81 25,0
38801,'2a5b3362091f52630354',848,,797,7,0,81 25,0,100,,798,7,0,81 25,0,580,,792,7,0,81 25,0,102,,793,7,0,81 25,0,100,,794,7,0,81 82,0,100,,795,7,0,81 82,0,100,,796,7,0,81 25,0
38801,'2c295b0e5f4444502b59',1820,,799,7,0,81 25,0
38801,'3823594e52252d7f6b14',950,,1567,7,0,81 25,0
38801,'4d7a6615443531084902',818,,803,7,0,81 25,0,100,,804,7,0,81 25,0,340,,805,7,0,81 82,0,190,,806,7,0,81 25,0,252,,800,7,0,83 84,0,100,,801,7,0,83 84,0,100,,802,7,0,81 82,0
38801,'7a7c2673351c18595c18',1820,,1568,7,0,81 25,0
38801,'7f443a14596255477616',848,,1574,7,0,81 25,0,100,,1575,7,0,81 25,0,580,,1569,7,0,81 25,0,102,,1570,7,0,81 25,0,100,,1571,7,0,81 82,0,100,,1572,7,0,81 82,0,100,,1573,7,0,81 25,0
