35101,'1e386a27476c5b6e1461',1922,,1184,60,0,20 21 22,0,110,,1185,51,0,20 21 22,0
35101,'1f5759673f12020b0a50',1947,,1176,51,0,20 21 22,0
35101,'2a2423055d636f354b6d',1017,,1179,51,0,20 21 22,0,340,,1180,51,0,20 21 22,0,190,,1181,51,0,20 21 22,0
35101,'31744f7e5638320a2d4c',1447,,1177,60,0,20 21 22,0
35101,'3823594e52252d7f6b14',1102,,1178,51,0,20 21 22,0
35101,'7a7c2673351c18595c18',1902,,1182,51,0,20 21 22,0
35501,'033e170961301f7a0308',1009,,1662,39,0,20 21 22,0,345,,1663,39,0,20 21 22,0,370,,1661,39,0,20 21 22,0
35501,'055e00325b240c7d4777',1149,,1235,41,0,20 21 22,0,755,,1234,41,0,20 21 22,0
35501,'12050f054d0a0f53752f',1403,,1239,39,0,20 21 22,0
35501,'126535785649426e467c',1728,,1664,39,0,20 21 22,0,180,,1665,39,0,20 21 22,0
35501,'210a7c3e60384f725e7c',1149,,1668,41,0,20 21 22,0,755,,1667,41,0,20 21 22,0
35501,'2530772d5b5960361a09',2004,,1237,41,0,20 21 22,0
35501,'371d2f0f7337032c2b25',1408,,1233,39,0,20 21 22,0
35501,'3a3841530321505b7b18',1403,,1669,39,0,20 21 22,0
35501,'4f67586f291357636e2f',2004,,1671,41,0,20 21 22,0
35501,'59737b0d0f044b52693e',1404,,1675,39,0,20 21 22,0,320,,1674,39,0,20 21 22,0
35501,'5d21673510580b5d6c6e',1408,,1676,39,0,20 21 22,0
35501,'723148100c272b183b65',1009,,1231,39,0,20 21 22,0,345,,1232,39,0,20 21 22,0,370,,1230,39,0,20 21 22,0
35501,'7249395f521c57637d3d',1728,,1242,39,0,20 21 22,0,175,,1243,39,0,20 21 22,0
