32400,'2c5f74455e25454d432d',1245,,1081,16,0,51 10 52 2 29,0
32400,'3f242a2f47502e255740',635,,155,16,0,51 10 52 2 29,0
36000,'114a44065a5209536517',842,,535,14,0,51 10 52 2 29,0,208,,536,9,0,51 10 52 2 29,0,792,,537,14,0,51 10 52 2 29,0
36000,'3f242a2f47502e255740',702,,531,14,0,51 10 52 2 29,0,25,,532,14,0,51 10 52 2 29,0,409,,1370,14,0,51 10 52 2 29,0,581,,533,14,0,51 10 52 2 29,0
36000,'3f4d67570e29103a1e70',935,,523,9,0,51 10 52 2 29,0,910,,522,9,0,51 10 52 2 29,0
36000,'79634f716a31375a174a',1136,,534,14,0,51 10 52 2 29,0
36300,'1e386a27476c5b6e1461',622,,1397,5,0,9 10 11,0
36300,'1f5759673f12020b0a50',1242,,1394,5,0,9 10 11,0
36300,'2f16807a52596335736c',652,,1393,5,0,9 10 11,0
36300,'3c2a73256541336f410c',1242,,1395,5,0,9 10 11,0
36400,'114a44065a5209536517',1332,,618,5,0,51 10 52 2 29,0,200,,619,5,0,51 10 52 2 29,0
36400,'3f242a2f47502e255740',702,,613,5,0,51 10 52 2 29,0,30,,614,5,0,51 10 52 2 29,0,70,,615,5,0,51 10 52 2 29,0,906,,616,5,0,51 10 52 2 29,0,104,,617,5,0,51 10 52 2 29,0
36400,'3f4d67570e29103a1e70',1543,,603,5,0,51 10 52 2 29,0
36400,'4a0603184e160563480a',847,,604,5,0,51 10 52 2 29,0
