30401,'1e7832711c690d2e452a',1808,,1041,7,0,46 47 48,0
30401,'2f16807a52596335736c',732,,1033,7,0,46 47 48,0,70,,1034,7,0,46 47 48,0,30,,1035,7,0,46 47 48,0,70,,1036,7,0,46 47 48,0,30,,1037,7,0,46 47 48,0,721,,1038,7,0,46 47 48,0,70,,1039,7,0,46 47 48,0,30,,1040,7,0,46 47 48,0,70,,1029,7,0,46 47 48,0,30,,1030,7,0,46 47 48,0,70,,1031,7,0,46 47 48,0,30,,1032,7,0,46 47 48,0
35400,'2f16807a52596335736c',620,,1207,3,0,9 26,0,600,,1211,3,0,9 26,0
35501,'033e170961301f7a0308',935,,1662,27,0,20 21 22,0,390,,1663,27,0,20 21 22,0,325,,1661,27,0,20 21 22,0
35501,'055e00325b240c7d4777',1115,,1235,29,0,20 21 22,0,715,,1234,29,0,20 21 22,0
35501,'12050f054d0a0f53752f',1328,,1239,27,0,20 21 22,0
35501,'126535785649426e467c',859,,1666,29,0,49 50,0,794,,1664,27,0,20 21 22,0,181,,1665,27,0,20 21 22,0
35501,'210a7c3e60384f725e7c',1115,,1668,29,0,20 21 22,0,715,,1667,29,0,20 21 22,0
35501,'2530772d5b5960361a09',1618,,1236,27,0,49 50,0,312,,1237,29,0,20 21 22,0
35501,'371d2f0f7337032c2b25',1333,,1233,27,0,20 21 22,0
35501,'3a3841530321505b7b18',1328,,1669,27,0,20 21 22,0
35501,'4f67586f291357636e2f',1618,,1670,27,0,49 50,0,312,,1671,29,0,20 21 22,0
35501,'566406012b1e7e430018',1128,,1673,27,0,49 50,0
35501,'59737b0d0f044b52693e',1330,,1675,27,0,20 21 22,0,320,,1674,27,0,20 21 22,0
35501,'5d21673510580b5d6c6e',1333,,1676,27,0,20 21 22,0
35501,'723148100c272b183b65',935,,1231,27,0,20 21 22,0,390,,1232,27,0,20 21 22,0,325,,1230,27,0,20 21 22,0
35501,'7249395f521c57637d3d',859,,1244,29,0,49 50,0,269,,1229,27,0,49 50,0,525,,1242,27,0,20 21 22,0,176,,1243,27,0,20 21 22,0
37500,'1e386a27476c5b6e1461',700,,1463,3,0,23 24 18,0
