35100,'1f5759673f12020b0a50',749,,1159,3,0,9 10 11,0,375,,1160,3,0,9 10 11,0
35100,'3823594e52252d7f6b14',834,,1165,3,0,9 10 11,0,785,,1164,3,0,9 10 11,0
35100,'4f0277002864772e6462',1034,,1168,3,0,9 10 11,0,225,,1166,3,0,9 10 11,0,150,,1167,3,0,9 10 11,0
35100,'59737b0d0f044b52693e',1124,,1171,3,0,9 10 11,0
35100,'7f443a14596255477616',604,,1172,3,0,9 10 11,0,15,,1173,3,0,9 10 11,0
35500,'033e170961301f7a0308',719,,1649,3,0,9 26,0
35500,'055e00325b240c7d4777',834,,1220,3,0,9 10 11,0,715,,1219,3,0,9 10 11,0
35500,'126535785649426e467c',609,,1651,3,0,9 10 11,0
35500,'210a7c3e60384f725e7c',834,,1654,3,0,9 10 11,0,715,,1653,3,0,9 10 11,0
35500,'4f67586f291357636e2f',1224,,1658,3,0,9 26,0
35500,'59737b0d0f044b52693e',634,,1660,3,0,9 10 11,0
35500,'5d5f40704724192d5825',624,,1227,3,0,9 10 11,0
35500,'723148100c272b183b65',719,,1218,3,0,9 26,0
35500,'7360781f782d14543c3f',1224,,1224,3,0,9 26,0
37500,'7f443a14596255477616',726,,1464,2,0,23 24 18,0
37501,'31744f7e5638320a2d4c',1224,,1466,10,0,20 21 22,0
37501,'553d275f1455102c362a',1814,,1467,10,0,28 29,0
