36901,'1e386a27476c5b6e1461',1703,,1449,16,0,128 129,0,113,,1450,16,0,130 131,0
36901,'1f5759673f12020b0a50',1704,,1445,16,0,128 129,0
36901,'2f16807a52596335736c',1856,,1443,16,0,128 129,0,72,,1444,16,0,128 129,0
36901,'3823594e52252d7f6b14',1105,,1446,16,0,130 131,0,741,,1447,16,0,130 131,0
36901,'71472061383531535e0f',1334,,1448,16,0,128 129,0
37301,'1e386a27476c5b6e1461',1741,,1462,16,0,143 45,0
37301,'1f5759673f12020b0a50',1508,,1459,16,0,143 45,0
37301,'2a2423055d636f354b6d',1855,,1461,16,0,143 45,0
37301,'2f16807a52596335736c',930,,1457,16,0,143 45,0,885,,1458,16,0,143 45,0
37301,'31744f7e5638320a2d4c',1338,,1460,16,0,143 45,0
