30400,'1e386a27476c5b6e1461',648,,1028,4,0,7 8,0
30400,'2f16807a52596335736c',603,,1020,4,0,7 8,0,30,,1021,4,0,7 8,0,70,,1022,4,0,7 8,0,30,,1023,4,0,7 8,0,70,,1024,4,0,7 8,0,30,,1025,4,0,7 8,0,720,,1026,4,0,7 8,0,70,,1027,4,0,7 8,0,30,,1016,4,0,7 8,0,70,,1017,4,0,7 8,0,30,,1018,4,0,7 8,0,70,,1019,4,0,7 8,0
35401,'1e386a27476c5b6e1461',1910,,1216,30,0,28 29,0
35401,'2f16807a52596335736c',1405,,1212,30,0,28 29,0,550,,1214,30,0,28 29,0
35401,'59737b0d0f044b52693e',1902,,1215,30,0,28 29,0
35500,'033e170961301f7a0308',752,,1649,14,0,9 26,0
35500,'055e00325b240c7d4777',907,,1220,14,0,9 10 11,0,715,,1219,14,0,9 10 11,0
35500,'126535785649426e467c',632,,1650,4,0,9 10 11,0,13,,1651,14,0,9 10 11,0
35500,'210a7c3e60384f725e7c',907,,1654,14,0,9 10 11,0,715,,1653,14,0,9 10 11,0
35500,'2530772d5b5960361a09',1146,,1223,4,0,9 26,0,112,,1224,14,0,9 26,0,378,,1222,4,0,9 26,0
35500,'4f67586f291357636e2f',1146,,1657,4,0,9 26,0,112,,1658,14,0,9 26,0,378,,1656,4,0,9 26,0
35500,'566406012b1e7e430018',906,,1659,4,0,9 26,0
35500,'59737b0d0f044b52693e',707,,1660,14,0,9 10 11,0
35500,'723148100c272b183b65',752,,1218,14,0,9 26,0
35500,'7249395f521c57637d3d',632,,1226,4,0,9 10 11,0,68,,1227,14,0,9 10 11,0,206,,1217,4,0,9 26,0
37501,'1e7832711c690d2e452a',1845,,1467,21,0,28 29,0
37501,'31744f7e5638320a2d4c',1252,,1465,21,0,28 29,0
