34201,'1e386a27476c5b6e1461',1805,,1093,18,0,135 25,0
34201,'1f5759673f12020b0a50',1805,,1638,20,0,135 25,0
34201,'2f16807a52596335736c',1320,,1091,20,0,135 25,0,535,,1637,20,0,135 25,0
34201,'59737b0d0f044b52693e',1805,,1639,20,0,135 25,0
36500,'1e386a27476c5b6e1461',704,,1419,12,0,9 10 11,0,628,,1418,12,0,9 10 11,0
36500,'1f5759673f12020b0a50',704,,1408,12,0,9 10 11,0
36500,'2a2423055d636f354b6d',1726,,1415,12,0,9 10 11,0
36500,'2c14404d6d61074b6d28',1152,,1409,12,0,9 10 11,0
36500,'2f16807a52596335736c',604,,1404,12,0,9 10 11,0,31,,1405,12,0,133 134,0
36500,'2f6b6069415f08614303',1152,,1410,12,0,9 10 11,0
36500,'3823594e52252d7f6b14',917,,1413,12,0,9 10 11,0,803,,1412,12,0,9 10 11,0
