30101,'1c2e3625233d01453772',737,,952,6,0,20 21 22,0,72,,953,6,0,20 21 22,0,33,,954,6,0,20 21 22,0,66,,955,6,0,20 21 22,0,29,,956,6,0,20 21 22,0,774,,957,6,0,20 21 22,0,30,,958,6,0,20 21 22,0,70,,947,6,0,20 21 22,0,26,,948,6,0,20 21 22,0,70,,949,6,0,20 21 22,0,30,,950,6,0,20 21 22,0,70,,951,6,0,20 21 22,0
30101,'44487e3c3e7f21570e19',1826,,959,6,0,20 21 22,0
30101,'5e30330704346c1e144e',737,,23,6,0,20 21 22,0,70,,24,6,0,20 21 22,0,30,,25,6,0,20 21 22,0,70,,26,6,0,20 21 22,0,30,,27,6,0,20 21 22,0,770,,28,6,0,20 21 22,0,30,,29,6,0,20 21 22,0,70,,18,6,0,20 21 22,0,30,,19,6,0,20 21 22,0,70,,20,6,0,20 21 22,0,30,,21,6,0,20 21 22,0,70,,22,6,0,20 21 22,0
30101,'7f443a14596255477616',1726,,960,6,0,20 21 22,0,30,,961,6,0,20 21 22,0
35101,'1f5759673f12020b0a50',1933,,1176,43,0,20 21 22,0
35101,'300d603a345a5010103b',1003,,312,43,0,20 21 22,0,340,,313,43,0,20 21 22,0,190,,314,43,0,20 21 22,0
35101,'31744f7e5638320a2d4c',1436,,1177,52,0,20 21 22,0
35101,'3823594e52252d7f6b14',1048,,1178,43,0,20 21 22,0
35101,'485f012a2c6b445e7a47',1848,,310,43,0,20 21 22,0
35101,'4f0277002864772e6462',1003,,1179,43,0,20 21 22,0,340,,1180,43,0,20 21 22,0,190,,1181,43,0,20 21 22,0
35101,'5c112750394b6b07283a',1933,,302,43,0,20 21 22,0
35101,'75034b1d5a2e41380d0c',1048,,303,43,0,20 21 22,0
35101,'7a7c2673351c18595c18',1848,,1182,43,0,20 21 22,0
35101,'7f443a14596255477616',1910,,1184,52,0,20 21 22,0,108,,1185,43,0,20 21 22,0
37501,'31744f7e5638320a2d4c',1214,,1466,3,0,20 21 22,0
37501,'553d275f1455102c362a',1804,,1467,3,0,28 29,0
