36200,'1e386a27476c5b6e1461',750,,1379,16,0,9 10 11,0,193,,1380,16,0,9 10 11,0,611,,1381,12,0,9 10 11,0,98,,1382,16,0,9 10 11,0
36200,'1f5759673f12020b0a50',943,,1377,16,0,9 10 11,0,261,,1378,16,0,9 10 11,0
36200,'2f16807a52596335736c',712,,1374,17,0,9 10 11,0,110,,1375,17,0,9 10 11,0,382,,1376,17,0,9 10 11,0,550,,1373,16,0,9 10 11,0
36900,'1f5759673f12020b0a50',1054,,1439,19,0,9 10 11,0
36900,'2f16807a52596335736c',738,,1437,19,0,9 10 11,0,168,,1438,18,0,9 10 11,0
36900,'3823594e52252d7f6b14',937,,1440,18,0,9 10 11,0,781,,1441,18,0,9 10 11,0
36900,'71472061383531535e0f',704,,1442,18,0,9 10 11,0
37300,'1e386a27476c5b6e1461',758,,1455,23,0,9 10 11,0,88,,1456,23,0,9 10 11,0
37300,'1f5759673f12020b0a50',846,,1453,23,0,9 10 11,0
37300,'2a2423055d636f354b6d',1323,,1454,23,0,9 10 11,0
37300,'2f16807a52596335736c',728,,1451,23,0,9 10 11,0,889,,1452,23,0,9 10 11,0
38800,'1e386a27476c5b6e1461',652,,1553,18,0,9 30,0,97,,1555,22,0,9 30,0,151,,1556,18,0,9 30,0,758,,1551,18,0,9 30,0,169,,1552,18,0,9 30,0
38800,'2a2423055d636f354b6d',1125,,1549,18,0,9 30,0,200,,1548,18,0,9 30,0
38800,'2f16807a52596335736c',726,,1544,20,0,9 30,0,78,,1545,22,0,9 30,0,30,,1546,20,0,9 30,0,691,,1541,22,0,9 30,0,100,,1542,18,0,9 30,0,102,,1543,22,0,9 30,0
38800,'3823594e52252d7f6b14',1654,,1547,18,0,9 30,0
38800,'7a7c2673351c18595c18',854,,1550,18,0,9 30,0
