35300,'0a041e0d5834764b5d6a',703,,1198,10,0,7 8,0,550,,1199,10,0,7 8,0,558,,1200,10,0,7 8,0
35300,'6c79775968333e371768',653,,1640,10,0,7 8,0,600,,1641,10,0,7 8,0,558,,1642,10,0,7 8,0
35500,'033e170961301f7a0308',814,,1649,25,0,9 26,0
35500,'055e00325b240c7d4777',929,,1220,25,0,9 10 11,0,715,,1219,25,0,9 10 11,0
35500,'126535785649426e467c',658,,1650,15,0,9 10 11,0,53,,1651,25,0,9 10 11,0,107,,1652,4,0,9 26,0
35500,'210a7c3e60384f725e7c',929,,1654,25,0,9 10 11,0,715,,1653,25,0,9 10 11,0
35500,'4f67586f291357636e2f',1208,,1657,15,0,9 26,0,110,,1658,25,0,9 26,0,118,,1655,4,0,9 26,0,222,,1656,15,0,9 26,0
35500,'566406012b1e7e430018',928,,1659,15,0,9 26,0
35500,'59737b0d0f044b52693e',729,,1660,25,0,9 10 11,0
35500,'5d5f40704724192d5825',658,,1226,15,0,9 10 11,0,68,,1227,25,0,9 10 11,0,92,,1228,4,0,9 26,0,110,,1217,15,0,9 26,0
35500,'723148100c272b183b65',814,,1218,25,0,9 26,0
35500,'7360781f782d14543c3f',1208,,1223,15,0,9 26,0,110,,1224,25,0,9 26,0,118,,1221,4,0,9 26,0,222,,1222,15,0,9 26,0
