35900,'114a44065a5209536517',734,,500,20,0,51 10 52 2 29,0,405,,501,20,0,51 10 52 2 29,0,195,,502,20,0,51 10 52 2 29,0
35900,'2c5f74455e25454d432d',701,,1369,20,0,51 10 52 2 29,0,1133,,1368,20,0,51 10 52 2 29,0
35900,'3f242a2f47502e255740',636,,497,20,0,51 10 52 2 29,0,168,,498,20,0,51 10 52 2 29,0,730,,499,20,0,51 10 52 2 29,0,180,,496,20,0,51 10 52 2 29,0
35900,'4a0603184e160563480a',849,,485,20,0,51 10 52 2 29,0
35900,'4b6f482a4a7216552331',1649,,484,20,0,51 10 52 2 29,0
36100,'114a44065a5209536517',1244,,561,15,0,51 10 52 2 29,0
36100,'2c5f74455e25454d432d',729,,1371,15,0,51 10 52 2 29,0,800,,1372,15,0,51 10 52 2 29,0
36100,'3f242a2f47502e255740',629,,558,15,0,51 10 52 2 29,0,415,,559,15,0,51 10 52 2 29,0
36100,'3f4d67570e29103a1e70',839,,552,15,0,51 10 52 2 29,0
36100,'4b6f482a4a7216552331',1529,,551,15,0,51 10 52 2 29,0
36100,'79634f716a31375a174a',729,,560,15,0,51 10 52 2 29,0
