39300,'2a5b3362091f52630354',630,,851,1,0,160,0
39300,'7f443a14596255477616',630,,1597,1,0,160,0
39301,'0a2f1e22095132130163',1830,,855,30,4,,0
39301,'31744f7e5638320a2d4c',1340,,1600,29,4,,0
39301,'553d275f1455102c362a',1830,,1602,29,4,,0
39301,'725616403949496a5c67',1340,,858,30,4,,0
39400,'012705765b230d454c07',1541,,1603,21,,,0
39400,'02070559307629202a09',906,,859,21,,,0,640,,860,21,,,0
39400,'1443632b3566627b2e20',731,,1604,21,,,0,390,,1605,21,,,0,515,,1606,21,,,0
39400,'2a08755845643968295b',731,,863,21,,,0,390,,864,21,,,0,515,,865,21,,,0
39400,'2a5b3362091f52630354',731,,866,21,,,0,390,,867,21,,,0,515,,868,21,,,0
39400,'693b6416011017175f3d',1541,,870,21,,,0
39400,'79634f716a31375a174a',906,,1609,21,,,0,640,,1610,21,,,0
39401,'02070559307629202a09',1723,,872,22,,,0
39401,'1443632b3566627b2e20',923,,1611,22,,,0,890,,1612,22,,,0
39401,'220e7e723c71704c1463',1313,,873,22,,,0
39401,'2a08755845643968295b',923,,875,22,,,0,890,,876,22,,,0
39401,'2a5b3362091f52630354',923,,878,23,,,0,390,,879,23,,,0,500,,880,23,,,0
39401,'5a1f120d085a5346570a',1313,,1614,22,,,0
39401,'79634f716a31375a174a',1723,,1615,22,,,0
