39400,'012705765b230d454c07',1534,,1603,17,,,0
39400,'1443632b3566627b2e20',724,,1604,17,,,0,390,,1605,17,,,0,515,,1606,17,,,0
39400,'3a511f30370a721b2433',859,,859,17,,,0,680,,860,17,,,0
39400,'69181125652d7e4d6a80',724,,863,17,,,0,390,,864,17,,,0,515,,865,17,,,0
39400,'79634f716a31375a174a',859,,1609,17,,,0,680,,1610,17,,,0
39401,'1443632b3566627b2e20',931,,1611,26,,,0,890,,1612,26,,,0
39401,'3a511f30370a721b2433',1731,,872,26,,,0
39401,'5a1f120d085a5346570a',1321,,1614,26,,,0
39401,'69181125652d7e4d6a80',931,,875,26,,,0,890,,876,26,,,0
39401,'702c275e051204394d01',1321,,873,26,,,0
39401,'79634f716a31375a174a',1731,,1615,26,,,0
