39301,'0a2f1e22095132130163',1825,,855,27,0,162,0
39301,'31744f7e5638320a2d4c',1337,,1600,26,0,162,0
39301,'553d275f1455102c362a',1825,,1602,26,0,162,0
39301,'725616403949496a5c67',1337,,858,27,0,162,0
39400,'012705765b230d454c07',1537,,1603,18,,,0
39400,'02070559307629202a09',902,,859,18,,,0,640,,860,18,,,0
39400,'1443632b3566627b2e20',727,,1604,18,,,0,390,,1605,18,,,0,515,,1606,18,,,0
39400,'2a08755845643968295b',727,,863,18,,,0,390,,864,18,,,0,515,,865,18,,,0
39400,'2a5b3362091f52630354',727,,866,18,,,0,390,,867,18,,,0,515,,868,18,,,0
39400,'693b6416011017175f3d',1537,,870,18,,,0
39400,'79634f716a31375a174a',902,,1609,18,,,0,640,,1610,18,,,0
