36501,'0e5131610429337c0530',805,,1420,39,0,135 25,0,117,,1421,39,0,166 32,0
36501,'1e386a27476c5b6e1461',722,,1436,39,0,132 117,0,1001,,1434,39,0,132 117,0,114,,1435,39,0,133 134,0
36501,'1f5759673f12020b0a50',1908,,1425,39,0,132 117,0
36501,'2a2423055d636f354b6d',1345,,1429,39,0,132 117,0,181,,1430,39,0,132 117,0
36501,'2c14404d6d61074b6d28',1022,,1426,39,0,133 134,0
36501,'2f16807a52596335736c',1904,,1422,39,0,132 117,0,44,,1423,39,0,133 134,0
36501,'3823594e52252d7f6b14',1011,,1428,39,0,132 117,0,812,,1427,39,0,132 117,0
36501,'3c550d10735a472e4755',805,,1433,39,0,135 25,0
36501,'484f0e366a041c114e35',1022,,1432,39,0,133 134,0
36501,'59737b0d0f044b52693e',1825,,1431,39,0,133 134,0
