35801,'1c2e3625233d01453772',1928,,1359,42,0,91 92,0
35801,'1f5759673f12020b0a50',1509,,1360,42,0,91 92,0,413,,1361,42,0,91 92,0
35801,'3823594e52252d7f6b14',1056,,1362,42,0,91 92,0,851,,1363,42,0,91 92,0
35801,'39416a4548121b3b4e21',1928,,481,42,0,91 92,0
35801,'494a652c1e455e3d7c72',1354,,1364,42,0,91 92,0
35801,'4a3e0d44711c226a7b13',1010,,482,42,0,91 92,0,817,,483,42,0,93 94 95,0
35801,'4f0277002864772e6462',1010,,1365,42,0,91 92,0,817,,1366,42,0,93 94 95,0
35801,'765554443e157938074f',1056,,477,42,0,91 92,0,851,,478,42,0,91 92,0
35801,'7e6273386a42064a2f0b',1509,,475,42,0,91 92,0,413,,476,42,0,91 92,0
35801,'7f443a14596255477616',1852,,1367,42,0,91 92,0
