35601,'02070559307629202a09',630,,403,2,0,12 2 13 14,0,715,,402,2,0,15 2 16 17,0
35601,'220e7e723c71704c1463',815,,406,2,0,15 2 16 17,0,415,,404,2,0,15 2 16 17,0,570,,405,2,0,12 2 13 14,0
35601,'295d5e0567072f655d20',900,,407,2,0,15 2 16 17,0,800,,408,2,0,15 2 16 17,0
35601,'2a08755845643968295b',630,,412,2,0,12 2 13 14,0,970,,409,2,0,15 2 16 17,0,40,,410,2,0,12 2 13 14,0,80,,411,2,0,12 2 13 14,0
35601,'2a5b3362091f52630354',620,,415,2,0,12 2 13 14,0,190,,421,2,0,12 2 13 14,0,420,,413,2,0,12 2 13 14,0,370,,414,2,0,12 2 13 14,0,40,,416,2,0,12 2 13 14,0,80,,417,2,0,12 2 13 14,0,80,,418,2,0,12 2 13 14,0
35601,'4d7a6615443531084902',1200,,422,2,0,12 2 13 14,0,200,,423,2,0,12 2 13 14,0,100,,424,2,0,12 2 13 14,0,350,,425,2,0,12 2 13 14,0
35601,'52166b36781a3037644c',1915,,426,2,0,12 2 13 14,0
35601,'693b6416011017175f3d',1515,,427,2,0,12 2 13 14,0
35701,'02070559307629202a09',816,,445,2,0,12 2 13 14,0
35701,'1a20552b5a400f716a1b',1916,,446,2,0,12 2 13 14,0
35701,'220e7e723c71704c1463',901,,448,2,0,15 2 16 17,0,840,,447,2,0,12 2 13 14,0
35701,'295d5e0567072f655d20',1031,,449,2,0,15 2 16 17,0
35701,'2a08755845643968295b',746,,452,2,0,12 2 13 14,0,385,,453,2,0,15 2 16 17,0,570,,450,2,0,12 2 13 14,0,120,,451,2,0,12 2 13 14,0
35701,'2a5b3362091f52630354',746,,457,2,0,12 2 18 19,0,155,,458,2,0,12 2 13 14,0,230,,459,2,0,12 2 13 14,0,570,,454,2,0,12 2 13 14,0,40,,455,2,0,12 2 13 14,0,80,,456,2,0,12 2 13 14,0
35701,'4d7a6615443531084902',1301,,463,2,0,12 2 13 14,0,250,,460,2,0,12 2 13 14,0,90,,461,2,0,12 2 13 14,0,290,,462,2,0,12 2 13 14,0
35801,'02070559307629202a09',1406,,475,2,0,91 2 92,0,410,,476,2,0,91 2 92,0
35801,'1a20552b5a400f716a1b',1001,,477,2,0,91 2 92,0,810,,478,2,0,91 2 92,0
35801,'2a5b3362091f52630354',1251,,479,2,0,91 2 92,0,485,,480,2,0,91 2 92,0
35801,'4d7a6615443531084902',1816,,481,2,0,91 2 92,0
35801,'52166b36781a3037644c',906,,482,2,0,91 2 92,0,805,,483,2,0,93 2 94 95,0
