35101,'02070559307629202a09',1859,,302,20,0,20 21 22,0
35101,'1a20552b5a400f716a1b',1014,,303,20,0,20 21 22,0
35101,'1f5759673f12020b0a50',1859,,1176,20,0,20 21 22,0
35101,'2a5b3362091f52630354',653,,307,20,0,23 24 18,0,148,,309,20,0,23 24 18,0,822,,304,20,0,23 25,0,203,,305,20,0,20 21 22,0,118,,306,20,0,20 21 22,0
35101,'2c295b0e5f4444502b59',1814,,310,20,0,20 21 22,0
35101,'31744f7e5638320a2d4c',1351,,1177,20,0,20 21 22,0
35101,'3823594e52252d7f6b14',1014,,1178,20,0,20 21 22,0
35101,'4f0277002864772e6462',929,,1179,20,0,20 21 22,0,380,,1180,20,0,20 21 22,0,150,,1181,20,0,20 21 22,0
35101,'52166b36781a3037644c',929,,312,20,0,20 21 22,0,380,,313,20,0,20 21 22,0,150,,314,20,0,20 21 22,0
35101,'725616403949496a5c67',1351,,315,20,0,20 21 22,0
35101,'7a7c2673351c18595c18',1814,,1182,20,0,20 21 22,0
35101,'7f443a14596255477616',653,,1186,20,0,23 24 18,0,148,,1188,20,0,23 24 18,0,822,,1183,20,0,23 25,0,203,,1184,20,0,20 21 22,0,118,,1185,20,0,20 21 22,0
