35701,'055e00325b240c7d4777',1035,,449,5,0,15 16 17,0
35701,'0d4e3278231744213640',1745,,1326,5,0,12 13 14,0
35701,'1c2e3625233d01453772',1305,,1330,5,0,12 13 14,0,250,,1327,5,0,12 13 14,0,90,,1328,5,0,12 13 14,0,290,,1329,5,0,12 13 14,0
35701,'320823102b697f311363',820,,1331,5,0,12 13 14,0
35701,'332311354b01253e3615',820,,1332,5,0,12 18 19,0
35701,'3823594e52252d7f6b14',1920,,1333,5,0,12 13 14,0
35701,'494a652c1e455e3d7c72',905,,1334,5,0,12 13 14,0,230,,1335,5,0,12 13 14,0
35701,'59445e7d50034e156e11',1745,,1336,5,0,12 13 14,0
35701,'59737b0d0f044b52693e',750,,1339,5,0,12 13 14,0,955,,1337,5,0,12 13 14,0,120,,1338,5,0,12 13 14,0
35701,'61121d2d1b1669750837',1035,,1340,5,0,12 13 14,0
35701,'634b592b186b573b6758',1035,,1341,5,0,15 16 17,0
35701,'6d0c424c36686c087407',905,,1342,5,0,15 16 17,0
35701,'7c40501f37807a467b28',1135,,1343,5,0,15 16 17,0
35701,'7f443a14596255477616',750,,1347,5,0,12 18 19,0,955,,1344,5,0,12 13 14,0,40,,1345,5,0,12 13 14,0,80,,1346,5,0,12 13 14,0
35801,'1c2e3625233d01453772',1819,,1359,5,0,91 92,0
35801,'1f5759673f12020b0a50',1409,,1360,5,0,91 92,0,409,,1361,5,0,91 92,0
35801,'3823594e52252d7f6b14',1003,,1362,5,0,91 92,0,810,,1363,5,0,91 92,0
35801,'494a652c1e455e3d7c72',1254,,1364,5,0,91 92,0
35801,'4f0277002864772e6462',909,,1365,5,0,91 92,0,806,,1366,5,0,93 94 95,0
35801,'7f443a14596255477616',1739,,1367,5,0,91 92,0
