35601,'055e00325b240c7d4777',953,,407,48,0,15 16 17,0,802,,408,48,0,15 16 17,0
35601,'075f4276790e1e273655',1455,,1276,48,0,15 16 17,0
35601,'0a3c663a7d504d200835',1610,,1277,48,0,12 13 14,0
35601,'184134507f4517151633',905,,1279,48,0,12 13 14,0
35601,'1e386a27476c5b6e1461',715,,1304,9,0,12 13 14,0,196,,1306,48,0,12 13 14,0,834,,1302,48,0,12 13 14,0,80,,1303,48,0,12 13 14,0
35601,'1f5759673f12020b0a50',725,,1284,48,0,12 13 14,0
35601,'2943795d360756687162',1325,,1278,48,0,12 13 14,0
35601,'2a2423055d636f354b6d',2010,,1289,48,0,12 13 14,0
35601,'2f16807a52596335736c',1125,,1280,48,0,12 13 14,0,330,,1281,48,0,12 13 14,0,100,,1282,48,0,12 13 14,0,390,,1283,48,0,12 13 14,0
35601,'320823102b697f311363',1455,,1285,48,0,12 13 14,0
35601,'321e5f70685c1473436a',1905,,1287,48,0,12 13 14,0
35601,'332311354b01253e3615',940,,1286,48,0,12 13 14,0
35601,'59445e7d50034e156e11',1855,,1290,48,0,12 13 14,0
35601,'59737b0d0f044b52693e',725,,1293,48,0,12 13 14,0,1010,,1291,48,0,12 13 14,0,80,,1292,48,0,12 13 14,0
35601,'61121d2d1b1669750837',953,,1294,48,0,12 13 14,0,802,,1295,48,0,12 13 14,0
35601,'634b592b186b573b6758',953,,1296,48,0,15 16 17,0,802,,1297,48,0,15 16 17,0
35601,'6d0c424c36686c087407',910,,1299,48,0,15 16 17,0,415,,1298,48,0,15 16 17,0
35601,'71472061383531535e0f',1655,,1288,48,0,12 13 14,0
35601,'7c40501f37807a467b28',1655,,1300,48,0,15 16 17,0
