30400,'1c2e3625233d01453772',640,,1020,10,4,,0,70,,1021,10,4,,0,35,,1022,10,4,,0,70,,1023,10,4,,0,30,,1024,10,4,,0,70,,1025,10,4,,0,720,,1026,10,4,,0,70,,1027,10,4,,0,30,,1016,10,4,,0,70,,1017,10,4,,0,30,,1018,10,4,,0,70,,1019,10,4,,0
30400,'4d7a6615443531084902',640,,88,10,4,,0,70,,89,10,4,,0,35,,90,10,4,,0,70,,91,10,4,,0,30,,92,10,4,,0,70,,93,10,4,,0,720,,94,10,4,,0,70,,95,10,4,,0,30,,96,10,4,,0,70,,85,10,4,,0,30,,86,10,4,,0,70,,87,10,4,,0
30400,'7f443a14596255477616',730,,1028,10,4,,0
30401,'0a2f1e22095132130163',1730,,97,1,0,46 47 48,0
30401,'1c2e3625233d01453772',655,,1033,1,0,46 47 48,0,70,,1034,1,0,46 47 48,0,30,,1035,1,0,46 47 48,0,70,,1036,1,0,46 47 48,0,30,,1037,1,0,46 47 48,0,760,,1038,1,0,46 47 48,0,30,,1039,1,0,46 47 48,0,70,,1040,1,0,46 47 48,0,30,,1029,1,0,46 47 48,0,70,,1030,1,0,46 47 48,0,30,,1031,1,0,46 47 48,0,70,,1032,1,0,46 47 48,0
30401,'4d7a6615443531084902',655,,102,1,0,46 47 48,0,70,,103,1,0,46 47 48,0,30,,104,1,0,46 47 48,0,70,,105,1,0,46 47 48,0,30,,106,1,0,46 47 48,0,760,,107,1,0,46 47 48,0,30,,108,1,0,46 47 48,0,70,,109,1,0,46 47 48,0,30,,98,1,0,46 47 48,0,70,,99,1,0,46 47 48,0,30,,100,1,0,46 47 48,0,70,,101,1,0,46 47 48,0
30401,'553d275f1455102c362a',1730,,1041,1,0,46 47 48,0
35300,'1c2e3625233d01453772',725,,1198,14,4,,0,590,,1199,14,4,,0,520,,1200,14,4,,0
35300,'2a5b3362091f52630354',735,,325,14,4,,0
35300,'4d7a6615443531084902',720,,326,14,4,,0,595,,327,14,4,,0,520,,328,14,4,,0
35301,'0a2f1e22095132130163',1835,,329,1,0,49 50,0
35301,'1c2e3625233d01453772',1335,,1201,1,0,49 50,0,310,,1202,1,0,49 50,0,255,,1203,1,0,49 50,0
35301,'2a5b3362091f52630354',720,,330,1,0,49 50,0,1015,,331,1,0,49 50,0
35301,'4d7a6615443531084902',1335,,332,1,0,49 50,0,310,,333,1,0,49 50,0,255,,334,1,0,49 50,0
35301,'553d275f1455102c362a',1835,,1204,1,0,49 50,0
35301,'7f443a14596255477616',720,,1205,1,0,49 50,0,1015,,1206,1,0,49 50,0
37600,'02070559307629202a09',847,,698,21,4,,0
37600,'0a2f1e22095132130163',1820,,699,30,4,,0,90,,700,30,4,,0
37600,'1c2e3625233d01453772',705,,1468,20,4,,0,140,,1469,28,4,,0,580,,1470,20,4,,0,310,,1471,20,4,,0
37600,'1f5759673f12020b0a50',847,,1472,20,4,,0
37600,'31744f7e5638320a2d4c',1312,,1473,29,4,,0
37600,'4d7a6615443531084902',705,,701,21,4,,0,142,,702,30,4,,0,578,,703,21,4,,0,310,,704,21,4,,0
37600,'4f0277002864772e6462',725,,1474,20,4,,0,210,,1475,20,4,,0,275,,1476,20,4,,0
37600,'52166b36781a3037644c',725,,705,21,4,,0,210,,706,21,4,,0,275,,707,21,4,,0
37600,'553d275f1455102c362a',1825,,1477,28,4,,0,90,,1478,29,4,,0
37600,'725616403949496a5c67',1312,,708,30,4,,0
37601,'0a2f1e22095132130163',1750,,709,1,0,116 117 118 119,0
37601,'112a0b7f332a564f1678',1305,,1479,1,0,116 117 118 119,0
37601,'1c2e3625233d01453772',755,,1481,1,0,116 117 118 119,0,890,,1482,1,0,120 10 11,0,270,,1480,1,0,116 117 118 119,0
37601,'200a2d69427732221f48',1300,,710,1,0,116 117 118 119,0
37601,'2752046f425a49721d09',1300,,711,1,0,116 117 118 119,0
37601,'2a08755845643968295b',1740,,712,1,0,116 117 118 119,0
37601,'2a5b3362091f52630354',710,,713,1,0,120 10 11,0
37601,'31744f7e5638320a2d4c',1305,,1483,1,0,116 117 118 119,0,35,,1484,1,0,116 117 118 119,0,410,,1485,1,0,116 117 118 119,0
37601,'4d7a6615443531084902',755,,715,1,0,116 117 118 119,0,885,,716,1,0,120 10 11,0,275,,714,1,0,116 117 118 119,0
37601,'4f0277002864772e6462',1840,,1486,1,0,116 117 118 119,0
37601,'52166b36781a3037644c',1840,,717,1,0,116 117 118 119,0
37601,'553d275f1455102c362a',1750,,1487,1,0,116 117 118 119,0
37601,'59737b0d0f044b52693e',1750,,1488,1,0,116 117 118 119,0
37601,'6a233617047119584137',1305,,1489,1,0,116 117 118 119,0
37601,'725616403949496a5c67',1305,,718,1,0,116 117 118 119,0,35,,719,1,0,116 117 118 119,0,400,,720,1,0,116 117 118 119,0
37601,'7f443a14596255477616',710,,1490,1,0,120 10 11,0
38100,'16096334352325192d1f',1440,,1519,19,4,,0
38100,'1c2e3625233d01453772',715,,1520,19,4,,0,30,,1521,19,4,,0,155,,1522,19,4,,0,845,,1523,19,4,,0
38100,'4d7a6615443531084902',715,,752,19,4,,0,30,,753,19,4,,0,155,,754,19,4,,0,845,,755,19,4,,0
38100,'69552d0660140f203513',1440,,756,19,4,,0
38101,'16096334352325192d1f',1245,,1524,1,0,5 6,0
38101,'1c2e3625233d01453772',750,,1525,1,0,5 6,0,895,,1526,1,0,5 6,0,100,,1527,1,0,5 6,0,80,,1528,1,0,5 6,0
38101,'4d7a6615443531084902',750,,757,1,0,5 6,0,895,,758,1,0,5 6,0,100,,759,1,0,5 6,0,80,,760,1,0,5 6,0
38101,'69552d0660140f203513',1245,,761,1,0,5 6,0
