35600,'055e00325b240c7d4777',1150,,381,60,0,9 10 11,0,800,,382,60,0,9 10 11,0
35600,'0d7c5c285a59412d315b',1850,,1247,56,0,9 10 11,0
35600,'112a0b7f332a564f1678',1326,,1248,56,0,9 10 11,0
35600,'1a223768176411647430',1859,,1250,56,0,9 10 11,0
35600,'1e386a27476c5b6e1461',730,,1273,56,0,9 10 11,0,100,,1274,56,0,9 10 11,0,22,,1275,56,0,9 10 11,0,952,,1271,57,0,9 10 11,0,138,,1272,57,0,9 10 11,0
35600,'1e7832711c690d2e452a',1859,,1257,57,0,9 10 11,0,45,,1258,57,0,9 10 11,0
35600,'1f5759673f12020b0a50',724,,1253,56,0,9 10 11,0
35600,'2943795d360756687162',1536,,1249,56,0,9 10 11,0
35600,'2a2423055d636f354b6d',929,,1256,56,0,9 10 11,0
35600,'2a6804265d6c7a6d704c',1326,,1268,56,0,9 10 11,0
35600,'2f16807a52596335736c',704,,1252,56,0,9 10 11,0,322,,1251,56,0,9 10 11,0
35600,'31744f7e5638320a2d4c',1326,,1254,57,0,9 10 11,0,5,,1255,57,0,9 10 11,0
35600,'56061576073054406d39',1859,,1259,56,0,9 10 11,0
35600,'59737b0d0f044b52693e',724,,1261,56,0,9 10 11,0,82,,1262,56,0,9 10 11,0,30,,1263,56,0,9 10 11,0,923,,1260,56,0,9 10 11,0
35600,'61121d2d1b1669750837',1147,,1264,56,0,9 10 11,0,803,,1265,56,0,9 10 11,0
35600,'634b592b186b573b6758',1150,,1266,60,0,9 10 11,0,800,,1267,60,0,9 10 11,0
35600,'6d0c424c36686c087407',1536,,1269,60,0,9 10 11,0,323,,1270,60,0,9 10 11,0
35700,'055e00325b240c7d4777',1851,,432,49,0,9 10 11,0
35700,'1e386a27476c5b6e1461',821,,1324,45,0,9 10 11,0,30,,1325,45,0,9 10 11,0
35700,'2f16807a52596335736c',721,,1309,45,0,9 10 11,0,385,,1310,45,0,9 10 11,0,510,,1308,45,0,9 10 11,0
35700,'320823102b697f311363',1426,,1311,45,0,9 10 11,0
35700,'321e5f70685c1473436a',756,,1313,45,0,9 10 11,0
35700,'3823594e52252d7f6b14',1001,,1312,45,0,9 10 11,0
35700,'416039027b4e59137846',1416,,1314,45,0,9 10 11,0
35700,'59445e7d50034e156e11',737,,1317,45,0,9 10 11,0
35700,'59737b0d0f044b52693e',806,,1318,45,0,9 10 11,0,20,,1319,45,0,9 10 11,0
35700,'61121d2d1b1669750837',1851,,1320,45,0,9 10 11,0
35700,'634b592b186b573b6758',1851,,1321,49,0,9 10 11,0
35700,'6d0c424c36686c087407',1426,,1322,49,0,9 10 11,0,395,,1323,49,0,9 10 11,0
35700,'71472061383531535e0f',1426,,1315,47,0,9 10 11,0,405,,1316,45,0,9 10 11,0
35800,'1e386a27476c5b6e1461',757,,1356,44,0,9 10 11,0,69,,1357,43,0,9 10 11,0,186,,1358,43,0,9 10 11,0
35800,'1f5759673f12020b0a50',844,,1349,43,0,9 10 11,0,496,,1350,44,0,9 10 11,0
35800,'2a2423055d636f354b6d',1645,,1353,43,0,9 10 11,0
35800,'2f16807a52596335736c',1328,,1348,43,0,9 10 11,0
35800,'3823594e52252d7f6b14',936,,1351,43,0,9 10 11,0
35800,'59737b0d0f044b52693e',745,,1354,44,0,9 10 11,0
35800,'71472061383531535e0f',723,,1352,43,0,9 10 11,0
35800,'7a7c2673351c18595c18',1745,,1355,43,0,9 10 11,0
