36300,'02070559307629202a09',1305,,593,19,0,9 10 11,0
36300,'1c2e3625233d01453772',728,,1393,19,0,9 10 11,0
36300,'1f5759673f12020b0a50',1313,,1394,19,0,9 10 11,0
36300,'296b622873433b653522',1305,,594,19,0,9 10 11,0
36300,'2a08755845643968295b',1735,,595,16,0,9 10 11,0
36300,'2a5b3362091f52630354',650,,596,19,0,9 10 11,0,285,,597,16,0,9 10 11,0
36300,'44487e3c3e7f21570e19',1313,,1395,19,0,9 10 11,0
36300,'4d7a6615443531084902',725,,598,19,0,9 10 11,0
36300,'59737b0d0f044b52693e',1739,,1396,16,0,9 10 11,0
36300,'7f443a14596255477616',653,,1397,19,0,9 10 11,0,286,,1398,16,0,9 10 11,0
