31800,'2a2423055d636f354b6d',1336,,1069,44,0,9 68 38,0
31800,'2f16807a52596335736c',722,,1067,44,0,9 68 38,0,82,,1068,44,0,9 68 38,0
31801,'2a2423055d636f354b6d',1739,,1072,2,0,74 21,0
31801,'2f16807a52596335736c',1257,,1070,2,0,74 21,0,570,,1071,2,0,74 21,0
31900,'2a2423055d636f354b6d',1332,,1076,35,0,9 68 38,0
31900,'2f16807a52596335736c',715,,1073,34,0,9 68 38,0,43,,1074,35,0,9 68 38,0,157,,1075,34,0,9 68 38,0
31901,'2a2423055d636f354b6d',1746,,1080,2,0,69 70 71,0
31901,'2f16807a52596335736c',1355,,1077,2,0,69 70 71,0,256,,1078,2,0,69 70 71,0,210,,1079,2,0,69 70 71,0
35800,'1e386a27476c5b6e1461',735,,1356,39,0,9 10 11,0,24,,1357,38,0,9 10 11,0,191,,1358,38,0,9 10 11,0
35800,'1f5759673f12020b0a50',826,,1349,38,0,9 10 11,0,497,,1350,39,0,9 10 11,0
35800,'2a2423055d636f354b6d',1626,,1353,38,0,9 10 11,0
35800,'2f16807a52596335736c',1311,,1348,38,0,9 10 11,0
35800,'3823594e52252d7f6b14',922,,1351,38,0,9 10 11,0
35800,'59737b0d0f044b52693e',727,,1354,39,0,9 10 11,0
35800,'71472061383531535e0f',710,,1352,38,0,9 10 11,0
35800,'7a7c2673351c18595c18',1726,,1355,38,0,9 10 11,0
35801,'1e386a27476c5b6e1461',1756,,1367,8,0,91 92,0
35801,'1f5759673f12020b0a50',1423,,1360,8,0,91 92,0,410,,1361,8,0,91 92,0
35801,'2a2423055d636f354b6d',923,,1365,8,0,91 92,0,806,,1366,8,0,93 94 95,0
35801,'2f16807a52596335736c',1836,,1359,8,0,91 92,0
35801,'3823594e52252d7f6b14',1015,,1362,8,0,91 92,0,810,,1363,8,0,91 92,0
35801,'71472061383531535e0f',1307,,1364,8,0,91 92,0
