36200,'1e386a27476c5b6e1461',758,,1379,19,0,9 10 11,0,193,,1380,19,0,9 10 11,0,651,,1381,15,0,9 10 11,0,102,,1382,19,0,9 10 11,0
36200,'1f5759673f12020b0a50',951,,1377,19,0,9 10 11,0,261,,1378,19,0,9 10 11,0
36200,'2f16807a52596335736c',720,,1374,20,0,9 10 11,0,112,,1375,20,0,9 10 11,0,380,,1376,20,0,9 10 11,0,594,,1373,19,0,9 10 11,0
36900,'1f5759673f12020b0a50',1104,,1439,22,0,9 10 11,0
36900,'2f16807a52596335736c',749,,1437,22,0,9 10 11,0,165,,1438,21,0,9 10 11,0
36900,'3823594e52252d7f6b14',947,,1440,21,0,9 10 11,0,784,,1441,21,0,9 10 11,0
36900,'71472061383531535e0f',714,,1442,21,0,9 10 11,0
37300,'1e386a27476c5b6e1461',808,,1455,26,0,9 10 11,0,50,,1456,26,0,9 10 11,0
37300,'1f5759673f12020b0a50',858,,1453,26,0,9 10 11,0
37300,'2a2423055d636f354b6d',1333,,1454,26,0,9 10 11,0
37300,'2f16807a52596335736c',739,,1451,26,0,9 10 11,0,888,,1452,26,0,9 10 11,0
