35600,'02070559307629202a09',627,,373,6,0,9 10 11,0
35600,'0a2f1e22095132130163',1757,,375,7,0,9 10 11,0
35600,'0a3c663a7d504d200835',1547,,1245,7,0,9 10 11,0,55,,1246,8,0,9 10 11,0
35600,'0d7c5c285a59412d315b',1752,,1247,6,0,9 10 11,0
35600,'112a0b7f332a564f1678',1227,,1248,6,0,9 10 11,0
35600,'14187635613e43612170',1437,,1249,6,0,9 10 11,0
35600,'1a223768176411647430',1757,,1250,6,0,9 10 11,0
35600,'1c2e3625233d01453772',607,,1252,6,0,9 10 11,0,320,,1251,6,0,9 10 11,0
35600,'1c42311e025d3b40504f',1657,,376,7,0,9 10 11,0
35600,'1f5759673f12020b0a50',627,,1253,6,0,9 10 11,0
35600,'200a2d69427732221f48',1227,,377,6,0,9 10 11,0
35600,'220e7e723c71704c1463',1437,,378,10,0,9 10 11,0,370,,379,10,0,9 10 11,0
35600,'2752046f425a49721d09',1227,,380,6,0,9 10 11,0
35600,'295d5e0567072f655d20',1052,,381,10,0,9 10 11,0,800,,382,10,0,9 10 11,0
35600,'2a08755845643968295b',627,,384,6,0,9 10 11,0,80,,385,6,0,9 10 11,0,30,,386,6,0,9 10 11,0,920,,383,6,0,9 10 11,0
35600,'2a5b3362091f52630354',627,,389,6,0,9 10 11,0,80,,390,6,0,9 10 11,0,30,,391,6,0,9 10 11,0,700,,387,6,0,9 10 11,0,395,,388,7,0,9 10 11,0
35600,'31744f7e5638320a2d4c',1227,,1255,7,0,9 10 11,0
35600,'4d7a6615443531084902',607,,393,6,0,9 10 11,0,320,,392,6,0,9 10 11,0
35600,'4f0277002864772e6462',827,,1256,6,0,9 10 11,0
35600,'52166b36781a3037644c',827,,394,6,0,9 10 11,0
35600,'553d275f1455102c362a',1757,,1258,7,0,9 10 11,0
35600,'56061576073054406d39',1757,,1259,6,0,9 10 11,0
35600,'59737b0d0f044b52693e',627,,1261,6,0,9 10 11,0,80,,1262,6,0,9 10 11,0,30,,1263,6,0,9 10 11,0,920,,1260,6,0,9 10 11,0
35600,'61121d2d1b1669750837',1052,,1264,6,0,9 10 11,0,800,,1265,6,0,9 10 11,0
35600,'634b592b186b573b6758',1052,,1266,10,0,9 10 11,0,800,,1267,10,0,9 10 11,0
35600,'693b6416011017175f3d',1547,,395,7,0,9 10 11,0,55,,396,8,0,9 10 11,0,100,,397,8,0,9 10 11,0
35600,'6a233617047119584137',1227,,1268,6,0,9 10 11,0
35600,'6d0c424c36686c087407',1437,,1269,10,0,9 10 11,0,320,,1270,10,0,9 10 11,0
35600,'725616403949496a5c67',1227,,400,7,0,122 25,0,530,,401,6,0,9 10 11,0
35600,'7f443a14596255477616',627,,1273,6,0,9 10 11,0,80,,1274,6,0,9 10 11,0,30,,1275,6,0,9 10 11,0,920,,1271,7,0,9 10 11,0,175,,1272,7,0,9 10 11,0
