35701,'055e00325b240c7d4777',1114,,449,34,0,15 16 17,0
35701,'0d4e3278231744213640',1834,,1326,34,0,12 13 14,0
35701,'1c2e3625233d01453772',1345,,1330,34,0,12 13 14,0,290,,1327,34,0,12 13 14,0,99,,1328,34,0,12 13 14,0,281,,1329,34,0,12 13 14,0
35701,'320823102b697f311363',855,,1331,34,0,12 13 14,0
35701,'332311354b01253e3615',904,,1332,34,0,12 18 19,0
35701,'3823594e52252d7f6b14',1955,,1333,34,0,12 13 14,0
35701,'494a652c1e455e3d7c72',945,,1334,34,0,12 13 14,0,270,,1335,34,0,12 13 14,0
35701,'59445e7d50034e156e11',1829,,1336,34,0,12 13 14,0
35701,'59737b0d0f044b52693e',830,,1339,34,0,12 13 14,0,924,,1337,34,0,12 13 14,0,151,,1338,34,0,12 13 14,0
35701,'61121d2d1b1669750837',1114,,1340,34,0,12 13 14,0
35701,'634b592b186b573b6758',1114,,1341,34,0,15 16 17,0
35701,'6d0c424c36686c087407',940,,1342,34,0,15 16 17,0
35701,'7c40501f37807a467b28',1215,,1343,34,0,15 16 17,0
35701,'7f443a14596255477616',842,,1347,34,0,12 18 19,0,917,,1344,34,0,12 13 14,0,75,,1345,34,0,12 13 14,0,79,,1346,34,0,12 13 14,0
