35600,'055e00325b240c7d4777',1127,,381,43,0,9 10 11,0,800,,382,43,0,9 10 11,0
35600,'0a3c663a7d504d200835',1622,,1245,40,0,9 10 11,0,15,,1246,41,0,9 10 11,0
35600,'0d7c5c285a59412d315b',1827,,1247,39,0,9 10 11,0
35600,'112a0b7f332a564f1678',1302,,1248,39,0,9 10 11,0
35600,'1a223768176411647430',1832,,1250,39,0,9 10 11,0
35600,'1e386a27476c5b6e1461',702,,1273,39,0,9 10 11,0,45,,1274,39,0,9 10 11,0,70,,1275,39,0,9 10 11,0,920,,1271,40,0,9 10 11,0,174,,1272,40,0,9 10 11,0
35600,'1e7832711c690d2e452a',1832,,1257,40,0,9 10 11,0,5,,1258,40,0,9 10 11,0
35600,'1f5759673f12020b0a50',702,,1253,39,0,9 10 11,0
35600,'2943795d360756687162',1512,,1249,39,0,9 10 11,0
35600,'2a2423055d636f354b6d',902,,1256,39,0,9 10 11,0
35600,'2a6804265d6c7a6d704c',1302,,1268,39,0,9 10 11,0
35600,'2f16807a52596335736c',642,,1252,39,0,9 10 11,0,360,,1251,39,0,9 10 11,0
35600,'31744f7e5638320a2d4c',1302,,1254,40,0,9 10 11,0,5,,1255,40,0,9 10 11,0
35600,'56061576073054406d39',1832,,1259,39,0,9 10 11,0
35600,'59737b0d0f044b52693e',702,,1261,39,0,9 10 11,0,40,,1262,39,0,9 10 11,0,70,,1263,39,0,9 10 11,0,920,,1260,39,0,9 10 11,0
35600,'61121d2d1b1669750837',1127,,1264,39,0,9 10 11,0,800,,1265,39,0,9 10 11,0
35600,'634b592b186b573b6758',1127,,1266,43,0,9 10 11,0,800,,1267,43,0,9 10 11,0
35600,'6d0c424c36686c087407',1512,,1269,43,0,9 10 11,0,320,,1270,43,0,9 10 11,0
