35700,'055e00325b240c7d4777',1806,,432,18,0,9 10 11,0
35700,'0a3c663a7d504d200835',1659,,1307,14,0,9 10 11,0
35700,'1e386a27476c5b6e1461',712,,1324,14,0,9 10 11,0,29,,1325,14,0,9 10 11,0
35700,'2f16807a52596335736c',630,,1309,14,0,9 10 11,0,389,,1310,14,0,9 10 11,0,500,,1308,14,0,9 10 11,0
35700,'320823102b697f311363',1339,,1311,14,0,9 10 11,0
35700,'321e5f70685c1473436a',652,,1313,14,0,9 10 11,0
35700,'3823594e52252d7f6b14',921,,1312,14,0,9 10 11,0
35700,'416039027b4e59137846',1329,,1314,14,0,9 10 11,0
35700,'59445e7d50034e156e11',650,,1317,14,0,9 10 11,0
35700,'59737b0d0f044b52693e',710,,1318,14,0,9 10 11,0,29,,1319,14,0,9 10 11,0
35700,'61121d2d1b1669750837',1806,,1320,14,0,9 10 11,0
35700,'634b592b186b573b6758',1806,,1321,18,0,9 10 11,0
35700,'6d0c424c36686c087407',1339,,1322,18,0,9 10 11,0,395,,1323,18,0,9 10 11,0
35700,'71472061383531535e0f',1339,,1315,16,0,9 10 11,0,395,,1316,14,0,9 10 11,0
