36501,'0e5131610429337c0530',757,,1420,36,0,135 25,0,156,,1421,36,0,166 32,0
36501,'1e386a27476c5b6e1461',714,,1436,36,0,132 117,0,1002,,1434,36,0,132 117,0,113,,1435,36,0,133 134,0
36501,'1f5759673f12020b0a50',1859,,1425,36,0,132 117,0
36501,'2a2423055d636f354b6d',1336,,1429,36,0,132 117,0,182,,1430,36,0,132 117,0
36501,'2c14404d6d61074b6d28',1013,,1426,36,0,133 134,0
36501,'2f16807a52596335736c',1857,,1422,36,0,132 117,0,83,,1423,36,0,133 134,0
36501,'3823594e52252d7f6b14',1001,,1428,36,0,132 117,0,814,,1427,36,0,132 117,0
36501,'3c550d10735a472e4755',757,,1433,36,0,135 25,0
36501,'484f0e366a041c114e35',1013,,1432,36,0,133 134,0
36501,'59737b0d0f044b52693e',1817,,1431,36,0,133 134,0
