32401,'2c5f74455e25454d432d',1311,,1082,2,0,90 25,0
32401,'3f242a2f47502e255740',1836,,158,2,0,90 25,0
35901,'114a44065a5209536517',1211,,520,2,0,141 21 142,0,200,,521,2,0,141 21 142,0
35901,'3f242a2f47502e255740',721,,515,2,0,141 21 142,0,115,,516,2,0,141 21 142,0,805,,517,2,0,141 21 142,0,190,,518,2,0,141 21 142,0,110,,514,2,0,141 21 142,0
35901,'4a0603184e160563480a',1011,,503,2,0,141 21 142,0,725,,504,2,0,141 21 142,0
35901,'79634f716a31375a174a',1906,,519,2,0,141 21 142,0
36001,'114a44065a5209536517',801,,549,2,0,53 21 54,0,615,,550,2,0,53 21 54,0
36001,'3f242a2f47502e255740',1641,,545,2,0,53 21 54,0,100,,546,2,0,53 21 54,0,205,,547,2,0,53 21 54,0
36001,'3f4d67570e29103a1e70',1101,,538,2,0,127 25,0,805,,539,2,0,127 25,0
36001,'79634f716a31375a174a',1906,,548,2,0,53 21 54,0
36101,'114a44065a5209536517',1306,,571,2,0,53 21 54,0,510,,572,2,0,53 21 54,0
36101,'3f242a2f47502e255740',1716,,569,2,0,53 21 54,0,200,,570,2,0,53 21 54,0
36101,'4a0603184e160563480a',901,,563,2,0,53 21 54,0
36101,'4b6f482a4a7216552331',1701,,562,2,0,53 21 54,0
36401,'114a44065a5209536517',1217,,635,2,0,31 32,0,600,,636,2,0,31 32,0
36401,'3f242a2f47502e255740',807,,631,2,0,31 32,0,100,,632,2,0,31 32,0,810,,633,2,0,31 32,0,200,,634,2,0,31 32,0
36401,'3f4d67570e29103a1e70',1736,,620,2,0,31 32,0
36401,'4a0603184e160563480a',1017,,621,2,0,31 32,0,590,,622,2,0,31 32,0
