31900,'2a2423055d636f354b6d',1306,,1076,25,0,9 68 38,0
31900,'2f16807a52596335736c',649,,1073,24,0,9 68 38,0,83,,1074,25,0,9 68 38,0,117,,1075,24,0,9 68 38,0
35800,'1e386a27476c5b6e1461',705,,1356,29,0,9 10 11,0,21,,1357,28,0,9 10 11,0,194,,1358,28,0,9 10 11,0
35800,'1f5759673f12020b0a50',801,,1349,28,0,9 10 11,0,458,,1350,29,0,9 10 11,0
35800,'2a2423055d636f354b6d',1602,,1353,28,0,9 10 11,0
35800,'2f16807a52596335736c',1247,,1348,28,0,9 10 11,0
35800,'3823594e52252d7f6b14',901,,1351,28,0,9 10 11,0
35800,'59737b0d0f044b52693e',702,,1354,29,0,9 10 11,0
35800,'71472061383531535e0f',646,,1352,28,0,9 10 11,0
35800,'7a7c2673351c18595c18',1702,,1355,28,0,9 10 11,0
