35601,'075f4276790e1e273655',1424,,1276,19,0,15 16 17,0
35601,'0a3c663a7d504d200835',1539,,1277,19,0,12 13 14,0
35601,'14187635613e43612170',1254,,1278,19,0,12 13 14,0
35601,'184134507f4517151633',834,,1279,19,0,12 13 14,0
35601,'1c2e3625233d01453772',1053,,1280,19,0,12 13 14,0,371,,1281,19,0,12 13 14,0,100,,1282,19,0,12 13 14,0,390,,1283,19,0,12 13 14,0
35601,'1f5759673f12020b0a50',654,,1284,19,0,12 13 14,0
35601,'320823102b697f311363',1424,,1285,19,0,12 13 14,0
35601,'332311354b01253e3615',909,,1286,19,0,12 13 14,0
35601,'3a4a044232474e33312b',920,,407,19,0,15 16 17,0,804,,408,19,0,15 16 17,0
35601,'3a511f30370a721b2433',654,,403,19,0,12 13 14,0,755,,402,19,0,15 16 17,0
35601,'3f575e1f5f6d63575f07',1834,,1287,19,0,12 13 14,0
35601,'494a652c1e455e3d7c72',1624,,1288,19,0,12 13 14,0
35601,'4f0277002864772e6462',1939,,1289,19,0,12 13 14,0
35601,'59445e7d50034e156e11',1824,,1290,19,0,12 13 14,0
35601,'59737b0d0f044b52693e',654,,1293,19,0,12 13 14,0,1050,,1291,19,0,12 13 14,0,40,,1292,19,0,12 13 14,0
35601,'61121d2d1b1669750837',920,,1294,19,0,12 13 14,0,804,,1295,19,0,12 13 14,0
35601,'634b592b186b573b6758',920,,1296,19,0,15 16 17,0,804,,1297,19,0,15 16 17,0
35601,'69181125652d7e4d6a80',654,,412,19,0,12 13 14,0,570,,422,19,0,12 13 14,0,200,,423,19,0,12 13 14,0,100,,424,19,0,12 13 14,0,100,,409,19,0,15 16 17,0,80,,410,19,0,12 13 14,0,40,,411,19,0,12 13 14,0,170,,425,19,0,12 13 14,0
35601,'6d0c424c36686c087407',839,,1299,19,0,15 16 17,0,415,,1298,19,0,15 16 17,0
35601,'702c275e051204394d01',839,,406,19,0,15 16 17,0,415,,404,19,0,15 16 17,0,570,,405,19,0,12 13 14,0,115,,426,19,0,12 13 14,0
35601,'7c40501f37807a467b28',1624,,1300,19,0,15 16 17,0
35601,'7f443a14596255477616',644,,1301,19,0,12 13 14,0,197,,1306,19,0,12 13 14,0,873,,1302,19,0,12 13 14,0,40,,1303,19,0,12 13 14,0
