35800,'17675d5630562f244640',848,,466,10,0,9 10 11,0
35800,'1c2e3625233d01453772',1233,,1348,10,0,9 10 11,0
35800,'1f5759673f12020b0a50',748,,1349,10,0,9 10 11,0,497,,1350,11,0,9 10 11,0
35800,'337b31363e410b5e7355',1648,,472,10,0,9 10 11,0
35800,'3823594e52252d7f6b14',848,,1351,10,0,9 10 11,0
35800,'49363c5c560d0d713513',748,,464,10,0,9 10 11,0,497,,465,11,0,9 10 11,0
35800,'494a652c1e455e3d7c72',628,,1352,10,0,9 10 11,0
35800,'4f0277002864772e6462',1548,,1353,10,0,9 10 11,0
35800,'534f3f6200296b014523',1548,,474,10,0,9 10 11,0
35800,'5858235b60647f474275',1233,,473,10,0,9 10 11,0
35800,'59737b0d0f044b52693e',648,,1354,11,0,9 10 11,0
35800,'5a622e2f735638475e4f',648,,467,11,0,9 10 11,0
35800,'7a7c2673351c18595c18',1648,,1355,10,0,9 10 11,0
35800,'7f443a14596255477616',648,,1356,11,0,9 10 11,0,60,,1357,10,0,9 10 11,0,195,,1358,10,0,9 10 11,0
