36300,'1e386a27476c5b6e1461',706,,1397,25,0,9 10 11,0,246,,1398,22,0,9 10 11,0
36300,'1f5759673f12020b0a50',1326,,1394,25,0,9 10 11,0
36300,'2f16807a52596335736c',756,,1393,25,0,9 10 11,0
36300,'3c2a73256541336f410c',1326,,1395,25,0,9 10 11,0
36300,'59737b0d0f044b52693e',1752,,1396,22,0,9 10 11,0
36500,'0e5131610429337c0530',1012,,1403,37,0,9 10 11,0
36500,'1c486c5002601c4a534a',1757,,1407,36,0,9 10 11,0
36500,'1e386a27476c5b6e1461',855,,1419,51,0,9 10 11,0,604,,1418,51,0,9 10 11,0
36500,'1e7832711c690d2e452a',1758,,1416,37,0,9 10 11,0
36500,'1f5759673f12020b0a50',829,,1408,50,0,9 10 11,0
36500,'2a2423055d636f354b6d',1900,,1415,51,0,9 10 11,0
36500,'2c14404d6d61074b6d28',1328,,1409,50,0,9 10 11,0
36500,'2f16807a52596335736c',739,,1404,51,0,9 10 11,0,82,,1406,36,0,9 10 11,0
36500,'2f6b6069415f08614303',1328,,1410,51,0,9 10 11,0
36500,'31744f7e5638320a2d4c',1407,,1411,33,0,9 10 11,0
36500,'3823594e52252d7f6b14',1048,,1413,51,0,9 10 11,0,855,,1412,51,0,9 10 11,0
36500,'3c550d10735a472e4755',1015,,1417,38,0,9 10 11,0
36500,'71472061383531535e0f',719,,1414,36,0,9 10 11,0
