35700,'0a3c663a7d504d200835',1646,,1307,5,0,9 10 11,0
35700,'182e1170551a4b4f4917',908,,428,5,0,9 10 11,0
35700,'1c2e3625233d01453772',616,,1309,5,0,9 10 11,0,390,,1310,5,0,9 10 11,0,500,,1308,5,0,9 10 11,0
35700,'220e7e723c71704c1463',1326,,429,9,0,9 10 11,0,395,,430,9,0,9 10 11,0
35700,'2829557e4e6662246775',616,,441,5,0,9 10 11,0,390,,442,5,0,9 10 11,0,500,,440,5,0,9 10 11,0
35700,'2d6a412e153614600940',646,,431,5,0,9 10 11,0
35700,'320823102b697f311363',1326,,1311,5,0,9 10 11,0
35700,'3823594e52252d7f6b14',908,,1312,5,0,9 10 11,0
35700,'3f575e1f5f6d63575f07',636,,1313,5,0,9 10 11,0
35700,'416039027b4e59137846',1316,,1314,5,0,9 10 11,0
35700,'494a652c1e455e3d7c72',1326,,1315,7,0,9 10 11,0,395,,1316,5,0,9 10 11,0
35700,'59445e7d50034e156e11',636,,1317,5,0,9 10 11,0
35700,'59737b0d0f044b52693e',656,,1318,5,0,9 10 11,0,70,,1319,5,0,9 10 11,0
35700,'5a622e2f735638475e4f',706,,433,5,0,9 10 11,0,20,,434,5,0,9 10 11,0
35700,'61121d2d1b1669750837',1752,,1320,5,0,9 10 11,0
35700,'634b592b186b573b6758',1752,,1321,9,0,9 10 11,0
35700,'6d0c424c36686c087407',1326,,1322,9,0,9 10 11,0,395,,1323,9,0,9 10 11,0
35700,'7f443a14596255477616',657,,1324,5,0,9 10 11,0,71,,1325,5,0,9 10 11,0
35700,'80152c04633e535e6600',1752,,432,9,0,9 10 11,0
