36301,'1c2e3625233d01453772',908,,1399,8,0,31 32,0
36301,'2a5b3362091f52630354',1313,,599,8,0,31 32,0,407,,600,8,0,31 32,0
36301,'4d7a6615443531084902',906,,601,8,0,31 32,0
36301,'4f0277002864772e6462',1850,,1400,8,0,31 32,0
36301,'52166b36781a3037644c',1846,,602,8,0,31 32,0
36301,'7f443a14596255477616',1318,,1401,8,0,31 32,0,402,,1402,8,0,31 32,0
36501,'02070559307629202a09',1803,,652,8,0,132 117,0
36501,'0e5131610429337c0530',710,,1420,8,0,135 25,0,108,,1421,8,0,166 32,0
36501,'1a20552b5a400f716a1b',911,,654,8,0,132 117,0,813,,653,8,0,132 117,0
36501,'1c2e3625233d01453772',1750,,1422,8,0,132 117,0,98,,1423,8,0,133 134,0
36501,'1f5759673f12020b0a50',1803,,1425,8,0,132 117,0
36501,'2a08755845643968295b',1721,,655,8,0,133 134,0
36501,'2a5b3362091f52630354',626,,658,8,0,132 117,0,80,,659,8,0,135 25,0,915,,656,8,0,132 117,0,101,,657,8,0,133 134,0
36501,'2c14404d6d61074b6d28',918,,1426,8,0,133 134,0
36501,'3823594e52252d7f6b14',908,,1428,8,0,132 117,0,809,,1427,8,0,132 117,0
36501,'4d7a6615443531084902',1750,,660,8,0,132 117,0,96,,661,8,0,133 134,0
36501,'4e205279023a3e102c72',916,,663,8,0,133 134,0
36501,'4f0277002864772e6462',1248,,1429,8,0,132 117,0,180,,1430,8,0,132 117,0
36501,'52166b36781a3037644c',1244,,664,8,0,132 117,0,182,,665,8,0,132 117,0
36501,'59737b0d0f044b52693e',1720,,1431,8,0,133 134,0
36501,'69657d056e34304a6e14',918,,1432,8,0,133 134,0
36501,'791e712d420e14727657',710,,1433,8,0,135 25,0
36501,'7b6f6f4a0e36407a261f',916,,666,8,0,133 134,0
36501,'7f443a14596255477616',628,,1436,8,0,132 117,0,990,,1434,8,0,132 117,0,102,,1435,8,0,133 134,0
