35500,'033e170961301f7a0308',824,,1649,31,0,9 26,0
35500,'055e00325b240c7d4777',939,,1220,31,0,9 10 11,0,715,,1219,31,0,9 10 11,0
35500,'126535785649426e467c',710,,1650,21,0,9 10 11,0,13,,1651,31,0,9 10 11,0,107,,1652,10,0,9 26,0
35500,'210a7c3e60384f725e7c',939,,1654,31,0,9 10 11,0,715,,1653,31,0,9 10 11,0
35500,'4f67586f291357636e2f',1220,,1657,21,0,9 26,0,110,,1658,31,0,9 26,0,118,,1655,10,0,9 26,0,262,,1656,21,0,9 26,0
35500,'566406012b1e7e430018',940,,1659,21,0,9 26,0
35500,'59737b0d0f044b52693e',739,,1660,31,0,9 10 11,0
35500,'5d5f40704724192d5825',710,,1226,21,0,9 10 11,0,28,,1227,31,0,9 10 11,0,92,,1228,10,0,9 26,0,110,,1217,21,0,9 26,0
35500,'723148100c272b183b65',824,,1218,31,0,9 26,0
35500,'7360781f782d14543c3f',1220,,1223,21,0,9 26,0,110,,1224,31,0,9 26,0,118,,1221,10,0,9 26,0,262,,1222,21,0,9 26,0
