35100,'02070559307629202a09',855,,285,52,4,,0,380,,286,52,4,,0
35100,'0a2f1e22095132130163',1915,,287,47,4,,0
35100,'1a20552b5a400f716a1b',935,,290,52,4,,0,795,,289,52,4,,0
35100,'2a08755845643968295b',1235,,291,52,4,,0
35100,'2a5b3362091f52630354',720,,292,52,4,,0,35,,293,59,4,,0,260,,294,47,4,,0
35100,'52166b36781a3037644c',1150,,298,52,4,,0,265,,296,52,4,,0,110,,297,52,4,,0
35100,'725616403949496a5c67',1310,,301,40,4,,0,10,,299,47,4,,0
35101,'02070559307629202a09',1830,,302,1,0,20 2 21 22,0
35101,'1a20552b5a400f716a1b',945,,303,1,0,20 2 21 22,0
35101,'2a5b3362091f52630354',630,,307,1,0,23 2 24 18,0,95,,309,1,0,23 2 24 18,0,820,,304,1,0,23 2 25,0,200,,305,1,0,20 2 21 22,0,170,,306,1,0,20 2 21 22,0
35101,'2c295b0e5f4444502b59',1745,,310,1,0,20 2 21 22,0
35101,'52166b36781a3037644c',900,,312,1,0,20 2 21 22,0,340,,313,1,0,20 2 21 22,0,190,,314,1,0,20 2 21 22,0
35101,'725616403949496a5c67',1320,,315,1,0,20 2 21 22,0
35500,'1a20552b5a400f716a1b',945,,347,42,4,,0,780,,346,42,4,,0
35500,'2a08755845643968295b',805,,348,42,4,,0
35500,'2a5b3362091f52630354',725,,349,32,4,,0,90,,350,42,4,,0
35501,'1a20552b5a400f716a1b',1000,,362,1,0,20 2 21 22,0,730,,361,1,0,20 2 21 22,0
35501,'2a5b3362091f52630354',750,,367,1,0,49 2 50,0
35501,'52166b36781a3037644c',1830,,370,1,0,20 2 21 22,0
35600,'02070559307629202a09',730,,373,58,4,,0
35600,'0a2f1e22095132130163',1905,,374,59,4,,0,5,,375,59,4,,0
35600,'1c42311e025d3b40504f',1810,,376,59,4,,0
35600,'200a2d69427732221f48',1330,,377,58,4,,0
35600,'220e7e723c71704c1463',1540,,378,62,4,,0,375,,379,62,4,,0
35600,'2752046f425a49721d09',1330,,380,58,4,,0
35600,'295d5e0567072f655d20',1155,,381,62,4,,0,800,,382,62,4,,0
35600,'2a08755845643968295b',730,,384,58,4,,0,80,,385,58,4,,0,30,,386,58,4,,0,965,,383,58,4,,0
35600,'2a5b3362091f52630354',740,,389,58,4,,0,100,,390,58,4,,0,60,,391,58,4,,0,640,,387,58,4,,0,405,,388,59,4,,0
35600,'4d7a6615443531084902',710,,393,58,4,,0,320,,392,58,4,,0
35600,'52166b36781a3037644c',935,,394,58,4,,0
35600,'693b6416011017175f3d',1700,,395,54,4,,0,15,,396,55,4,,0,100,,397,55,4,,0
35600,'725616403949496a5c67',1330,,398,59,4,,0,5,,399,59,4,,0,570,,401,58,4,,0
35601,'02070559307629202a09',630,,403,1,0,12 2 13 14,0,715,,402,1,0,15 2 16 17,0
35601,'220e7e723c71704c1463',815,,406,1,0,15 2 16 17,0,415,,404,1,0,15 2 16 17,0,570,,405,1,0,12 2 13 14,0
35601,'295d5e0567072f655d20',900,,407,1,0,15 2 16 17,0,800,,408,1,0,15 2 16 17,0
35601,'2a08755845643968295b',630,,412,1,0,12 2 13 14,0,970,,409,1,0,15 2 16 17,0,40,,410,1,0,12 2 13 14,0,80,,411,1,0,12 2 13 14,0
35601,'2a5b3362091f52630354',620,,415,1,0,12 2 13 14,0,190,,421,1,0,12 2 13 14,0,420,,413,1,0,12 2 13 14,0,370,,414,1,0,12 2 13 14,0,40,,416,1,0,12 2 13 14,0,80,,417,1,0,12 2 13 14,0,80,,418,1,0,12 2 13 14,0
35601,'4d7a6615443531084902',1200,,422,1,0,12 2 13 14,0,200,,423,1,0,12 2 13 14,0,100,,424,1,0,12 2 13 14,0,350,,425,1,0,12 2 13 14,0
35601,'52166b36781a3037644c',1915,,426,1,0,12 2 13 14,0
35601,'693b6416011017175f3d',1515,,427,1,0,12 2 13 14,0
35700,'1a20552b5a400f716a1b',1005,,428,47,4,,0
35700,'220e7e723c71704c1463',750,,431,47,4,,0,680,,429,51,4,,0,395,,430,51,4,,0
35700,'295d5e0567072f655d20',1855,,432,51,4,,0
35700,'2a08755845643968295b',820,,433,47,4,,0,10,,434,47,4,,0
35700,'2a5b3362091f52630354',800,,437,47,4,,0,25,,438,47,4,,0,30,,439,47,4,,0,575,,435,49,4,,0,405,,436,47,4,,0
35700,'4d7a6615443531084902',725,,441,47,4,,0,385,,442,47,4,,0,510,,440,47,4,,0
35700,'693b6416011017175f3d',1420,,443,47,4,,0,380,,444,41,4,,0
35701,'02070559307629202a09',815,,445,1,0,12 2 13 14,0
35701,'1a20552b5a400f716a1b',1915,,446,1,0,12 2 13 14,0
35701,'220e7e723c71704c1463',900,,448,1,0,15 2 16 17,0,840,,447,1,0,12 2 13 14,0
35701,'295d5e0567072f655d20',1030,,449,1,0,15 2 16 17,0
35701,'2a08755845643968295b',745,,452,1,0,12 2 13 14,0,385,,453,1,0,15 2 16 17,0,570,,450,1,0,12 2 13 14,0,120,,451,1,0,12 2 13 14,0
35701,'2a5b3362091f52630354',745,,457,1,0,12 2 18 19,0,155,,458,1,0,12 2 13 14,0,230,,459,1,0,12 2 13 14,0,570,,454,1,0,12 2 13 14,0,40,,455,1,0,12 2 13 14,0,80,,456,1,0,12 2 13 14,0
35701,'4d7a6615443531084902',1300,,463,1,0,12 2 13 14,0,250,,460,1,0,12 2 13 14,0,90,,461,1,0,12 2 13 14,0,290,,462,1,0,12 2 13 14,0
35800,'02070559307629202a09',847,,464,45,4,,0,495,,465,46,4,,0
35800,'1a20552b5a400f716a1b',938,,466,45,4,,0
35800,'2a08755845643968295b',748,,467,46,4,,0
35800,'2a5b3362091f52630354',725,,468,45,4,,0,75,,469,46,4,,0,30,,470,45,4,,0,185,,471,45,4,,0
35800,'2c295b0e5f4444502b59',1747,,472,45,4,,0
35800,'4d7a6615443531084902',1330,,473,45,4,,0
35800,'52166b36781a3037644c',1647,,474,45,4,,0
35801,'02070559307629202a09',1405,,475,1,0,91 2 92,0,410,,476,1,0,91 2 92,0
35801,'1a20552b5a400f716a1b',1000,,477,1,0,91 2 92,0,810,,478,1,0,91 2 92,0
35801,'2a5b3362091f52630354',1250,,479,1,0,91 2 92,0,485,,480,1,0,91 2 92,0
35801,'4d7a6615443531084902',1815,,481,1,0,91 2 92,0
35801,'52166b36781a3037644c',905,,482,1,0,91 2 92,0,805,,483,1,0,93 2 94 95,0
36200,'02070559307629202a09',1013,,573,28,4,,0,217,,574,28,4,,0
36200,'2a5b3362091f52630354',820,,575,28,4,,0,193,,576,28,4,,0,607,,577,24,4,,0,103,,578,28,4,,0
36200,'4d7a6615443531084902',740,,580,29,4,,0,115,,581,29,4,,0,375,,582,29,4,,0,595,,579,28,4,,0
36201,'02070559307629202a09',1600,,584,1,0,87 2 88,0,235,,583,1,0,87 2 88,0
36201,'2a5b3362091f52630354',835,,585,1,0,87 2 88,0,765,,586,1,0,85 2 92,0,100,,587,1,0,87 2 88,0
36201,'4d7a6615443531084902',1235,,588,1,0,87 2 89,0,295,,589,1,0,85 2 92,0,105,,590,1,0,87 2 89,0,100,,591,1,0,87 2 88,0,100,,592,1,0,87 2 89,0
36300,'02070559307629202a09',1340,,593,33,4,,0
36300,'296b622873433b653522',1340,,594,33,4,,0
36300,'2a08755845643968295b',1805,,595,30,4,,0
36300,'2a5b3362091f52630354',720,,596,33,4,,0,285,,597,30,4,,0
36300,'4d7a6615443531084902',805,,598,33,4,,0
36301,'2a5b3362091f52630354',1300,,599,1,0,31 2 32,0,400,,600,1,0,31 2 32,0
36301,'4d7a6615443531084902',850,,601,1,0,31 2 32,0
36301,'52166b36781a3037644c',1830,,602,1,0,31 2 32,0
36500,'00746f10327b7c6a3879',1335,,637,59,4,,0
36500,'02070559307629202a09',845,,638,58,4,,0
36500,'0a2f1e22095132130163',1815,,639,45,4,,0
36500,'1a20552b5a400f716a1b',1100,,640,59,4,,0
36500,'2a5b3362091f52630354',730,,642,44,4,,0,185,,643,59,4,,0,110,,644,46,4,,0,485,,641,59,4,,0
36500,'310c545b6d5159571c44',1920,,645,59,4,,0
36500,'4d7a6615443531084902',800,,646,59,4,,0,35,,648,44,4,,0
36500,'725616403949496a5c67',1425,,649,41,4,,0
36500,'756c797a51436f4d0414',1810,,650,44,4,,0
36500,'7b6f6f4a0e36407a261f',1335,,651,58,4,,0
36501,'02070559307629202a09',1745,,652,1,0,132 2 117,0
36501,'1a20552b5a400f716a1b',900,,654,1,0,132 2 117,0,810,,653,1,0,132 2 117,0
36501,'2a08755845643968295b',1700,,655,1,0,133 2 134,0
36501,'2a5b3362091f52630354',615,,658,1,0,132 2 117,0,40,,659,1,0,135 2 25,0,950,,656,1,0,132 2 117,0,95,,657,1,0,133 2 134,0
36501,'4d7a6615443531084902',1730,,660,1,0,132 2 117,0,100,,661,1,0,133 2 134,0
36501,'4e205279023a3e102c72',900,,663,1,0,133 2 134,0
36501,'52166b36781a3037644c',1230,,664,1,0,132 2 117,0,180,,665,1,0,132 2 117,0
36501,'7b6f6f4a0e36407a261f',900,,666,1,0,133 2 134,0
36900,'02070559307629202a09',1120,,667,31,4,,0
36900,'1a20552b5a400f716a1b',1000,,668,30,4,,0,750,,669,30,4,,0
36900,'2a5b3362091f52630354',730,,670,30,4,,0
36900,'4d7a6615443531084902',815,,671,31,4,,0,115,,672,30,4,,0
36901,'02070559307629202a09',1610,,673,1,0,128 2 129,0
36901,'1a20552b5a400f716a1b',1020,,674,1,0,130 2 131,0,780,,675,1,0,130 2 131,0
36901,'2a5b3362091f52630354',1240,,676,1,0,128 2 129,0,365,,677,1,0,128 2 129,0,100,,678,1,0,130 2 131,0
36901,'4d7a6615443531084902',1750,,679,1,0,128 2 129,0,80,,680,1,0,128 2 129,0
37300,'02070559307629202a09',920,,681,35,4,,0
37300,'2a5b3362091f52630354',830,,682,35,4,,0,90,,683,35,4,,0
37300,'4d7a6615443531084902',805,,684,35,4,,0,840,,685,35,4,,0
37300,'52166b36781a3037644c',1350,,686,35,4,,0
37301,'02070559307629202a09',1415,,687,1,0,143 2 45,0
37301,'2a5b3362091f52630354',1635,,688,1,0,143 2 45,0
37301,'4d7a6615443531084902',835,,689,1,0,143 2 45,0,865,,690,1,0,143 2 45,0
37301,'52166b36781a3037644c',1800,,691,1,0,143 2 45,0
37301,'725616403949496a5c67',1240,,692,1,0,143 2 45,0
37700,'1c42311e025d3b40504f',1825,,721,11,4,,0
37700,'2a5b3362091f52630354',730,,722,15,4,,0
37700,'4d7a6615443531084902',840,,723,15,4,,0,95,,724,15,4,,0,595,,725,15,4,,0
37700,'693b6416011017175f3d',1715,,726,11,4,,0
37701,'2a5b3362091f52630354',710,,727,1,0,151 2 152 24,0,1030,,728,1,0,83 2 84,0
37701,'4d7a6615443531084902',1315,,729,1,0,83 2 84,0,300,,730,1,0,83 2 84,0,230,,731,1,0,83 2 84,0
