38800,'1a20552b5a400f716a1b',1623,,773,7,0,9 30,0
38800,'1c2e3625233d01453772',652,,1544,9,0,9 30,0,70,,1545,11,0,9 30,0,30,,1546,9,0,9 30,0,700,,1541,11,0,9 30,0,100,,1542,7,0,9 30,0,100,,1543,11,0,9 30,0
38800,'2a5b3362091f52630354',623,,776,7,0,9 30,0,80,,777,7,0,79 80 18,0,5,,778,11,0,9 30,0,115,,779,7,0,9 30,0,800,,774,7,0,9 30,0,130,,775,7,0,9 30,0
38800,'2c295b0e5f4444502b59',823,,780,7,0,9 30,0
38800,'3823594e52252d7f6b14',1622,,1547,7,0,9 30,0
38800,'4d7a6615443531084902',653,,784,9,0,9 30,0,70,,785,11,0,9 30,0,30,,786,9,0,9 30,0,700,,781,11,0,9 30,0,100,,782,7,0,9 30,0,100,,783,11,0,9 30,0
38800,'4f0277002864772e6462',1052,,1549,7,0,9 30,0,200,,1548,7,0,9 30,0
38800,'52166b36781a3037644c',1053,,788,7,0,9 30,0,200,,787,7,0,9 30,0
38800,'7a7c2673351c18595c18',822,,1550,7,0,9 30,0
38800,'7f443a14596255477616',622,,1553,7,0,9 30,0,81,,1554,7,0,79 80 18,0,5,,1555,11,0,9 30,0,114,,1556,7,0,9 30,0,800,,1551,7,0,9 30,0,130,,1552,7,0,9 30,0
