36500,'0e5131610429337c0530',945,,1403,26,0,9 10 11,0
36500,'1c486c5002601c4a534a',1725,,1407,25,0,9 10 11,0
36500,'1e386a27476c5b6e1461',812,,1419,40,0,9 10 11,0,619,,1418,40,0,9 10 11,0
36500,'1e7832711c690d2e452a',1723,,1416,26,0,9 10 11,0
36500,'1f5759673f12020b0a50',806,,1408,39,0,9 10 11,0
36500,'2a2423055d636f354b6d',1830,,1415,40,0,9 10 11,0
36500,'2c14404d6d61074b6d28',1257,,1409,39,0,9 10 11,0
36500,'2f16807a52596335736c',706,,1404,40,0,9 10 11,0,40,,1406,25,0,9 10 11,0
36500,'2f6b6069415f08614303',1257,,1410,40,0,9 10 11,0
36500,'31744f7e5638320a2d4c',1341,,1411,22,0,9 10 11,0
36500,'3823594e52252d7f6b14',1024,,1413,40,0,9 10 11,0,814,,1412,40,0,9 10 11,0
36500,'3c550d10735a472e4755',949,,1417,27,0,9 10 11,0
36500,'71472061383531535e0f',653,,1414,25,0,9 10 11,0
