35501,'033e170961301f7a0308',855,,1662,5,0,20 21 22,0,393,,1663,5,0,20 21 22,0,362,,1661,5,0,20 21 22,0
35501,'055e00325b240c7d4777',1035,,1235,7,0,20 21 22,0,715,,1234,7,0,20 21 22,0
35501,'126535785649426e467c',820,,1666,7,0,49 50,0,795,,1664,5,0,20 21 22,0,140,,1665,5,0,20 21 22,0
35501,'191b086669276f0a2c02',1250,,1239,5,0,20 21 22,0
35501,'210a7c3e60384f725e7c',1035,,1668,7,0,20 21 22,0,715,,1667,7,0,20 21 22,0
35501,'371d2f0f7337032c2b25',1255,,1233,5,0,20 21 22,0
35501,'3a3841530321505b7b18',1250,,1669,5,0,20 21 22,0
35501,'4f67586f291357636e2f',1405,,1672,5,0,72 25,0,135,,1670,5,0,49 50,0,310,,1671,7,0,20 21 22,0
35501,'566406012b1e7e430018',1050,,1673,5,0,49 50,0
35501,'59737b0d0f044b52693e',1250,,1675,5,0,20 21 22,0,360,,1674,5,0,20 21 22,0
35501,'5d21673510580b5d6c6e',1255,,1676,5,0,20 21 22,0
35501,'5d5f40704724192d5825',820,,1244,7,0,49 50,0,230,,1229,5,0,49 50,0,565,,1242,5,0,20 21 22,0,135,,1243,5,0,20 21 22,0
35501,'723148100c272b183b65',855,,1231,5,0,20 21 22,0,393,,1232,5,0,20 21 22,0,362,,1230,5,0,20 21 22,0
35501,'7360781f782d14543c3f',1405,,1238,5,0,72 25,0,135,,1236,5,0,49 50,0,310,,1237,7,0,20 21 22,0
