36201,'1e386a27476c5b6e1461',856,,1390,9,0,87 88,0,765,,1391,9,0,85 92,0,101,,1392,9,0,87 88,0
36201,'1f5759673f12020b0a50',1621,,1389,9,0,87 88,0,236,,1388,9,0,87 88,0
36201,'2f16807a52596335736c',1256,,1383,9,0,87 89,0,295,,1384,9,0,85 92,0,106,,1385,9,0,87 89,0,100,,1386,9,0,87 88,0,100,,1387,9,0,87 89,0
36901,'1e386a27476c5b6e1461',1626,,1449,9,0,128 129,0,101,,1450,9,0,130 131,0
36901,'1f5759673f12020b0a50',1630,,1445,9,0,128 129,0
36901,'2f16807a52596335736c',1812,,1443,9,0,128 129,0,40,,1444,9,0,128 129,0
36901,'3823594e52252d7f6b14',1037,,1446,9,0,130 131,0,783,,1447,9,0,130 131,0
36901,'71472061383531535e0f',1300,,1448,9,0,128 129,0
37301,'1e386a27476c5b6e1461',1657,,1462,9,0,143 45,0
37301,'1f5759673f12020b0a50',1434,,1459,9,0,143 45,0
37301,'2a2423055d636f354b6d',1822,,1461,9,0,143 45,0
37301,'2f16807a52596335736c',854,,1457,9,0,143 45,0,868,,1458,9,0,143 45,0
37301,'31744f7e5638320a2d4c',1259,,1460,9,0,143 45,0
