39400,'012705765b230d454c07',1559,,1603,32,,,0
39400,'02070559307629202a09',924,,859,32,,,0,680,,860,32,,,0
39400,'1443632b3566627b2e20',749,,1604,32,,,0,390,,1605,32,,,0,515,,1606,32,,,0
39400,'2a08755845643968295b',749,,863,32,,,0,390,,864,32,,,0,515,,865,32,,,0
39400,'2a5b3362091f52630354',749,,866,33,,,0,390,,867,33,,,0,515,,868,33,,,0
39400,'693b6416011017175f3d',1559,,870,33,,,0
39400,'79634f716a31375a174a',924,,1609,32,,,0,680,,1610,32,,,0
39401,'2a5b3362091f52630354',749,,877,12,,,0
39401,'4e3f30715c2160755238',749,,1613,12,,,0
39801,'0a2f1e22095132130163',1830,,915,25,,,0
39801,'31744f7e5638320a2d4c',1339,,1635,24,,,0
39801,'553d275f1455102c362a',1830,,1636,24,,,0
39801,'725616403949496a5c67',1339,,916,25,,,0
