35700,'0a3c663a7d504d200835',1711,,1307,28,0,9 10 11,0
35700,'1a20552b5a400f716a1b',934,,428,28,0,9 10 11,0
35700,'1c2e3625233d01453772',642,,1309,28,0,9 10 11,0,389,,1310,28,0,9 10 11,0,500,,1308,28,0,9 10 11,0
35700,'220e7e723c71704c1463',711,,431,28,0,9 10 11,0,640,,429,32,0,9 10 11,0,395,,430,32,0,9 10 11,0
35700,'295d5e0567072f655d20',1820,,432,32,0,9 10 11,0
35700,'2a08755845643968295b',732,,433,28,0,9 10 11,0,19,,434,28,0,9 10 11,0
35700,'2a5b3362091f52630354',705,,437,28,0,9 10 11,0,20,,438,28,0,9 10 11,0,29,,439,28,0,9 10 11,0,597,,435,30,0,9 10 11,0,395,,436,28,0,9 10 11,0
35700,'320823102b697f311363',1351,,1311,28,0,9 10 11,0
35700,'3823594e52252d7f6b14',934,,1312,28,0,9 10 11,0
35700,'3f575e1f5f6d63575f07',705,,1313,28,0,9 10 11,0
35700,'416039027b4e59137846',1341,,1314,28,0,9 10 11,0
35700,'494a652c1e455e3d7c72',1351,,1315,30,0,9 10 11,0,395,,1316,28,0,9 10 11,0
35700,'4d7a6615443531084902',642,,441,28,0,9 10 11,0,389,,442,28,0,9 10 11,0,500,,440,28,0,9 10 11,0
35700,'59445e7d50034e156e11',701,,1317,28,0,9 10 11,0
35700,'59737b0d0f044b52693e',722,,1318,28,0,9 10 11,0,29,,1319,28,0,9 10 11,0
35700,'61121d2d1b1669750837',1821,,1320,28,0,9 10 11,0
35700,'634b592b186b573b6758',1821,,1321,32,0,9 10 11,0
35700,'693b6416011017175f3d',1341,,443,28,0,9 10 11,0,370,,444,28,0,9 10 11,0
35700,'6d0c424c36686c087407',1351,,1322,32,0,9 10 11,0,395,,1323,32,0,9 10 11,0
35700,'7f443a14596255477616',725,,1324,28,0,9 10 11,0,29,,1325,28,0,9 10 11,0
