35001,'02070559307629202a09',1823,,260,38,0,105 10 52,0
35001,'0a2f1e22095132130163',1757,,261,38,0,144 25,0,48,,262,39,0,144 25,0,100,,263,42,0,144 25,0,18,,265,38,0,144 25,0
35001,'1c2e3625233d01453772',913,,1138,38,0,144 25,0,590,,1134,38,0,105 10 52,0,202,,1135,38,0,105 10 52,0,243,,1137,38,0,144 25,0
35001,'1f5759673f12020b0a50',1823,,1140,38,0,105 10 52,0
35001,'2a08755845643968295b',1757,,266,38,0,144 25,0,66,,267,38,0,144 25,0,30,,268,38,0,144 25,0
35001,'2a5b3362091f52630354',1833,,269,38,0,144 25,0
35001,'31744f7e5638320a2d4c',1328,,1144,41,0,144 25,0,85,,1145,38,0,144 25,0,344,,1141,38,0,144 25,0,148,,1142,38,0,144 25,0
35001,'4d7a6615443531084902',913,,277,38,0,144 25,0,590,,273,38,0,105 10 52,0,202,,274,38,0,105 10 52,0,243,,276,38,0,144 25,0
35001,'553d275f1455102c362a',1757,,1146,38,0,144 25,0,48,,1147,38,0,144 25,0,98,,1148,41,0,144 25,0,20,,1150,38,0,144 25,0
35001,'59737b0d0f044b52693e',1757,,1151,38,0,144 25,0,66,,1152,38,0,144 25,0,30,,1153,38,0,144 25,0
35001,'725616403949496a5c67',1325,,283,39,0,144 25,0,88,,279,38,0,144 25,0,344,,280,38,0,144 25,0,148,,281,38,0,144 25,0
35001,'7f443a14596255477616',1833,,1154,38,0,144 25,0
