31800,'2a2423055d636f354b6d',1309,,1069,35,0,9 68 38,0
31800,'2f16807a52596335736c',656,,1067,35,0,9 68 38,0,78,,1068,35,0,9 68 38,0
31900,'2a2423055d636f354b6d',1307,,1076,26,0,9 68 38,0
31900,'2f16807a52596335736c',650,,1073,25,0,9 68 38,0,83,,1074,26,0,9 68 38,0,117,,1075,25,0,9 68 38,0
31901,'2a2423055d636f354b6d',1812,,1080,11,0,69 70 71,0
31901,'2f16807a52596335736c',1417,,1077,11,0,69 70 71,0,220,,1078,11,0,69 70 71,0,205,,1079,11,0,69 70 71,0
35800,'1e386a27476c5b6e1461',705,,1356,30,0,9 10 11,0,22,,1357,29,0,9 10 11,0,193,,1358,29,0,9 10 11,0
35800,'1f5759673f12020b0a50',801,,1349,29,0,9 10 11,0,458,,1350,30,0,9 10 11,0
35800,'2a2423055d636f354b6d',1602,,1353,29,0,9 10 11,0
35800,'2f16807a52596335736c',1247,,1348,29,0,9 10 11,0
35800,'3823594e52252d7f6b14',901,,1351,29,0,9 10 11,0
35800,'59737b0d0f044b52693e',703,,1354,30,0,9 10 11,0
35800,'71472061383531535e0f',646,,1352,29,0,9 10 11,0
35800,'7a7c2673351c18595c18',1702,,1355,29,0,9 10 11,0
