35600,'02070559307629202a09',709,,373,47,0,9 2 10 11,0
35600,'0a2f1e22095132130163',1839,,374,48,0,9 2 10 11,0,5,,375,48,0,9 2 10 11,0
35600,'1c42311e025d3b40504f',1744,,376,48,0,9 2 10 11,0
35600,'200a2d69427732221f48',1309,,377,47,0,9 2 10 11,0
35600,'220e7e723c71704c1463',1519,,378,51,0,9 2 10 11,0,330,,379,51,0,9 2 10 11,0
35600,'2752046f425a49721d09',1309,,380,47,0,9 2 10 11,0
35600,'295d5e0567072f655d20',1134,,381,51,0,9 2 10 11,0,800,,382,51,0,9 2 10 11,0
35600,'2a08755845643968295b',709,,384,47,0,9 2 10 11,0,40,,385,47,0,9 2 10 11,0,70,,386,47,0,9 2 10 11,0,920,,383,47,0,9 2 10 11,0
35600,'2a5b3362091f52630354',709,,389,47,0,9 2 10 11,0,50,,390,47,0,9 2 10 11,0,70,,391,47,0,9 2 10 11,0,690,,387,47,0,9 2 10 11,0,399,,388,48,0,9 2 10 11,0
35600,'4d7a6615443531084902',649,,393,47,0,9 2 10 11,0,360,,392,47,0,9 2 10 11,0
35600,'52166b36781a3037644c',909,,394,47,0,9 2 10 11,0
35600,'693b6416011017175f3d',1629,,395,48,0,9 2 10 11,0,15,,396,49,0,9 2 10 11,0,100,,397,49,0,9 2 10 11,0
35600,'725616403949496a5c67',1309,,398,48,0,9 2 10 11,0,5,,399,48,0,9 2 10 11,0,525,,401,47,0,9 2 10 11,0
