34201,'1e386a27476c5b6e1461',1759,,1093,15,0,135 25,0
34201,'1f5759673f12020b0a50',1759,,1638,17,0,135 25,0
34201,'2f16807a52596335736c',1312,,1091,17,0,135 25,0,537,,1637,17,0,135 25,0
34201,'59737b0d0f044b52693e',1759,,1639,17,0,135 25,0
36500,'1e386a27476c5b6e1461',659,,1419,9,0,9 10 11,0,668,,1418,9,0,9 10 11,0
36500,'1f5759673f12020b0a50',659,,1408,9,0,9 10 11,0
36500,'2a2423055d636f354b6d',1722,,1415,9,0,9 10 11,0
36500,'2c14404d6d61074b6d28',1147,,1409,9,0,9 10 11,0
36500,'2f16807a52596335736c',559,,1404,9,0,9 10 11,0,71,,1405,9,0,133 134,0
36500,'2f6b6069415f08614303',1147,,1410,9,0,9 10 11,0
36500,'3823594e52252d7f6b14',912,,1413,9,0,9 10 11,0,804,,1412,9,0,9 10 11,0
