35601,'055e00325b240c7d4777',918,,407,18,0,15 16 17,0,804,,408,18,0,15 16 17,0
35601,'075f4276790e1e273655',1422,,1276,18,0,15 16 17,0
35601,'0a3c663a7d504d200835',1537,,1277,18,0,12 13 14,0
35601,'184134507f4517151633',832,,1279,18,0,12 13 14,0
35601,'1e386a27476c5b6e1461',642,,1301,18,0,12 13 14,0,197,,1306,18,0,12 13 14,0,873,,1302,18,0,12 13 14,0,40,,1303,18,0,12 13 14,0
35601,'1f5759673f12020b0a50',652,,1284,18,0,12 13 14,0
35601,'2943795d360756687162',1252,,1278,18,0,12 13 14,0
35601,'2a2423055d636f354b6d',1937,,1289,18,0,12 13 14,0
35601,'2f16807a52596335736c',1052,,1280,18,0,12 13 14,0,370,,1281,18,0,12 13 14,0,100,,1282,18,0,12 13 14,0,390,,1283,18,0,12 13 14,0
35601,'320823102b697f311363',1422,,1285,18,0,12 13 14,0
35601,'321e5f70685c1473436a',1832,,1287,18,0,12 13 14,0
35601,'332311354b01253e3615',907,,1286,18,0,12 13 14,0
35601,'59445e7d50034e156e11',1822,,1290,18,0,12 13 14,0
35601,'59737b0d0f044b52693e',652,,1293,18,0,12 13 14,0,1050,,1291,18,0,12 13 14,0,40,,1292,18,0,12 13 14,0
35601,'61121d2d1b1669750837',918,,1294,18,0,12 13 14,0,804,,1295,18,0,12 13 14,0
35601,'634b592b186b573b6758',918,,1296,18,0,15 16 17,0,804,,1297,18,0,15 16 17,0
35601,'6d0c424c36686c087407',837,,1299,18,0,15 16 17,0,415,,1298,18,0,15 16 17,0
35601,'71472061383531535e0f',1622,,1288,18,0,12 13 14,0
35601,'7c40501f37807a467b28',1622,,1300,18,0,15 16 17,0
