38801,'02070559307629202a09',1338,,790,22,0,81 25,0,269,,789,22,0,81 25,0
38801,'1a20552b5a400f716a1b',1027,,791,22,0,81 25,0
38801,'1c2e3625233d01453772',857,,1560,22,0,81 25,0,100,,1561,22,0,81 25,0,380,,1562,22,0,81 82,0,190,,1563,22,0,81 25,0,219,,1557,22,0,83 84,0,100,,1558,22,0,83 84,0,91,,1559,22,0,81 82,0
38801,'1f5759673f12020b0a50',1338,,1565,22,0,81 25,0,269,,1564,22,0,81 25,0
38801,'2a5b3362091f52630354',927,,797,22,0,81 25,0,100,,798,22,0,81 25,0,580,,792,22,0,81 25,0,109,,793,22,0,81 25,0,100,,794,22,0,81 82,0,96,,795,22,0,81 82,0,95,,796,22,0,81 25,0
38801,'2c295b0e5f4444502b59',1857,,799,22,0,81 25,0
38801,'31744f7e5638320a2d4c',1342,,1566,15,0,81 25,0
38801,'3823594e52252d7f6b14',1027,,1567,22,0,81 25,0
38801,'4d7a6615443531084902',857,,803,22,0,81 25,0,100,,804,22,0,81 25,0,380,,805,22,0,81 82,0,190,,806,22,0,81 25,0,219,,800,22,0,83 84,0,100,,801,22,0,83 84,0,91,,802,22,0,81 82,0
38801,'725616403949496a5c67',1342,,807,15,0,81 25,0
38801,'7a7c2673351c18595c18',1857,,1568,22,0,81 25,0
38801,'7f443a14596255477616',927,,1574,22,0,81 25,0,100,,1575,22,0,81 25,0,580,,1569,22,0,81 25,0,109,,1570,22,0,81 25,0,100,,1571,22,0,81 82,0,97,,1572,22,0,81 82,0,94,,1573,22,0,81 25,0
