35601,'02070559307629202a09',1402,,402,13,0,15 16 17,0
35601,'075f4276790e1e273655',1417,,1276,13,0,15 16 17,0
35601,'0a3c663a7d504d200835',1532,,1277,13,0,12 13 14,0
35601,'14187635613e43612170',1247,,1278,13,0,12 13 14,0
35601,'184134507f4517151633',827,,1279,13,0,12 13 14,0
35601,'1c2e3625233d01453772',1047,,1280,13,0,12 13 14,0,370,,1281,13,0,12 13 14,0,100,,1282,13,0,12 13 14,0,390,,1283,13,0,12 13 14,0
35601,'1f5759673f12020b0a50',647,,1284,13,0,12 13 14,0
35601,'220e7e723c71704c1463',832,,406,13,0,15 16 17,0,415,,404,13,0,15 16 17,0
35601,'2a08755845643968295b',1617,,409,13,0,15 16 17,0
35601,'2d6a412e153614600940',1817,,405,13,0,12 13 14,0
35601,'320823102b697f311363',1417,,1285,13,0,12 13 14,0
35601,'332311354b01253e3615',902,,1286,13,0,12 13 14,0
35601,'3f575e1f5f6d63575f07',1824,,1287,13,0,12 13 14,0
35601,'49363c5c560d0d713513',647,,403,13,0,12 13 14,0
35601,'494a652c1e455e3d7c72',1617,,1288,13,0,12 13 14,0
35601,'4f0277002864772e6462',1932,,1289,13,0,12 13 14,0
35601,'59445e7d50034e156e11',1817,,1290,13,0,12 13 14,0
35601,'59737b0d0f044b52693e',647,,1293,13,0,12 13 14,0,1010,,1291,13,0,12 13 14,0,80,,1292,13,0,12 13 14,0
35601,'5a622e2f735638475e4f',647,,412,13,0,12 13 14,0,1010,,410,13,0,12 13 14,0,80,,411,13,0,12 13 14,0
35601,'5e7c480b705d7d2d5e1b',1932,,426,13,0,12 13 14,0
35601,'5f3a5d635165645c1e2c',1217,,422,13,0,12 13 14,0,200,,423,13,0,12 13 14,0,100,,424,13,0,12 13 14,0,390,,425,13,0,12 13 14,0
35601,'61121d2d1b1669750837',913,,1294,13,0,12 13 14,0,804,,1295,13,0,12 13 14,0
35601,'634b592b186b573b6758',913,,1296,13,0,15 16 17,0,804,,1297,13,0,15 16 17,0
35601,'6d0c424c36686c087407',832,,1299,13,0,15 16 17,0,415,,1298,13,0,15 16 17,0
35601,'7c40501f37807a467b28',1617,,1300,13,0,15 16 17,0
35601,'7f443a14596255477616',636,,1301,13,0,12 13 14,0,197,,1306,13,0,12 13 14,0,871,,1302,13,0,12 13 14,0,40,,1303,13,0,12 13 14,0
35601,'80152c04633e535e6600',913,,407,13,0,15 16 17,0,804,,408,13,0,15 16 17,0
