35600,'02070559307629202a09',706,,373,41,0,9 10 11,0
35600,'0a2f1e22095132130163',1836,,374,42,0,9 10 11,0,5,,375,42,0,9 10 11,0
35600,'1c42311e025d3b40504f',1741,,376,42,0,9 10 11,0
35600,'200a2d69427732221f48',1306,,377,41,0,9 10 11,0
35600,'220e7e723c71704c1463',1516,,378,45,0,9 10 11,0,330,,379,45,0,9 10 11,0
35600,'2752046f425a49721d09',1306,,380,41,0,9 10 11,0
35600,'295d5e0567072f655d20',1130,,381,45,0,9 10 11,0,801,,382,45,0,9 10 11,0
35600,'2a08755845643968295b',706,,384,41,0,9 10 11,0,40,,385,41,0,9 10 11,0,70,,386,41,0,9 10 11,0,920,,383,41,0,9 10 11,0
35600,'2a5b3362091f52630354',706,,389,41,0,9 10 11,0,45,,390,41,0,9 10 11,0,68,,391,41,0,9 10 11,0,697,,387,41,0,9 10 11,0,399,,388,42,0,9 10 11,0
35600,'4d7a6615443531084902',646,,393,41,0,9 10 11,0,360,,392,41,0,9 10 11,0
35600,'52166b36781a3037644c',906,,394,41,0,9 10 11,0
35600,'693b6416011017175f3d',1626,,395,42,0,9 10 11,0,15,,396,43,0,9 10 11,0,100,,397,43,0,9 10 11,0
35600,'725616403949496a5c67',1306,,398,42,0,9 10 11,0,5,,399,42,0,9 10 11,0,524,,401,41,0,9 10 11,0
