35100,'02070559307629202a09',759,,285,8,0,9 10 11,0,374,,286,8,0,9 10 11,0
35100,'1a20552b5a400f716a1b',843,,290,8,0,9 10 11,0,785,,289,8,0,9 10 11,0
35100,'1f5759673f12020b0a50',759,,1159,8,0,9 10 11,0,374,,1160,8,0,9 10 11,0
35100,'2a08755845643968295b',1133,,291,8,0,9 10 11,0
35100,'2a5b3362091f52630354',613,,292,8,0,9 10 11,0,16,,293,8,0,9 10 11,0
35100,'3823594e52252d7f6b14',843,,1165,8,0,9 10 11,0,785,,1164,8,0,9 10 11,0
35100,'4f0277002864772e6462',1043,,1168,8,0,9 10 11,0,266,,1166,8,0,9 10 11,0,110,,1167,8,0,9 10 11,0
35100,'52166b36781a3037644c',1043,,298,8,0,9 10 11,0,266,,296,8,0,9 10 11,0,110,,297,8,0,9 10 11,0
35100,'59737b0d0f044b52693e',1133,,1171,8,0,9 10 11,0
35100,'7f443a14596255477616',613,,1172,8,0,9 10 11,0,16,,1173,8,0,9 10 11,0
37500,'2a5b3362091f52630354',735,,693,12,0,23 24 18,0,2,,694,8,0,23 24 18,0
37500,'7f443a14596255477616',735,,1463,12,0,23 24 18,0,1,,1464,8,0,23 24 18,0
