37700,'1c2e3625233d01453772',735,,1492,1,0,9 10 11,0,100,,1493,1,0,9 10 11,0,600,,1494,1,0,9 10 11,0
37700,'3c0b6f12565a411a6646',735,,929,1,0,9 10 11,0,100,,930,1,0,9 10 11,0,600,,931,1,0,9 10 11,0
37700,'7f443a14596255477616',635,,1496,1,0,9 10 11,0
37701,'1c2e3625233d01453772',1410,,1498,20,4,,0,305,,1499,20,4,,0,230,,1500,20,4,,0
37701,'29672110360e7e074d18',1410,,729,20,4,,0,305,,730,20,4,,0,230,,731,20,4,,0
37701,'7f443a14596255477616',1845,,1502,20,4,,0
38800,'1c2e3625233d01453772',628,,1544,1,0,9 30,0,100,,1546,1,0,9 30,0
38800,'29672110360e7e074d18',628,,784,1,0,9 30,0,100,,786,1,0,9 30,0
38801,'1c2e3625233d01453772',1807,,1557,26,4,,0,98,,1558,26,4,,0
38801,'29672110360e7e074d18',1807,,800,26,4,,0,98,,801,26,4,,0
