35800,'182e1170551a4b4f4917',846,,466,8,0,9 10 11,0
35800,'1c2e3625233d01453772',1231,,1348,8,0,9 10 11,0
35800,'1f5759673f12020b0a50',746,,1349,8,0,9 10 11,0,497,,1350,9,0,9 10 11,0
35800,'2829557e4e6662246775',1231,,473,8,0,9 10 11,0
35800,'30275c4a4d721d220170',1546,,474,8,0,9 10 11,0
35800,'381f070f0001194f3579',1646,,472,8,0,9 10 11,0
35800,'3823594e52252d7f6b14',846,,1351,8,0,9 10 11,0
35800,'494a652c1e455e3d7c72',626,,1352,8,0,9 10 11,0
35800,'4f0277002864772e6462',1546,,1353,8,0,9 10 11,0
35800,'59737b0d0f044b52693e',646,,1354,9,0,9 10 11,0
35800,'5a622e2f735638475e4f',646,,467,9,0,9 10 11,0
35800,'7a7c2673351c18595c18',1646,,1355,8,0,9 10 11,0
35800,'7e6273386a42064a2f0b',746,,464,8,0,9 10 11,0,497,,465,9,0,9 10 11,0
35800,'7f443a14596255477616',646,,1356,9,0,9 10 11,0,60,,1357,8,0,9 10 11,0,195,,1358,8,0,9 10 11,0
