30101,'1e386a27476c5b6e1461',1735,,960,7,0,20 21 22,0,70,,961,7,0,20 21 22,0
30101,'2f16807a52596335736c',745,,952,7,0,20 21 22,0,72,,953,7,0,20 21 22,0,33,,954,7,0,20 21 22,0,66,,955,7,0,20 21 22,0,29,,956,7,0,20 21 22,0,775,,957,7,0,20 21 22,0,30,,958,7,0,20 21 22,0,70,,947,7,0,20 21 22,0,25,,948,7,0,20 21 22,0,70,,949,7,0,20 21 22,0,30,,950,7,0,20 21 22,0,70,,951,7,0,20 21 22,0
30101,'3c2a73256541336f410c',1835,,959,7,0,20 21 22,0
35101,'1e386a27476c5b6e1461',1916,,1184,56,0,20 21 22,0,110,,1185,47,0,20 21 22,0
35101,'1f5759673f12020b0a50',1941,,1176,47,0,20 21 22,0
35101,'2a2423055d636f354b6d',1011,,1179,47,0,20 21 22,0,340,,1180,47,0,20 21 22,0,190,,1181,47,0,20 21 22,0
35101,'31744f7e5638320a2d4c',1442,,1177,56,0,20 21 22,0
35101,'3823594e52252d7f6b14',1056,,1178,47,0,20 21 22,0
35101,'7a7c2673351c18595c18',1856,,1182,47,0,20 21 22,0
37501,'1e7832711c690d2e452a',1812,,1467,7,0,28 29,0
37501,'31744f7e5638320a2d4c',1222,,1466,7,0,20 21 22,0
