35501,'033e170961301f7a0308',905,,1662,13,0,20 21 22,0,354,,1663,13,0,20 21 22,0,361,,1661,13,0,20 21 22,0
35501,'055e00325b240c7d4777',1045,,1235,15,0,20 21 22,0,755,,1234,15,0,20 21 22,0
35501,'126535785649426e467c',832,,1666,15,0,49 50,0,794,,1664,13,0,20 21 22,0,181,,1665,13,0,20 21 22,0
35501,'191b086669276f0a2c02',1301,,1239,13,0,20 21 22,0
35501,'210a7c3e60384f725e7c',1045,,1668,15,0,20 21 22,0,755,,1667,15,0,20 21 22,0
35501,'371d2f0f7337032c2b25',1306,,1233,13,0,20 21 22,0
35501,'3a3841530321505b7b18',1301,,1669,13,0,20 21 22,0
35501,'4f67586f291357636e2f',1416,,1672,13,0,72 25,0,135,,1670,13,0,49 50,0,349,,1671,15,0,20 21 22,0
35501,'566406012b1e7e430018',1101,,1673,13,0,49 50,0
35501,'59737b0d0f044b52693e',1300,,1675,13,0,20 21 22,0,320,,1674,13,0,20 21 22,0
35501,'5d21673510580b5d6c6e',1306,,1676,13,0,20 21 22,0
35501,'5d5f40704724192d5825',832,,1244,15,0,49 50,0,269,,1229,13,0,49 50,0,525,,1242,13,0,20 21 22,0,176,,1243,13,0,20 21 22,0
35501,'723148100c272b183b65',905,,1231,13,0,20 21 22,0,354,,1232,13,0,20 21 22,0,361,,1230,13,0,20 21 22,0
35501,'7360781f782d14543c3f',1416,,1238,13,0,72 25,0,135,,1236,13,0,49 50,0,349,,1237,15,0,20 21 22,0
