35701,'055e00325b240c7d4777',1036,,449,6,0,15 16 17,0
35701,'0d4e3278231744213640',1746,,1326,6,0,12 13 14,0
35701,'1c2e3625233d01453772',1306,,1330,6,0,12 13 14,0,250,,1327,6,0,12 13 14,0,90,,1328,6,0,12 13 14,0,290,,1329,6,0,12 13 14,0
35701,'320823102b697f311363',821,,1331,6,0,12 13 14,0
35701,'332311354b01253e3615',821,,1332,6,0,12 18 19,0
35701,'3823594e52252d7f6b14',1921,,1333,6,0,12 13 14,0
35701,'494a652c1e455e3d7c72',906,,1334,6,0,12 13 14,0,230,,1335,6,0,12 13 14,0
35701,'59445e7d50034e156e11',1746,,1336,6,0,12 13 14,0
35701,'59737b0d0f044b52693e',751,,1339,6,0,12 13 14,0,955,,1337,6,0,12 13 14,0,120,,1338,6,0,12 13 14,0
35701,'61121d2d1b1669750837',1036,,1340,6,0,12 13 14,0
35701,'634b592b186b573b6758',1036,,1341,6,0,15 16 17,0
35701,'6d0c424c36686c087407',906,,1342,6,0,15 16 17,0
35701,'7c40501f37807a467b28',1136,,1343,6,0,15 16 17,0
35701,'7f443a14596255477616',751,,1347,6,0,12 18 19,0,955,,1344,6,0,12 13 14,0,40,,1345,6,0,12 13 14,0,80,,1346,6,0,12 13 14,0
35801,'1c2e3625233d01453772',1822,,1359,6,0,91 92,0
35801,'1f5759673f12020b0a50',1410,,1360,6,0,91 92,0,410,,1361,6,0,91 92,0
35801,'3823594e52252d7f6b14',1004,,1362,6,0,91 92,0,810,,1363,6,0,91 92,0
35801,'494a652c1e455e3d7c72',1256,,1364,6,0,91 92,0
35801,'4f0277002864772e6462',910,,1365,6,0,91 92,0,807,,1366,6,0,93 94 95,0
35801,'7f443a14596255477616',1741,,1367,6,0,91 92,0
