36901,'1e386a27476c5b6e1461',1706,,1449,18,0,128 129,0,114,,1450,18,0,130 131,0
36901,'1f5759673f12020b0a50',1707,,1445,18,0,128 129,0
36901,'2f16807a52596335736c',1900,,1443,18,0,128 129,0,32,,1444,18,0,128 129,0
36901,'3823594e52252d7f6b14',1108,,1446,18,0,130 131,0,741,,1447,18,0,130 131,0
36901,'71472061383531535e0f',1338,,1448,18,0,128 129,0
37301,'1e386a27476c5b6e1461',1743,,1462,18,0,143 45,0
37301,'1f5759673f12020b0a50',1510,,1459,18,0,143 45,0
37301,'2a2423055d636f354b6d',1857,,1461,18,0,143 45,0
37301,'2f16807a52596335736c',932,,1457,18,0,143 45,0,885,,1458,18,0,143 45,0
37301,'31744f7e5638320a2d4c',1340,,1460,18,0,143 45,0
