30501,'1e386a27476c5b6e1461',1914,,1053,25,0,31 32,0
30501,'2f16807a52596335736c',1734,,1048,25,0,31 32,0,195,,1049,25,0,31 32,0,90,,1050,25,0,31 32,0
30501,'71472061383531535e0f',1019,,1051,25,0,31 32,0,820,,1052,25,0,31 32,0
36501,'0e5131610429337c0530',754,,1420,33,0,135 25,0,156,,1421,33,0,166 32,0
36501,'1e386a27476c5b6e1461',711,,1436,33,0,132 117,0,1002,,1434,33,0,132 117,0,113,,1435,33,0,133 134,0
36501,'1f5759673f12020b0a50',1856,,1425,33,0,132 117,0
36501,'2a2423055d636f354b6d',1333,,1429,33,0,132 117,0,182,,1430,33,0,132 117,0
36501,'2c14404d6d61074b6d28',1010,,1426,33,0,133 134,0
36501,'2f16807a52596335736c',1854,,1422,33,0,132 117,0,83,,1423,33,0,133 134,0
36501,'3823594e52252d7f6b14',952,,1428,33,0,132 117,0,850,,1427,33,0,132 117,0
36501,'3c550d10735a472e4755',754,,1433,33,0,135 25,0
36501,'484f0e366a041c114e35',1010,,1432,33,0,133 134,0
36501,'59737b0d0f044b52693e',1814,,1431,33,0,133 134,0
