35701,'0d4e3278231744213640',1835,,1326,36,0,12 13 14,0
35701,'136e6b484c454e417465',1956,,446,36,0,12 13 14,0
35701,'1c2e3625233d01453772',1346,,1330,36,0,12 13 14,0,290,,1327,36,0,12 13 14,0,99,,1328,36,0,12 13 14,0,281,,1329,36,0,12 13 14,0
35701,'320823102b697f311363',856,,1331,36,0,12 13 14,0
35701,'332311354b01253e3615',905,,1332,36,0,12 18 19,0
35701,'3823594e52252d7f6b14',1956,,1333,36,0,12 13 14,0
35701,'3a4a044232474e33312b',1115,,449,36,0,15 16 17,0
35701,'3a511f30370a721b2433',856,,445,36,0,12 13 14,0
35701,'494a652c1e455e3d7c72',946,,1334,36,0,12 13 14,0,270,,1335,36,0,12 13 14,0
35701,'59445e7d50034e156e11',1830,,1336,36,0,12 13 14,0
35701,'59737b0d0f044b52693e',831,,1339,36,0,12 13 14,0,924,,1337,36,0,12 13 14,0,151,,1338,36,0,12 13 14,0
35701,'61121d2d1b1669750837',1115,,1340,36,0,12 13 14,0
35701,'634b592b186b573b6758',1115,,1341,36,0,15 16 17,0
35701,'69181125652d7e4d6a80',831,,452,36,0,12 13 14,0,385,,453,36,0,15 16 17,0,130,,463,36,0,12 13 14,0,290,,460,36,0,12 13 14,0,99,,461,36,0,12 13 14,0,20,,450,36,0,12 13 14,0,151,,451,36,0,12 13 14,0,110,,462,36,0,12 13 14,0
35701,'6d0c424c36686c087407',941,,1342,36,0,15 16 17,0
35701,'702c275e051204394d01',941,,448,36,0,15 16 17,0,889,,447,36,0,12 13 14,0
35701,'7c40501f37807a467b28',1216,,1343,36,0,15 16 17,0
35701,'7f443a14596255477616',844,,1347,36,0,12 18 19,0,956,,1344,36,0,12 13 14,0,35,,1345,36,0,12 13 14,0,79,,1346,36,0,12 13 14,0
