35600,'02070559307629202a09',640,,373,17,0,9 10 11,0
35600,'0a2f1e22095132130163',1810,,374,18,0,9 10 11,0,5,,375,18,0,9 10 11,0
35600,'0a3c663a7d504d200835',1600,,1245,18,0,9 10 11,0,15,,1246,19,0,9 10 11,0
35600,'0d7c5c285a59412d315b',1805,,1247,17,0,9 10 11,0
35600,'112a0b7f332a564f1678',1240,,1248,17,0,9 10 11,0
35600,'14187635613e43612170',1450,,1249,17,0,9 10 11,0
35600,'1a223768176411647430',1810,,1250,17,0,9 10 11,0
35600,'1c2e3625233d01453772',620,,1252,17,0,9 10 11,0,320,,1251,17,0,9 10 11,0
35600,'1c42311e025d3b40504f',1715,,376,18,0,9 10 11,0
35600,'1f5759673f12020b0a50',640,,1253,17,0,9 10 11,0
35600,'200a2d69427732221f48',1240,,377,17,0,9 10 11,0
35600,'220e7e723c71704c1463',1450,,378,21,0,9 10 11,0,370,,379,21,0,9 10 11,0
35600,'2752046f425a49721d09',1240,,380,17,0,9 10 11,0
35600,'295d5e0567072f655d20',1105,,381,21,0,9 10 11,0,800,,382,21,0,9 10 11,0
35600,'2a08755845643968295b',640,,384,17,0,9 10 11,0,80,,385,17,0,9 10 11,0,30,,386,17,0,9 10 11,0,960,,383,17,0,9 10 11,0
35600,'2a5b3362091f52630354',640,,389,17,0,9 10 11,0,82,,390,17,0,9 10 11,0,30,,391,17,0,9 10 11,0,698,,387,17,0,9 10 11,0,399,,388,18,0,9 10 11,0
35600,'31744f7e5638320a2d4c',1240,,1254,18,0,9 10 11,0,5,,1255,18,0,9 10 11,0
35600,'4d7a6615443531084902',620,,393,17,0,9 10 11,0,320,,392,17,0,9 10 11,0
35600,'4f0277002864772e6462',840,,1256,17,0,9 10 11,0
35600,'52166b36781a3037644c',840,,394,17,0,9 10 11,0
35600,'553d275f1455102c362a',1810,,1257,18,0,9 10 11,0,5,,1258,18,0,9 10 11,0
35600,'56061576073054406d39',1810,,1259,17,0,9 10 11,0
35600,'59737b0d0f044b52693e',640,,1261,17,0,9 10 11,0,80,,1262,17,0,9 10 11,0,30,,1263,17,0,9 10 11,0,960,,1260,17,0,9 10 11,0
35600,'61121d2d1b1669750837',1105,,1264,17,0,9 10 11,0,800,,1265,17,0,9 10 11,0
35600,'634b592b186b573b6758',1105,,1266,21,0,9 10 11,0,800,,1267,21,0,9 10 11,0
35600,'693b6416011017175f3d',1600,,395,18,0,9 10 11,0,15,,396,19,0,9 10 11,0,100,,397,19,0,9 10 11,0
35600,'6a233617047119584137',1240,,1268,17,0,9 10 11,0
35600,'6d0c424c36686c087407',1450,,1269,21,0,9 10 11,0,360,,1270,21,0,9 10 11,0
35600,'725616403949496a5c67',1240,,398,18,0,9 10 11,0,5,,400,18,0,122 25,0,565,,401,17,0,9 10 11,0
35600,'7f443a14596255477616',640,,1273,17,0,9 10 11,0,82,,1274,17,0,9 10 11,0,30,,1275,17,0,9 10 11,0,963,,1271,18,0,9 10 11,0,134,,1272,18,0,9 10 11,0
