35601,'075f4276790e1e273655',1431,,1276,26,0,15 16 17,0
35601,'0a3c663a7d504d200835',1546,,1277,26,0,12 13 14,0
35601,'14187635613e43612170',1301,,1278,26,0,12 13 14,0
35601,'184134507f4517151633',841,,1279,26,0,12 13 14,0
35601,'1c2e3625233d01453772',1101,,1280,26,0,12 13 14,0,330,,1281,26,0,12 13 14,0,100,,1282,26,0,12 13 14,0,390,,1283,26,0,12 13 14,0
35601,'1f5759673f12020b0a50',701,,1284,26,0,12 13 14,0
35601,'320823102b697f311363',1431,,1285,26,0,12 13 14,0
35601,'332311354b01253e3615',916,,1286,26,0,12 13 14,0
35601,'3a4a044232474e33312b',928,,407,26,0,15 16 17,0,803,,408,26,0,15 16 17,0
35601,'3a511f30370a721b2433',701,,403,26,0,12 13 14,0,715,,402,26,0,15 16 17,0
35601,'3f575e1f5f6d63575f07',1841,,1287,26,0,12 13 14,0
35601,'494a652c1e455e3d7c72',1631,,1288,26,0,12 13 14,0
35601,'4f0277002864772e6462',1946,,1289,26,0,12 13 14,0
35601,'59445e7d50034e156e11',1831,,1290,26,0,12 13 14,0
35601,'59737b0d0f044b52693e',701,,1293,26,0,12 13 14,0,1010,,1291,26,0,12 13 14,0,40,,1292,26,0,12 13 14,0
35601,'61121d2d1b1669750837',928,,1294,26,0,12 13 14,0,803,,1295,26,0,12 13 14,0
35601,'634b592b186b573b6758',928,,1296,26,0,15 16 17,0,803,,1297,26,0,15 16 17,0
35601,'69181125652d7e4d6a80',701,,412,26,0,12 13 14,0,530,,422,26,0,12 13 14,0,200,,423,26,0,12 13 14,0,100,,424,26,0,12 13 14,0,100,,409,26,0,15 16 17,0,80,,410,26,0,12 13 14,0,40,,411,26,0,12 13 14,0,170,,425,26,0,12 13 14,0
35601,'6d0c424c36686c087407',846,,1299,26,0,15 16 17,0,455,,1298,26,0,15 16 17,0
35601,'702c275e051204394d01',846,,406,26,0,15 16 17,0,455,,404,26,0,15 16 17,0,530,,405,26,0,12 13 14,0,115,,426,26,0,12 13 14,0
35601,'7c40501f37807a467b28',1631,,1300,26,0,15 16 17,0
35601,'7f443a14596255477616',651,,1301,26,0,12 13 14,0,197,,1306,26,0,12 13 14,0,873,,1302,26,0,12 13 14,0,80,,1303,26,0,12 13 14,0
