31800,'2a2423055d636f354b6d',1321,,1069,36,0,9 68 38,0
31800,'2f16807a52596335736c',706,,1067,36,0,9 68 38,0,43,,1068,36,0,9 68 38,0
31900,'2a2423055d636f354b6d',1319,,1076,27,0,9 68 38,0
31900,'2f16807a52596335736c',702,,1073,26,0,9 68 38,0,43,,1074,27,0,9 68 38,0,157,,1075,26,0,9 68 38,0
35800,'1e386a27476c5b6e1461',720,,1356,31,0,9 10 11,0,20,,1357,30,0,9 10 11,0,195,,1358,30,0,9 10 11,0
35800,'1f5759673f12020b0a50',813,,1349,30,0,9 10 11,0,498,,1350,31,0,9 10 11,0
35800,'2a2423055d636f354b6d',1614,,1353,30,0,9 10 11,0
35800,'2f16807a52596335736c',1259,,1348,30,0,9 10 11,0
35800,'3823594e52252d7f6b14',913,,1351,30,0,9 10 11,0
35800,'59737b0d0f044b52693e',714,,1354,31,0,9 10 11,0
35800,'71472061383531535e0f',700,,1352,30,0,9 10 11,0
35800,'7a7c2673351c18595c18',1714,,1355,30,0,9 10 11,0
