35700,'0a3c663a7d504d200835',1652,,1307,8,0,9 10 11,0
35700,'136e6b484c454e417465',913,,428,8,0,9 10 11,0
35700,'1c2e3625233d01453772',622,,1309,8,0,9 10 11,0,390,,1310,8,0,9 10 11,0,500,,1308,8,0,9 10 11,0
35700,'320823102b697f311363',1332,,1311,8,0,9 10 11,0
35700,'3823594e52252d7f6b14',913,,1312,8,0,9 10 11,0
35700,'3a4a044232474e33312b',1758,,432,12,0,9 10 11,0
35700,'3f575e1f5f6d63575f07',642,,1313,8,0,9 10 11,0
35700,'416039027b4e59137846',1322,,1314,8,0,9 10 11,0
35700,'494a652c1e455e3d7c72',1332,,1315,10,0,9 10 11,0,395,,1316,8,0,9 10 11,0
35700,'59445e7d50034e156e11',642,,1317,8,0,9 10 11,0
35700,'59737b0d0f044b52693e',702,,1318,8,0,9 10 11,0,30,,1319,8,0,9 10 11,0
35700,'61121d2d1b1669750837',1758,,1320,8,0,9 10 11,0
35700,'634b592b186b573b6758',1758,,1321,12,0,9 10 11,0
35700,'69181125652d7e4d6a80',622,,441,8,0,9 10 11,0,90,,433,8,0,9 10 11,0,20,,434,8,0,9 10 11,0,280,,442,8,0,9 10 11,0,500,,440,8,0,9 10 11,0
35700,'6d0c424c36686c087407',1332,,1322,12,0,9 10 11,0,395,,1323,12,0,9 10 11,0
35700,'702c275e051204394d01',652,,431,8,0,9 10 11,0,680,,429,12,0,9 10 11,0,395,,430,12,0,9 10 11,0
35700,'7f443a14596255477616',703,,1324,8,0,9 10 11,0,29,,1325,8,0,9 10 11,0
