36500,'00746f10327b7c6a3879',1238,,637,26,0,9 2 10 11,0
36500,'02070559307629202a09',740,,638,25,0,9 2 10 11,0
36500,'0a2f1e22095132130163',1704,,639,12,0,9 2 10 11,0
36500,'1a20552b5a400f716a1b',1000,,640,26,0,9 2 10 11,0
36500,'2a5b3362091f52630354',633,,642,11,0,9 2 10 11,0,119,,643,26,0,9 2 10 11,0,175,,644,13,0,9 2 10 11,0,484,,641,26,0,9 2 10 11,0
36500,'310c545b6d5159571c44',1810,,645,26,0,9 2 10 11,0
36500,'4d7a6615443531084902',645,,646,26,0,9 2 10 11,0,79,,648,11,0,9 2 10 11,0
36500,'725616403949496a5c67',1323,,649,8,0,9 2 10 11,0
36500,'756c797a51436f4d0414',1704,,650,11,0,9 2 10 11,0
36500,'7b6f6f4a0e36407a261f',1238,,651,25,0,9 2 10 11,0
