35601,'055e00325b240c7d4777',914,,407,14,0,15 16 17,0,804,,408,14,0,15 16 17,0
35601,'075f4276790e1e273655',1418,,1276,14,0,15 16 17,0
35601,'0a3c663a7d504d200835',1533,,1277,14,0,12 13 14,0
35601,'184134507f4517151633',828,,1279,14,0,12 13 14,0
35601,'1e386a27476c5b6e1461',637,,1301,14,0,12 13 14,0,197,,1306,14,0,12 13 14,0,872,,1302,14,0,12 13 14,0,40,,1303,14,0,12 13 14,0
35601,'1f5759673f12020b0a50',648,,1284,14,0,12 13 14,0
35601,'2943795d360756687162',1248,,1278,14,0,12 13 14,0
35601,'2a2423055d636f354b6d',1933,,1289,14,0,12 13 14,0
35601,'2f16807a52596335736c',1048,,1280,14,0,12 13 14,0,370,,1281,14,0,12 13 14,0,100,,1282,14,0,12 13 14,0,390,,1283,14,0,12 13 14,0
35601,'320823102b697f311363',1418,,1285,14,0,12 13 14,0
35601,'321e5f70685c1473436a',1826,,1287,14,0,12 13 14,0
35601,'332311354b01253e3615',903,,1286,14,0,12 13 14,0
35601,'59445e7d50034e156e11',1818,,1290,14,0,12 13 14,0
35601,'59737b0d0f044b52693e',648,,1293,14,0,12 13 14,0,1010,,1291,14,0,12 13 14,0,80,,1292,14,0,12 13 14,0
35601,'61121d2d1b1669750837',914,,1294,14,0,12 13 14,0,804,,1295,14,0,12 13 14,0
35601,'634b592b186b573b6758',914,,1296,14,0,15 16 17,0,804,,1297,14,0,15 16 17,0
35601,'6d0c424c36686c087407',833,,1299,14,0,15 16 17,0,415,,1298,14,0,15 16 17,0
35601,'71472061383531535e0f',1618,,1288,14,0,12 13 14,0
35601,'7c40501f37807a467b28',1618,,1300,14,0,15 16 17,0
