36901,'1e386a27476c5b6e1461',1713,,1449,22,0,128 129,0,114,,1450,22,0,130 131,0
36901,'1f5759673f12020b0a50',1712,,1445,22,0,128 129,0
36901,'2f16807a52596335736c',1907,,1443,22,0,128 129,0,30,,1444,22,0,128 129,0
36901,'3823594e52252d7f6b14',1114,,1446,22,0,130 131,0,740,,1447,22,0,130 131,0
36901,'71472061383531535e0f',1343,,1448,22,0,128 129,0
37301,'1e386a27476c5b6e1461',1750,,1462,22,0,143 45,0
37301,'1f5759673f12020b0a50',1515,,1459,22,0,143 45,0
37301,'2a2423055d636f354b6d',1903,,1461,22,0,143 45,0
37301,'2f16807a52596335736c',936,,1457,22,0,143 45,0,887,,1458,22,0,143 45,0
37301,'31744f7e5638320a2d4c',1345,,1460,22,0,143 45,0
