35000,'112a0b7f332a564f1678',1215,,1110,3,0,60 103 104,0
35000,'16096334352325192d1f',1715,,1111,3,0,60 103 104,0
35000,'1c486c5002601c4a534a',1715,,1116,3,0,60 103 104,0
35000,'31744f7e5638320a2d4c',1215,,1119,2,0,153 92,0
35000,'39416a4548121b3b4e21',1215,,251,3,0,60 103 104,0,500,,253,3,0,60 103 104,0
35000,'495e5f3d32634b3b5042',1215,,1122,3,0,60 103 104,0
35000,'553d275f1455102c362a',1715,,1124,2,0,153 92,0
35001,'1c2e3625233d01453772',740,,1136,16,0,105 109 110,0
35001,'39416a4548121b3b4e21',740,,275,16,0,105 109 110,0
35001,'7f443a14596255477616',740,,1155,5,0,105 106 107 108,0,105,,1157,6,0,105 109 110,0
