35101,'136e6b484c454e417465',1018,,303,25,0,20 21 22,0
35101,'1f5759673f12020b0a50',1903,,1176,25,0,20 21 22,0
35101,'31744f7e5638320a2d4c',1355,,1177,25,0,20 21 22,0
35101,'3823594e52252d7f6b14',1018,,1178,25,0,20 21 22,0
35101,'3a511f30370a721b2433',1903,,302,25,0,20 21 22,0
35101,'4d5937526b3b473f041c',1818,,310,25,0,20 21 22,0
35101,'4f0277002864772e6462',933,,1179,25,0,20 21 22,0,380,,1180,25,0,20 21 22,0,190,,1181,25,0,20 21 22,0
35101,'702c275e051204394d01',933,,312,25,0,20 21 22,0,380,,313,25,0,20 21 22,0,190,,314,25,0,20 21 22,0
35101,'7a7c2673351c18595c18',1818,,1182,25,0,20 21 22,0
35101,'7f443a14596255477616',657,,1186,25,0,23 24 18,0,148,,1188,25,0,23 24 18,0,824,,1183,25,0,23 25,0,201,,1184,25,0,20 21 22,0,118,,1185,25,0,20 21 22,0
