35601,'02070559307629202a09',650,,403,17,0,12 13 14,0,755,,402,17,0,15 16 17,0
35601,'075f4276790e1e273655',1420,,1276,17,0,15 16 17,0
35601,'0a3c663a7d504d200835',1535,,1277,17,0,12 13 14,0
35601,'14187635613e43612170',1250,,1278,17,0,12 13 14,0
35601,'184134507f4517151633',830,,1279,17,0,12 13 14,0
35601,'1c2e3625233d01453772',1050,,1280,17,0,12 13 14,0,370,,1281,17,0,12 13 14,0,100,,1282,17,0,12 13 14,0,390,,1283,17,0,12 13 14,0
35601,'1f5759673f12020b0a50',650,,1284,17,0,12 13 14,0
35601,'220e7e723c71704c1463',835,,406,17,0,15 16 17,0,415,,404,17,0,15 16 17,0,570,,405,17,0,12 13 14,0
35601,'295d5e0567072f655d20',916,,407,17,0,15 16 17,0,804,,408,17,0,15 16 17,0
35601,'2a08755845643968295b',650,,412,17,0,12 13 14,0,970,,409,17,0,15 16 17,0,80,,410,17,0,12 13 14,0,40,,411,17,0,12 13 14,0
35601,'2a5b3362091f52630354',640,,415,17,0,12 13 14,0,196,,421,17,0,12 13 14,0,414,,413,17,0,12 13 14,0,370,,414,17,0,12 13 14,0,90,,416,17,0,12 13 14,0,40,,417,17,0,12 13 14,0,80,,418,17,0,12 13 14,0
35601,'320823102b697f311363',1420,,1285,17,0,12 13 14,0
35601,'332311354b01253e3615',905,,1286,17,0,12 13 14,0
35601,'3f575e1f5f6d63575f07',1830,,1287,17,0,12 13 14,0
35601,'494a652c1e455e3d7c72',1620,,1288,17,0,12 13 14,0
35601,'4d7a6615443531084902',1220,,422,17,0,12 13 14,0,200,,423,17,0,12 13 14,0,100,,424,17,0,12 13 14,0,390,,425,17,0,12 13 14,0
35601,'4f0277002864772e6462',1935,,1289,17,0,12 13 14,0
35601,'52166b36781a3037644c',1935,,426,17,0,12 13 14,0
35601,'59445e7d50034e156e11',1820,,1290,17,0,12 13 14,0
35601,'59737b0d0f044b52693e',650,,1293,17,0,12 13 14,0,1050,,1291,17,0,12 13 14,0,40,,1292,17,0,12 13 14,0
35601,'61121d2d1b1669750837',916,,1294,17,0,12 13 14,0,804,,1295,17,0,12 13 14,0
35601,'634b592b186b573b6758',916,,1296,17,0,15 16 17,0,804,,1297,17,0,15 16 17,0
35601,'693b6416011017175f3d',1535,,427,17,0,12 13 14,0
35601,'6d0c424c36686c087407',835,,1299,17,0,15 16 17,0,415,,1298,17,0,15 16 17,0
35601,'7c40501f37807a467b28',1620,,1300,17,0,15 16 17,0
35601,'7f443a14596255477616',640,,1301,17,0,12 13 14,0,196,,1306,17,0,12 13 14,0,874,,1302,17,0,12 13 14,0,40,,1303,17,0,12 13 14,0
