31400,'2b037649673f32451d0b',813,,126,4,,,0
31400,'3b0d0a205721144a1f02',813,,1058,4,,,0
39700,'16096334352325192d1f',1401,,1622,2,,,0
39700,'1c2e3625233d01453772',817,,1623,2,,,0
39700,'2a08755845643968295b',707,,903,2,,,0
39700,'2a5b3362091f52630354',652,,904,2,,,0
39700,'2b037649673f32451d0b',902,,905,2,,,0
39700,'4d7a6615443531084902',817,,906,2,,,0
39700,'532f7e634a3b56246321',902,,1624,2,,,0
39700,'59737b0d0f044b52693e',707,,1626,2,,,0
39700,'69552d0660140f203513',1401,,907,2,,,0
39700,'7f443a14596255477616',652,,1627,2,,,0
