37301,'02070559307629202a09',1529,,687,31,0,143 45,0
37301,'1c2e3625233d01453772',950,,1457,31,0,143 45,0,890,,1458,31,0,143 45,0
37301,'1f5759673f12020b0a50',1529,,1459,31,0,143 45,0
37301,'2a5b3362091f52630354',1805,,688,31,0,143 45,0
37301,'31744f7e5638320a2d4c',1401,,1460,31,0,143 45,0
37301,'4d7a6615443531084902',950,,689,31,0,143 45,0,890,,690,31,0,143 45,0
37301,'4f0277002864772e6462',1919,,1461,31,0,143 45,0
37301,'52166b36781a3037644c',1917,,691,31,0,143 45,0
37301,'725616403949496a5c67',1401,,692,31,0,143 45,0
37301,'7f443a14596255477616',1805,,1462,31,0,143 45,0
