36200,'02070559307629202a09',911,,573,8,0,9 10 11,0,222,,574,8,0,9 10 11,0
36200,'1c2e3625233d01453772',643,,1374,9,0,9 10 11,0,100,,1375,9,0,9 10 11,0,390,,1376,9,0,9 10 11,0,588,,1373,8,0,9 10 11,0
36200,'1f5759673f12020b0a50',911,,1377,8,0,9 10 11,0,222,,1378,8,0,9 10 11,0
36200,'2a5b3362091f52630354',711,,575,8,0,9 10 11,0,200,,576,8,0,9 10 11,0,612,,577,4,0,9 10 11,0,98,,578,8,0,9 10 11,0
36200,'4d7a6615443531084902',643,,580,9,0,9 10 11,0,100,,581,9,0,9 10 11,0,390,,582,9,0,9 10 11,0,588,,579,8,0,9 10 11,0
36200,'7f443a14596255477616',711,,1379,8,0,9 10 11,0,200,,1380,8,0,9 10 11,0,612,,1381,4,0,9 10 11,0,98,,1382,8,0,9 10 11,0
38800,'1a20552b5a400f716a1b',1625,,773,10,0,9 30,0
38800,'1c2e3625233d01453772',655,,1544,12,0,9 30,0,70,,1545,14,0,9 30,0,30,,1546,12,0,9 30,0,700,,1541,14,0,9 30,0,100,,1542,10,0,9 30,0,102,,1543,14,0,9 30,0
38800,'2a5b3362091f52630354',625,,776,10,0,9 30,0,82,,777,10,0,79 80 18,0,5,,778,14,0,9 30,0,113,,779,10,0,9 30,0,801,,774,10,0,9 30,0,129,,775,10,0,9 30,0
38800,'2c295b0e5f4444502b59',825,,780,10,0,9 30,0
38800,'3823594e52252d7f6b14',1625,,1547,10,0,9 30,0
38800,'4d7a6615443531084902',655,,784,12,0,9 30,0,70,,785,14,0,9 30,0,30,,786,12,0,9 30,0,700,,781,14,0,9 30,0,100,,782,10,0,9 30,0,102,,783,14,0,9 30,0
38800,'4f0277002864772e6462',1055,,1549,10,0,9 30,0,200,,1548,10,0,9 30,0
38800,'52166b36781a3037644c',1055,,788,10,0,9 30,0,200,,787,10,0,9 30,0
38800,'7a7c2673351c18595c18',825,,1550,10,0,9 30,0
38800,'7f443a14596255477616',625,,1553,10,0,9 30,0,82,,1554,10,0,79 80 18,0,5,,1555,14,0,9 30,0,113,,1556,10,0,9 30,0,801,,1551,10,0,9 30,0,129,,1552,10,0,9 30,0
