36501,'0e5131610429337c0530',715,,1420,12,0,135 25,0,114,,1421,12,0,166 32,0
36501,'1e386a27476c5b6e1461',632,,1436,12,0,132 117,0,993,,1434,12,0,132 117,0,105,,1435,12,0,133 134,0
36501,'1f5759673f12020b0a50',1811,,1425,12,0,132 117,0
36501,'2a2423055d636f354b6d',1255,,1429,12,0,132 117,0,180,,1430,12,0,132 117,0
36501,'2c14404d6d61074b6d28',929,,1426,12,0,133 134,0
36501,'2f16807a52596335736c',1805,,1422,12,0,132 117,0,51,,1423,12,0,133 134,0
36501,'3823594e52252d7f6b14',913,,1428,12,0,132 117,0,810,,1427,12,0,132 117,0
36501,'3c550d10735a472e4755',715,,1433,12,0,135 25,0
36501,'484f0e366a041c114e35',929,,1432,12,0,133 134,0
36501,'59737b0d0f044b52693e',1728,,1431,12,0,133 134,0
