35301,'09371135013651047068',809,,1205,15,0,49 50,0,610,,1201,15,0,49 50,0,317,,1202,15,0,49 50,0,90,,1206,15,0,49 50,0,125,,1203,15,0,49 50,0
35301,'145c255a11476c503429',814,,1643,15,0,49 50,0,1012,,1644,15,0,49 50,0
35301,'1644407d017a5f6d6e28',1926,,1204,15,0,49 50,0
35301,'6c79775968333e371768',1419,,1645,15,0,49 50,0,317,,1646,15,0,49 50,0,215,,1647,15,0,49 50,0
35301,'784516016b486a280f43',1926,,1648,15,0,49 50,0
35500,'033e170961301f7a0308',747,,1649,11,0,9 26,0
35500,'055e00325b240c7d4777',902,,1220,11,0,9 10 11,0,715,,1219,11,0,9 10 11,0
35500,'126535785649426e467c',638,,1651,11,0,9 10 11,0
35500,'210a7c3e60384f725e7c',902,,1654,11,0,9 10 11,0,715,,1653,11,0,9 10 11,0
35500,'2530772d5b5960361a09',1252,,1224,11,0,9 26,0
35500,'4f67586f291357636e2f',1252,,1658,11,0,9 26,0
35500,'59737b0d0f044b52693e',702,,1660,11,0,9 10 11,0
35500,'723148100c272b183b65',747,,1218,11,0,9 26,0
35500,'7249395f521c57637d3d',653,,1227,11,0,9 10 11,0
37501,'1e7832711c690d2e452a',1841,,1467,18,0,28 29,0
37501,'31744f7e5638320a2d4c',1248,,1465,18,0,28 29,0
