35600,'055e00325b240c7d4777',1049,,381,8,0,9 10 11,0,802,,382,8,0,9 10 11,0
35600,'0a3c663a7d504d200835',1546,,1245,5,0,9 10 11,0,13,,1246,6,0,9 10 11,0
35600,'0d7c5c285a59412d315b',1749,,1247,4,0,9 10 11,0
35600,'112a0b7f332a564f1678',1224,,1248,4,0,9 10 11,0
35600,'1a223768176411647430',1754,,1250,4,0,9 10 11,0
35600,'1e386a27476c5b6e1461',624,,1273,4,0,9 10 11,0,80,,1274,4,0,9 10 11,0,30,,1275,4,0,9 10 11,0,920,,1271,5,0,9 10 11,0,175,,1272,5,0,9 10 11,0
35600,'1e7832711c690d2e452a',1754,,1258,5,0,9 10 11,0
35600,'1f5759673f12020b0a50',624,,1253,4,0,9 10 11,0
35600,'2943795d360756687162',1434,,1249,4,0,9 10 11,0
35600,'2a2423055d636f354b6d',824,,1256,4,0,9 10 11,0
35600,'2a6804265d6c7a6d704c',1224,,1268,4,0,9 10 11,0
35600,'2f16807a52596335736c',604,,1252,4,0,9 10 11,0,320,,1251,4,0,9 10 11,0
35600,'31744f7e5638320a2d4c',1224,,1255,5,0,9 10 11,0
35600,'56061576073054406d39',1754,,1259,4,0,9 10 11,0
35600,'59737b0d0f044b52693e',624,,1261,4,0,9 10 11,0,80,,1262,4,0,9 10 11,0,30,,1263,4,0,9 10 11,0,920,,1260,4,0,9 10 11,0
35600,'61121d2d1b1669750837',1049,,1264,4,0,9 10 11,0,800,,1265,4,0,9 10 11,0
35600,'634b592b186b573b6758',1049,,1266,8,0,9 10 11,0,800,,1267,8,0,9 10 11,0
35600,'6d0c424c36686c087407',1434,,1269,8,0,9 10 11,0,320,,1270,8,0,9 10 11,0
