35601,'055e00325b240c7d4777',906,,407,8,0,15 16 17,0,804,,408,8,0,15 16 17,0
35601,'075f4276790e1e273655',1410,,1276,8,0,15 16 17,0
35601,'0a3c663a7d504d200835',1525,,1277,8,0,12 13 14,0
35601,'184134507f4517151633',820,,1279,8,0,12 13 14,0
35601,'1e386a27476c5b6e1461',629,,1301,8,0,12 13 14,0,195,,1306,8,0,12 13 14,0,827,,1302,8,0,12 13 14,0,82,,1303,8,0,12 13 14,0
35601,'1f5759673f12020b0a50',640,,1284,8,0,12 13 14,0
35601,'2943795d360756687162',1240,,1278,8,0,12 13 14,0
35601,'2a2423055d636f354b6d',1927,,1289,8,0,12 13 14,0
35601,'2f16807a52596335736c',1040,,1280,8,0,12 13 14,0,370,,1281,8,0,12 13 14,0,100,,1282,8,0,12 13 14,0,391,,1283,8,0,12 13 14,0
35601,'320823102b697f311363',1410,,1285,8,0,12 13 14,0
35601,'321e5f70685c1473436a',1813,,1287,8,0,12 13 14,0
35601,'332311354b01253e3615',855,,1286,8,0,12 13 14,0
35601,'59445e7d50034e156e11',1810,,1290,8,0,12 13 14,0
35601,'59737b0d0f044b52693e',640,,1293,8,0,12 13 14,0,1010,,1291,8,0,12 13 14,0,80,,1292,8,0,12 13 14,0
35601,'61121d2d1b1669750837',906,,1294,8,0,12 13 14,0,804,,1295,8,0,12 13 14,0
35601,'634b592b186b573b6758',906,,1296,8,0,15 16 17,0,804,,1297,8,0,15 16 17,0
35601,'6d0c424c36686c087407',825,,1299,8,0,15 16 17,0,415,,1298,8,0,15 16 17,0
35601,'71472061383531535e0f',1610,,1288,8,0,12 13 14,0
35601,'7c40501f37807a467b28',1610,,1300,8,0,15 16 17,0
