35101,'02070559307629202a09',1842,,302,7,0,20 21 22,0
35101,'1a20552b5a400f716a1b',957,,303,7,0,20 21 22,0
35101,'1f5759673f12020b0a50',1842,,1176,7,0,20 21 22,0
35101,'2a5b3362091f52630354',639,,307,7,0,23 24 18,0,102,,309,7,0,23 24 18,0,816,,304,7,0,23 25,0,247,,305,7,0,20 21 22,0,123,,306,7,0,20 21 22,0
35101,'2c295b0e5f4444502b59',1757,,310,7,0,20 21 22,0
35101,'31744f7e5638320a2d4c',1334,,1177,7,0,20 21 22,0
35101,'3823594e52252d7f6b14',957,,1178,7,0,20 21 22,0
35101,'4f0277002864772e6462',912,,1179,7,0,20 21 22,0,340,,1180,7,0,20 21 22,0,190,,1181,7,0,20 21 22,0
35101,'52166b36781a3037644c',912,,312,7,0,20 21 22,0,340,,313,7,0,20 21 22,0,190,,314,7,0,20 21 22,0
35101,'725616403949496a5c67',1334,,315,7,0,20 21 22,0
35101,'7a7c2673351c18595c18',1757,,1182,7,0,20 21 22,0
35101,'7f443a14596255477616',639,,1186,7,0,23 24 18,0,102,,1188,7,0,23 24 18,0,816,,1183,7,0,23 25,0,247,,1184,7,0,20 21 22,0,123,,1185,7,0,20 21 22,0
