30500,'1e386a27476c5b6e1461',554,,1047,8,0,9 30,0
30500,'2f16807a52596335736c',629,,1042,8,0,9 30,0,30,,1043,8,0,9 30,0,70,,1044,8,0,9 30,0
30500,'71472061383531535e0f',849,,1045,8,0,9 30,0,680,,1046,8,0,9 30,0
36500,'0e5131610429337c0530',929,,1403,17,0,9 10 11,0
36500,'1c486c5002601c4a534a',1708,,1407,16,0,9 10 11,0
36500,'1e386a27476c5b6e1461',758,,1419,31,0,9 10 11,0,657,,1418,31,0,9 10 11,0
36500,'1e7832711c690d2e452a',1705,,1416,17,0,9 10 11,0
36500,'1f5759673f12020b0a50',751,,1408,30,0,9 10 11,0
36500,'2a2423055d636f354b6d',1814,,1415,31,0,9 10 11,0
36500,'2c14404d6d61074b6d28',1240,,1409,30,0,9 10 11,0
36500,'2f16807a52596335736c',649,,1404,31,0,9 10 11,0,80,,1406,16,0,9 10 11,0
36500,'2f6b6069415f08614303',1240,,1410,31,0,9 10 11,0
36500,'31744f7e5638320a2d4c',1328,,1411,13,0,9 10 11,0
36500,'3823594e52252d7f6b14',1008,,1413,31,0,9 10 11,0,813,,1412,31,0,9 10 11,0
36500,'3c550d10735a472e4755',932,,1417,18,0,9 10 11,0
36500,'71472061383531535e0f',636,,1414,16,0,9 10 11,0
