35501,'033e170961301f7a0308',904,,1662,12,0,20 21 22,0,354,,1663,12,0,20 21 22,0,361,,1661,12,0,20 21 22,0
35501,'055e00325b240c7d4777',1044,,1235,14,0,20 21 22,0,715,,1234,14,0,20 21 22,0
35501,'126535785649426e467c',831,,1666,14,0,49 50,0,793,,1664,12,0,20 21 22,0,182,,1665,12,0,20 21 22,0
35501,'191b086669276f0a2c02',1259,,1239,12,0,20 21 22,0
35501,'210a7c3e60384f725e7c',1044,,1668,14,0,20 21 22,0,715,,1667,14,0,20 21 22,0
35501,'371d2f0f7337032c2b25',1304,,1233,12,0,20 21 22,0
35501,'3a3841530321505b7b18',1259,,1669,12,0,20 21 22,0
35501,'4f67586f291357636e2f',1414,,1672,12,0,72 25,0,135,,1670,12,0,49 50,0,310,,1671,14,0,20 21 22,0
35501,'566406012b1e7e430018',1059,,1673,12,0,49 50,0
35501,'59737b0d0f044b52693e',1259,,1675,12,0,20 21 22,0,360,,1674,12,0,20 21 22,0
35501,'5d21673510580b5d6c6e',1304,,1676,12,0,20 21 22,0
35501,'5d5f40704724192d5825',831,,1244,14,0,49 50,0,228,,1229,12,0,49 50,0,565,,1242,12,0,20 21 22,0,177,,1243,12,0,20 21 22,0
35501,'723148100c272b183b65',904,,1231,12,0,20 21 22,0,354,,1232,12,0,20 21 22,0,361,,1230,12,0,20 21 22,0
35501,'7360781f782d14543c3f',1414,,1238,12,0,72 25,0,135,,1236,12,0,49 50,0,310,,1237,14,0,20 21 22,0
