30500,'1c2e3625233d01453772',630,,1042,9,0,9 30,0,70,,1043,9,0,9 30,0,30,,1044,9,0,9 30,0
30500,'494a652c1e455e3d7c72',850,,1045,9,0,9 30,0,680,,1046,9,0,9 30,0
30500,'5f3a5d635165645c1e2c',630,,113,9,0,9 30,0,70,,114,9,0,9 30,0,30,,115,9,0,9 30,0
30500,'7f443a14596255477616',555,,1047,9,0,9 30,0
36500,'0e5131610429337c0530',930,,1403,18,0,9 10 11,0
36500,'1c2e3625233d01453772',650,,1404,32,0,9 10 11,0,80,,1406,17,0,9 10 11,0
36500,'1c486c5002601c4a534a',1710,,1407,17,0,9 10 11,0
36500,'1f5759673f12020b0a50',753,,1408,31,0,9 10 11,0
36500,'291e1d104d1a1f5a2d2a',1815,,645,32,0,9 10 11,0
36500,'2c14404d6d61074b6d28',1241,,1409,31,0,9 10 11,0
36500,'2d0d0c223c38203b5e0d',1241,,1410,32,0,9 10 11,0
36500,'2d255822185d30510a3a',1710,,650,17,0,9 10 11,0
36500,'31744f7e5638320a2d4c',1329,,1411,14,0,9 10 11,0
36500,'3823594e52252d7f6b14',1010,,1413,32,0,9 10 11,0,813,,1412,32,0,9 10 11,0
36500,'49363c5c560d0d713513',747,,638,31,0,9 10 11,0
36500,'494a652c1e455e3d7c72',637,,1414,17,0,9 10 11,0
36500,'4c216e66380650243d64',1244,,637,32,0,9 10 11,0
36500,'4f0277002864772e6462',1815,,1415,32,0,9 10 11,0
36500,'553d275f1455102c362a',1706,,1416,18,0,9 10 11,0
36500,'5f3a5d635165645c1e2c',650,,646,32,0,9 10 11,0,80,,648,17,0,9 10 11,0
36500,'6056725b48181c6e6072',1244,,651,31,0,9 10 11,0
36500,'657c421e081b56557239',1010,,640,32,0,9 10 11,0
36500,'791e712d420e14727657',933,,1417,19,0,9 10 11,0
36500,'7f443a14596255477616',759,,1419,32,0,9 10 11,0,657,,1418,32,0,9 10 11,0
