34200,'1c2e3625233d01453772',804,,1087,14,0,65 18 140,0
34200,'4f0277002864772e6462',1414,,1088,14,0,65 18 140,0
34200,'59737b0d0f044b52693e',729,,1089,14,0,65 18 140,0
34200,'5a622e2f735638475e4f',729,,213,14,0,65 18 140,0
34200,'5e7c480b705d7d2d5e1b',1414,,216,14,0,65 18 140,0
34200,'5f3a5d635165645c1e2c',804,,215,14,0,65 18 140,0
34200,'7f443a14596255477616',722,,1090,13,0,65 18 140,0
34400,'1c6b260d7b7104763d5b',912,,224,11,0,65 66 67,0
34400,'20694715463639414353',922,,1095,11,0,65 66 67,0
34400,'532f7e634a3b56246321',912,,1097,11,0,65 66 67,0
34400,'751a71197d113c71746a',922,,227,11,0,65 66 67,0
34400,'7f443a14596255477616',724,,1099,11,0,65 18 140,0
