36501,'0e5131610429337c0530',741,,1420,22,0,135 25,0,117,,1421,22,0,166 32,0
36501,'1e386a27476c5b6e1461',658,,1436,22,0,132 117,0,999,,1434,22,0,132 117,0,153,,1435,22,0,133 134,0
36501,'1f5759673f12020b0a50',1844,,1425,22,0,132 117,0
36501,'2a2423055d636f354b6d',1320,,1429,22,0,132 117,0,182,,1430,22,0,132 117,0
36501,'2c14404d6d61074b6d28',958,,1426,22,0,133 134,0
36501,'2f16807a52596335736c',1840,,1422,22,0,132 117,0,85,,1423,22,0,133 134,0
36501,'3823594e52252d7f6b14',941,,1428,22,0,132 117,0,808,,1427,22,0,132 117,0
36501,'3c550d10735a472e4755',741,,1433,22,0,135 25,0
36501,'484f0e366a041c114e35',958,,1432,22,0,133 134,0
36501,'59737b0d0f044b52693e',1800,,1431,22,0,133 134,0
