35600,'055e00325b240c7d4777',1136,,381,53,0,9 10 11,0,801,,382,53,0,9 10 11,0
35600,'0a3c663a7d504d200835',1633,,1245,50,0,9 10 11,0,14,,1246,51,0,9 10 11,0
35600,'0d7c5c285a59412d315b',1836,,1247,49,0,9 10 11,0
35600,'112a0b7f332a564f1678',1312,,1248,49,0,9 10 11,0
35600,'1a223768176411647430',1842,,1250,49,0,9 10 11,0
35600,'1e386a27476c5b6e1461',713,,1273,49,0,9 10 11,0,91,,1274,49,0,9 10 11,0,29,,1275,49,0,9 10 11,0,914,,1271,50,0,9 10 11,0,175,,1272,50,0,9 10 11,0
35600,'1e7832711c690d2e452a',1842,,1257,50,0,9 10 11,0,5,,1258,50,0,9 10 11,0
35600,'1f5759673f12020b0a50',711,,1253,49,0,9 10 11,0
35600,'2943795d360756687162',1522,,1249,49,0,9 10 11,0
35600,'2a2423055d636f354b6d',912,,1256,49,0,9 10 11,0
35600,'2a6804265d6c7a6d704c',1312,,1268,49,0,9 10 11,0
35600,'2f16807a52596335736c',651,,1252,49,0,9 10 11,0,362,,1251,49,0,9 10 11,0
35600,'31744f7e5638320a2d4c',1312,,1254,50,0,9 10 11,0,5,,1255,50,0,9 10 11,0
35600,'56061576073054406d39',1842,,1259,49,0,9 10 11,0
35600,'59737b0d0f044b52693e',711,,1261,49,0,9 10 11,0,42,,1262,49,0,9 10 11,0,70,,1263,49,0,9 10 11,0,919,,1260,49,0,9 10 11,0
35600,'61121d2d1b1669750837',1136,,1264,49,0,9 10 11,0,801,,1265,49,0,9 10 11,0
35600,'634b592b186b573b6758',1136,,1266,53,0,9 10 11,0,801,,1267,53,0,9 10 11,0
35600,'6d0c424c36686c087407',1522,,1269,53,0,9 10 11,0,320,,1270,53,0,9 10 11,0
35700,'0a3c663a7d504d200835',1734,,1307,37,0,9 10 11,0
