36300,'02070559307629202a09',1256,,593,14,0,9 10 11,0
36300,'1c2e3625233d01453772',707,,1393,14,0,9 10 11,0
36300,'1f5759673f12020b0a50',1257,,1394,14,0,9 10 11,0
36300,'296b622873433b653522',1256,,594,14,0,9 10 11,0
36300,'2a08755845643968295b',1720,,595,11,0,9 10 11,0
36300,'2a5b3362091f52630354',634,,596,14,0,9 10 11,0,286,,597,11,0,9 10 11,0
36300,'44487e3c3e7f21570e19',1257,,1395,14,0,9 10 11,0
36300,'4d7a6615443531084902',707,,598,14,0,9 10 11,0
36300,'59737b0d0f044b52693e',1722,,1396,11,0,9 10 11,0
36300,'7f443a14596255477616',637,,1397,14,0,9 10 11,0,285,,1398,11,0,9 10 11,0
