31801,'2a2423055d636f354b6d',1742,,1072,5,0,74 21,0
31801,'2f16807a52596335736c',1301,,1070,5,0,74 21,0,529,,1071,5,0,74 21,0
31901,'2a2423055d636f354b6d',1750,,1080,5,0,69 70 71,0
31901,'2f16807a52596335736c',1358,,1077,5,0,69 70 71,0,257,,1078,5,0,69 70 71,0,209,,1079,5,0,69 70 71,0
35801,'1e386a27476c5b6e1461',1800,,1367,11,0,91 92,0
35801,'1f5759673f12020b0a50',1426,,1360,11,0,91 92,0,410,,1361,11,0,91 92,0
35801,'2a2423055d636f354b6d',926,,1365,11,0,91 92,0,807,,1366,11,0,93 94 95,0
35801,'2f16807a52596335736c',1840,,1359,11,0,91 92,0
35801,'3823594e52252d7f6b14',1018,,1362,11,0,91 92,0,810,,1363,11,0,91 92,0
35801,'71472061383531535e0f',1310,,1364,11,0,91 92,0
