31400,'2b037649673f32451d0b',845,,126,20,,,0
31400,'3b0d0a205721144a1f02',845,,1058,20,,,0
37900,'02070559307629202a09',835,,732,19,0,65 66 67,0
37900,'16096334352325192d1f',1420,,1503,19,0,65 66 67,0
37900,'1f5759673f12020b0a50',835,,1504,19,0,65 66 67,0
37900,'2a08755845643968295b',835,,733,19,0,65 66 67,0
37900,'2a5b3362091f52630354',721,,735,19,0,65 66 67,0,5,,736,24,0,65 66 67,0
37900,'2b037649673f32451d0b',947,,737,6,0,65 66 67,0
37900,'532f7e634a3b56246321',945,,1505,6,0,65 66 67,0
37900,'59737b0d0f044b52693e',835,,1506,19,0,65 66 67,0
37900,'69552d0660140f203513',1420,,738,19,0,65 66 67,0
37900,'7f443a14596255477616',724,,1508,19,0,65 66 67,0,5,,1509,23,0,65 66 67,0
