35101,'02070559307629202a09',1915,,302,33,0,20 21 22,0
35101,'1a20552b5a400f716a1b',1030,,303,33,0,20 21 22,0
35101,'1f5759673f12020b0a50',1915,,1176,33,0,20 21 22,0
35101,'2a5b3362091f52630354',715,,307,34,0,23 24 18,0,928,,304,33,0,23 25,0,357,,306,33,0,20 21 22,0
35101,'2c295b0e5f4444502b59',1830,,310,33,0,20 21 22,0
35101,'3823594e52252d7f6b14',1030,,1178,33,0,20 21 22,0
35101,'4f0277002864772e6462',945,,1179,33,0,20 21 22,0,380,,1180,33,0,20 21 22,0,190,,1181,33,0,20 21 22,0
35101,'52166b36781a3037644c',945,,312,33,0,20 21 22,0,380,,313,33,0,20 21 22,0,190,,314,33,0,20 21 22,0
35101,'7a7c2673351c18595c18',1830,,1182,33,0,20 21 22,0
35101,'7f443a14596255477616',715,,1186,34,0,23 24 18,0,928,,1183,33,0,23 25,0,357,,1185,33,0,20 21 22,0
