35101,'136e6b484c454e417465',1007,,303,13,0,20 21 22,0
35101,'1f5759673f12020b0a50',1852,,1176,13,0,20 21 22,0
35101,'31744f7e5638320a2d4c',1344,,1177,13,0,20 21 22,0
35101,'3823594e52252d7f6b14',1007,,1178,13,0,20 21 22,0
35101,'3a511f30370a721b2433',1852,,302,13,0,20 21 22,0
35101,'4d5937526b3b473f041c',1807,,310,13,0,20 21 22,0
35101,'4f0277002864772e6462',922,,1179,13,0,20 21 22,0,380,,1180,13,0,20 21 22,0,150,,1181,13,0,20 21 22,0
35101,'702c275e051204394d01',922,,312,13,0,20 21 22,0,380,,313,13,0,20 21 22,0,150,,314,13,0,20 21 22,0
35101,'7a7c2673351c18595c18',1807,,1182,13,0,20 21 22,0
35101,'7f443a14596255477616',648,,1186,13,0,23 24 18,0,104,,1188,13,0,23 24 18,0,860,,1183,13,0,23 25,0,204,,1184,13,0,20 21 22,0,121,,1185,13,0,20 21 22,0
