35701,'055e00325b240c7d4777',1111,,449,31,0,15 16 17,0
35701,'0d4e3278231744213640',1831,,1326,31,0,12 13 14,0
35701,'1e386a27476c5b6e1461',839,,1347,31,0,12 18 19,0,917,,1344,31,0,12 13 14,0,75,,1345,31,0,12 13 14,0,78,,1346,31,0,12 13 14,0
35701,'2f16807a52596335736c',1342,,1330,31,0,12 13 14,0,290,,1327,31,0,12 13 14,0,99,,1328,31,0,12 13 14,0,281,,1329,31,0,12 13 14,0
35701,'320823102b697f311363',852,,1331,31,0,12 13 14,0
35701,'332311354b01253e3615',901,,1332,31,0,12 18 19,0
35701,'3823594e52252d7f6b14',1952,,1333,31,0,12 13 14,0
35701,'59445e7d50034e156e11',1826,,1336,31,0,12 13 14,0
35701,'59737b0d0f044b52693e',827,,1339,31,0,12 13 14,0,924,,1337,31,0,12 13 14,0,151,,1338,31,0,12 13 14,0
35701,'61121d2d1b1669750837',1111,,1340,31,0,12 13 14,0
35701,'634b592b186b573b6758',1111,,1341,31,0,15 16 17,0
35701,'6d0c424c36686c087407',937,,1342,31,0,15 16 17,0
35701,'71472061383531535e0f',942,,1334,31,0,12 13 14,0,270,,1335,31,0,12 13 14,0
35701,'7c40501f37807a467b28',1212,,1343,31,0,15 16 17,0
