35701,'02070559307629202a09',843,,445,21,0,12 13 14,0
35701,'0d4e3278231744213640',1820,,1326,21,0,12 13 14,0
35701,'1a20552b5a400f716a1b',1943,,446,21,0,12 13 14,0
35701,'1c2e3625233d01453772',1333,,1330,21,0,12 13 14,0,290,,1327,21,0,12 13 14,0,97,,1328,21,0,12 13 14,0,283,,1329,21,0,12 13 14,0
35701,'220e7e723c71704c1463',928,,448,21,0,15 16 17,0,887,,447,21,0,12 13 14,0
35701,'295d5e0567072f655d20',1100,,449,21,0,15 16 17,0
35701,'2a08755845643968295b',818,,452,21,0,12 13 14,0,385,,453,21,0,15 16 17,0,537,,450,21,0,12 13 14,0,113,,451,21,0,12 13 14,0
35701,'2a5b3362091f52630354',828,,457,21,0,12 18 19,0,105,,458,21,0,12 13 14,0,270,,459,21,0,12 13 14,0,542,,454,21,0,12 13 14,0,75,,455,21,0,12 13 14,0,39,,456,21,0,12 13 14,0
35701,'320823102b697f311363',843,,1331,21,0,12 13 14,0
35701,'332311354b01253e3615',850,,1332,21,0,12 18 19,0
35701,'3823594e52252d7f6b14',1943,,1333,21,0,12 13 14,0
35701,'494a652c1e455e3d7c72',933,,1334,21,0,12 13 14,0,270,,1335,21,0,12 13 14,0
35701,'4d7a6615443531084902',1333,,463,21,0,12 13 14,0,290,,460,21,0,12 13 14,0,97,,461,21,0,12 13 14,0,283,,462,21,0,12 13 14,0
35701,'59445e7d50034e156e11',1815,,1336,21,0,12 13 14,0
35701,'59737b0d0f044b52693e',818,,1339,21,0,12 13 14,0,922,,1337,21,0,12 13 14,0,113,,1338,21,0,12 13 14,0
35701,'61121d2d1b1669750837',1100,,1340,21,0,12 13 14,0
35701,'634b592b186b573b6758',1100,,1341,21,0,15 16 17,0
35701,'6d0c424c36686c087407',928,,1342,21,0,15 16 17,0
35701,'7c40501f37807a467b28',1203,,1343,21,0,15 16 17,0
35701,'7f443a14596255477616',828,,1347,21,0,12 18 19,0,917,,1344,21,0,12 13 14,0,75,,1345,21,0,12 13 14,0,39,,1346,21,0,12 13 14,0
