36200,'1e386a27476c5b6e1461',812,,1379,24,0,9 10 11,0,193,,1380,24,0,9 10 11,0,608,,1381,20,0,9 10 11,0,102,,1382,24,0,9 10 11,0
36200,'1f5759673f12020b0a50',1005,,1377,24,0,9 10 11,0,218,,1378,24,0,9 10 11,0
36200,'2f16807a52596335736c',734,,1374,25,0,9 10 11,0,114,,1375,25,0,9 10 11,0,375,,1376,25,0,9 10 11,0,594,,1373,24,0,9 10 11,0
36300,'1e386a27476c5b6e1461',714,,1397,29,0,9 10 11,0,289,,1398,26,0,9 10 11,0
36300,'1f5759673f12020b0a50',1334,,1394,29,0,9 10 11,0
36300,'2f16807a52596335736c',807,,1393,29,0,9 10 11,0
36300,'3c2a73256541336f410c',1334,,1395,29,0,9 10 11,0
36300,'59737b0d0f044b52693e',1803,,1396,26,0,9 10 11,0
36500,'0e5131610429337c0530',1019,,1403,41,0,9 10 11,0
36500,'1c486c5002601c4a534a',1808,,1407,40,0,9 10 11,0
36500,'1e386a27476c5b6e1461',907,,1419,55,0,9 10 11,0,600,,1418,55,0,9 10 11,0
36500,'1e7832711c690d2e452a',1809,,1416,41,0,9 10 11,0
36500,'1f5759673f12020b0a50',838,,1408,54,0,9 10 11,0
36500,'2a2423055d636f354b6d',1912,,1415,55,0,9 10 11,0
36500,'2c14404d6d61074b6d28',1333,,1409,54,0,9 10 11,0
36500,'2f16807a52596335736c',751,,1404,55,0,9 10 11,0,80,,1406,40,0,9 10 11,0
36500,'2f6b6069415f08614303',1333,,1410,55,0,9 10 11,0
36500,'31744f7e5638320a2d4c',1416,,1411,37,0,9 10 11,0
36500,'3823594e52252d7f6b14',1055,,1413,55,0,9 10 11,0,858,,1412,55,0,9 10 11,0
36500,'3c550d10735a472e4755',1023,,1417,42,0,9 10 11,0
36500,'71472061383531535e0f',729,,1414,40,0,9 10 11,0
36900,'1f5759673f12020b0a50',1111,,1439,27,0,9 10 11,0
36900,'2f16807a52596335736c',806,,1437,27,0,9 10 11,0,115,,1438,26,0,9 10 11,0
36900,'3823594e52252d7f6b14',953,,1440,26,0,9 10 11,0,790,,1441,26,0,9 10 11,0
36900,'71472061383531535e0f',721,,1442,26,0,9 10 11,0
37300,'1e386a27476c5b6e1461',818,,1455,31,0,9 10 11,0,90,,1456,31,0,9 10 11,0
37300,'1f5759673f12020b0a50',908,,1453,31,0,9 10 11,0
37300,'2a2423055d636f354b6d',1341,,1454,31,0,9 10 11,0
37300,'2f16807a52596335736c',752,,1451,31,0,9 10 11,0,883,,1452,31,0,9 10 11,0
