34200,'1e386a27476c5b6e1461',750,,1090,20,4,,0
34200,'2a2423055d636f354b6d',1435,,1088,21,4,,0
34200,'2f16807a52596335736c',825,,1087,21,4,,0
34200,'59737b0d0f044b52693e',750,,1089,21,4,,0
34201,'1e386a27476c5b6e1461',1715,,1093,1,0,135 25,0
34201,'1f5759673f12020b0a50',1715,,1638,1,0,135 25,0
34201,'2f16807a52596335736c',1230,,1091,1,0,135 25,0,575,,1637,1,0,135 25,0
34201,'59737b0d0f044b52693e',1715,,1639,1,0,135 25,0
34400,'1e386a27476c5b6e1461',750,,1099,18,4,,0
34401,'1e7832711c690d2e452a',1710,,1107,1,0,132 117,0
34401,'31744f7e5638320a2d4c',1230,,1104,1,0,132 117,0
37901,'16096334352325192d1f',1235,,1510,6,0,126 47 48,0
37901,'1e7832711c690d2e452a',1718,,1516,6,0,114 115,0
37901,'2a2423055d636f354b6d',1718,,1513,6,0,126 47 48,0
37901,'31744f7e5638320a2d4c',1235,,1512,6,0,114 115,0
37901,'532f7e634a3b56246321',1225,,1514,3,0,123 124 125,0
39100,'1e386a27476c5b6e1461',750,,1580,13,4,,0
39100,'2f16807a52596335736c',745,,1576,16,4,,0,675,,1578,16,4,,0
39101,'1e386a27476c5b6e1461',1710,,1587,1,,,0
39101,'1e7832711c690d2e452a',1710,,1585,1,,,0
39101,'31744f7e5638320a2d4c',1230,,1583,1,,,0
39101,'59737b0d0f044b52693e',1720,,1586,1,,,0
39101,'7061714f794c79290d6c',1230,,1582,1,,,0
39200,'2c5f74455e25454d432d',731,,1591,9,0,165,0
39200,'35315f0c7e2102062569',1715,,1588,9,0,165,0
39200,'3a3f4e3d72733e4d2177',1715,,1592,8,0,165,0
39201,'2c5f74455e25454d432d',731,,1594,1,0,164,0,984,,1595,1,0,164,0
39201,'35315f0c7e2102062569',1230,,1593,1,0,164,0
39300,'1e386a27476c5b6e1461',745,,1597,27,4,,0,5,,1598,11,4,,0
39301,'1e7832711c690d2e452a',1710,,1601,1,0,168,0
39301,'31744f7e5638320a2d4c',1225,,1599,1,0,168,0
39701,'16096334352325192d1f',1235,,1628,6,,,0
39701,'1e386a27476c5b6e1461',818,,1632,6,,,0,902,,1633,6,,,0
39800,'1e386a27476c5b6e1461',745,,1634,25,4,,0
39801,'1e7832711c690d2e452a',1715,,1636,1,,,0
39801,'31744f7e5638320a2d4c',1225,,1635,1,,,0
