30501,'1e386a27476c5b6e1461',1912,,1053,23,0,31 32,0
30501,'2f16807a52596335736c',1729,,1048,23,0,31 32,0,198,,1049,23,0,31 32,0,90,,1050,23,0,31 32,0
30501,'71472061383531535e0f',1017,,1051,23,0,31 32,0,817,,1052,23,0,31 32,0
36501,'0e5131610429337c0530',752,,1420,31,0,135 25,0,156,,1421,31,0,166 32,0
36501,'1e386a27476c5b6e1461',709,,1436,31,0,132 117,0,1002,,1434,31,0,132 117,0,113,,1435,31,0,133 134,0
36501,'1f5759673f12020b0a50',1854,,1425,31,0,132 117,0
36501,'2a2423055d636f354b6d',1331,,1429,31,0,132 117,0,182,,1430,31,0,132 117,0
36501,'2c14404d6d61074b6d28',1008,,1426,31,0,133 134,0
36501,'2f16807a52596335736c',1852,,1422,31,0,132 117,0,84,,1423,31,0,133 134,0
36501,'3823594e52252d7f6b14',951,,1428,31,0,132 117,0,850,,1427,31,0,132 117,0
36501,'3c550d10735a472e4755',752,,1433,31,0,135 25,0
36501,'484f0e366a041c114e35',1008,,1432,31,0,133 134,0
36501,'59737b0d0f044b52693e',1812,,1431,31,0,133 134,0
