35600,'055e00325b240c7d4777',1055,,381,13,0,9 10 11,0,800,,382,13,0,9 10 11,0
35600,'0a3c663a7d504d200835',1550,,1245,10,0,9 10 11,0,55,,1246,11,0,9 10 11,0
35600,'0d7c5c285a59412d315b',1755,,1247,9,0,9 10 11,0
35600,'112a0b7f332a564f1678',1230,,1248,9,0,9 10 11,0
35600,'1a223768176411647430',1800,,1250,9,0,9 10 11,0
35600,'1e386a27476c5b6e1461',630,,1273,9,0,9 10 11,0,80,,1274,9,0,9 10 11,0,30,,1275,9,0,9 10 11,0
35600,'1e7832711c690d2e452a',1800,,1257,10,0,9 10 11,0
35600,'1f5759673f12020b0a50',630,,1253,9,0,9 10 11,0
35600,'2943795d360756687162',1440,,1249,9,0,9 10 11,0
35600,'2a2423055d636f354b6d',830,,1256,9,0,9 10 11,0
35600,'2a6804265d6c7a6d704c',1230,,1268,9,0,9 10 11,0
35600,'2f16807a52596335736c',610,,1252,9,0,9 10 11,0,320,,1251,9,0,9 10 11,0
35600,'31744f7e5638320a2d4c',1230,,1254,10,0,9 10 11,0
35600,'56061576073054406d39',1800,,1259,9,0,9 10 11,0
35600,'59737b0d0f044b52693e',630,,1261,9,0,9 10 11,0,80,,1262,9,0,9 10 11,0,30,,1263,9,0,9 10 11,0,960,,1260,9,0,9 10 11,0
35600,'61121d2d1b1669750837',1055,,1264,9,0,9 10 11,0,800,,1265,9,0,9 10 11,0
35600,'634b592b186b573b6758',1055,,1266,13,0,9 10 11,0,800,,1267,13,0,9 10 11,0
35600,'6d0c424c36686c087407',1440,,1269,13,0,9 10 11,0,360,,1270,13,0,9 10 11,0
