30400,'1c2e3625233d01453772',625,,1020,8,0,7 8,0,30,,1021,8,0,7 8,0,70,,1022,8,0,7 8,0,30,,1023,8,0,7 8,0,70,,1024,8,0,7 8,0,30,,1025,8,0,7 8,0,760,,1026,8,0,7 8,0,30,,1027,8,0,7 8,0,70,,1016,8,0,7 8,0,30,,1017,8,0,7 8,0,70,,1018,8,0,7 8,0,30,,1019,8,0,7 8,0
30400,'7f443a14596255477616',710,,1028,8,0,7 8,0
35300,'0a041e0d5834764b5d6a',704,,1198,11,0,7 8,0,550,,1199,11,0,7 8,0,558,,1200,11,0,7 8,0
35300,'6c79775968333e371768',654,,1640,11,0,7 8,0,600,,1641,11,0,7 8,0,558,,1642,11,0,7 8,0
35500,'033e170961301f7a0308',815,,1649,26,0,9 26,0
35500,'055e00325b240c7d4777',930,,1220,26,0,9 10 11,0,715,,1219,26,0,9 10 11,0
35500,'126535785649426e467c',700,,1650,16,0,9 10 11,0,13,,1651,26,0,9 10 11,0,107,,1652,5,0,9 26,0
35500,'210a7c3e60384f725e7c',930,,1654,26,0,9 10 11,0,715,,1653,26,0,9 10 11,0
35500,'4f67586f291357636e2f',1210,,1657,16,0,9 26,0,110,,1658,26,0,9 26,0,118,,1655,5,0,9 26,0,262,,1656,16,0,9 26,0
35500,'566406012b1e7e430018',930,,1659,16,0,9 26,0
35500,'59737b0d0f044b52693e',730,,1660,26,0,9 10 11,0
35500,'5d5f40704724192d5825',700,,1226,16,0,9 10 11,0,28,,1227,26,0,9 10 11,0,92,,1228,5,0,9 26,0,110,,1217,16,0,9 26,0
35500,'723148100c272b183b65',815,,1218,26,0,9 26,0
35500,'7360781f782d14543c3f',1210,,1223,16,0,9 26,0,110,,1224,26,0,9 26,0,118,,1221,5,0,9 26,0,262,,1222,16,0,9 26,0
