32000,'2a5b3362091f52630354',738,,149,8,0,136 10 52,0
32000,'3c046c2a04663d195765',738,,150,8,0,136 10 52,0
37901,'0a2f1e22095132130163',1747,,740,17,0,114 115,0
37901,'16096334352325192d1f',1302,,1510,16,0,126 47 48,0
37901,'31744f7e5638320a2d4c',1302,,1512,16,0,114 115,0
37901,'4f0277002864772e6462',1747,,1513,16,0,126 47 48,0
37901,'52166b36781a3037644c',1744,,742,17,0,126 47 48,0
37901,'553d275f1455102c362a',1747,,1516,16,0,114 115,0
37901,'69552d0660140f203513',1300,,743,17,0,126 47 48,0
37901,'725616403949496a5c67',1300,,745,17,0,114 115,0
