36901,'1e386a27476c5b6e1461',1712,,1449,21,0,128 129,0,114,,1450,21,0,130 131,0
36901,'1f5759673f12020b0a50',1710,,1445,21,0,128 129,0
36901,'2f16807a52596335736c',1906,,1443,21,0,128 129,0,29,,1444,21,0,128 129,0
36901,'3823594e52252d7f6b14',1112,,1446,21,0,130 131,0,740,,1447,21,0,130 131,0
36901,'71472061383531535e0f',1342,,1448,21,0,128 129,0
37301,'1e386a27476c5b6e1461',1749,,1462,21,0,143 45,0
37301,'1f5759673f12020b0a50',1514,,1459,21,0,143 45,0
37301,'2a2423055d636f354b6d',1902,,1461,21,0,143 45,0
37301,'2f16807a52596335736c',935,,1457,21,0,143 45,0,887,,1458,21,0,143 45,0
37301,'31744f7e5638320a2d4c',1344,,1460,21,0,143 45,0
