35000,'112a0b7f332a564f1678',1233,,1110,9,0,60 103 104,0
35000,'16096334352325192d1f',1732,,1111,9,0,60 103 104,0
35000,'1c2e3625233d01453772',630,,1114,1,0,9 35 36 37 38,0,76,,1115,7,0,9 35 36 37 38,0,140,,1112,7,0,9 35 36 37 38,0,684,,1113,1,0,9 35 36 37 38,0
35000,'1c486c5002601c4a534a',1732,,1116,9,0,60 103 104,0
35000,'1f5759673f12020b0a50',819,,1117,7,0,9 35 36 37 38,0
35000,'2173665b1e6d5b0e5d56',819,,238,7,0,9 35 36 37 38,0
35000,'29672110360e7e074d18',630,,254,1,0,9 35 36 37 38,0,76,,255,7,0,9 35 36 37 38,0,140,,250,7,0,9 35 36 37 38,0,387,,251,9,0,60 103 104,0,297,,252,1,0,9 35 36 37 38,0,202,,253,9,0,60 103 104,0
35000,'31744f7e5638320a2d4c',1242,,1118,11,0,60 103 104,0,74,,1120,9,0,60 103 104,0
35000,'495e5f3d32634b3b5042',1233,,1122,9,0,60 103 104,0
35000,'553d275f1455102c362a',1742,,1123,11,0,60 103 104,0,71,,1125,9,0,60 103 104,0
35000,'59737b0d0f044b52693e',750,,1127,1,0,9 35 36 37 38,0
35000,'5a622e2f735638475e4f',750,,243,1,0,9 35 36 37 38,0
35000,'7f443a14596255477616',605,,1128,1,0,9 35 36 37 38,0,45,,1129,1,0,9 35 36 37 38,0,5,,1130,1,0,9 35 36 37 38,0,85,,1132,1,0,9 35 36 37 38,0
