35500,'033e170961301f7a0308',736,,1649,8,0,9 26,0
35500,'055e00325b240c7d4777',851,,1220,8,0,9 10 11,0,755,,1219,8,0,9 10 11,0
35500,'126535785649426e467c',624,,1651,8,0,9 10 11,0
35500,'210a7c3e60384f725e7c',851,,1654,8,0,9 10 11,0,755,,1653,8,0,9 10 11,0
35500,'2530772d5b5960361a09',1242,,1224,8,0,9 26,0
35500,'4f67586f291357636e2f',1242,,1658,8,0,9 26,0
35500,'59737b0d0f044b52693e',651,,1660,8,0,9 10 11,0
35500,'723148100c272b183b65',736,,1218,8,0,9 26,0
35500,'7249395f521c57637d3d',642,,1227,8,0,9 10 11,0
37501,'1e7832711c690d2e452a',1830,,1467,15,0,28 29,0
37501,'31744f7e5638320a2d4c',1240,,1465,15,0,28 29,0
