35601,'055e00325b240c7d4777',904,,407,6,0,15 16 17,0,803,,408,6,0,15 16 17,0
35601,'075f4276790e1e273655',1407,,1276,6,0,15 16 17,0
35601,'0a3c663a7d504d200835',1522,,1277,6,0,12 13 14,0
35601,'184134507f4517151633',817,,1279,6,0,12 13 14,0
35601,'1e386a27476c5b6e1461',627,,1301,6,0,12 13 14,0,192,,1306,6,0,12 13 14,0,830,,1302,6,0,12 13 14,0,79,,1303,6,0,12 13 14,0
35601,'1f5759673f12020b0a50',637,,1284,6,0,12 13 14,0
35601,'2943795d360756687162',1237,,1278,6,0,12 13 14,0
35601,'2a2423055d636f354b6d',1922,,1289,6,0,12 13 14,0
35601,'2f16807a52596335736c',1037,,1280,6,0,12 13 14,0,370,,1281,6,0,12 13 14,0,100,,1282,6,0,12 13 14,0,350,,1283,6,0,12 13 14,0
35601,'320823102b697f311363',1407,,1285,6,0,12 13 14,0
35601,'321e5f70685c1473436a',1808,,1287,6,0,12 13 14,0
35601,'332311354b01253e3615',852,,1286,6,0,12 13 14,0
35601,'59445e7d50034e156e11',1807,,1290,6,0,12 13 14,0
35601,'59737b0d0f044b52693e',637,,1293,6,0,12 13 14,0,1010,,1291,6,0,12 13 14,0,80,,1292,6,0,12 13 14,0
35601,'61121d2d1b1669750837',904,,1294,6,0,12 13 14,0,803,,1295,6,0,12 13 14,0
35601,'634b592b186b573b6758',904,,1296,6,0,15 16 17,0,803,,1297,6,0,15 16 17,0
35601,'6d0c424c36686c087407',822,,1299,6,0,15 16 17,0,415,,1298,6,0,15 16 17,0
35601,'71472061383531535e0f',1607,,1288,6,0,12 13 14,0
35601,'7c40501f37807a467b28',1607,,1300,6,0,15 16 17,0
