35600,'055e00325b240c7d4777',1148,,381,59,0,9 10 11,0,800,,382,59,0,9 10 11,0
35600,'0d7c5c285a59412d315b',1848,,1247,55,0,9 10 11,0
35600,'112a0b7f332a564f1678',1324,,1248,55,0,9 10 11,0
35600,'1a223768176411647430',1857,,1250,55,0,9 10 11,0
35600,'1e386a27476c5b6e1461',727,,1273,55,0,9 10 11,0,100,,1274,55,0,9 10 11,0,22,,1275,55,0,9 10 11,0,952,,1271,56,0,9 10 11,0,138,,1272,56,0,9 10 11,0
35600,'1e7832711c690d2e452a',1857,,1257,56,0,9 10 11,0,44,,1258,56,0,9 10 11,0
35600,'1f5759673f12020b0a50',722,,1253,55,0,9 10 11,0
35600,'2943795d360756687162',1534,,1249,55,0,9 10 11,0
35600,'2a2423055d636f354b6d',927,,1256,55,0,9 10 11,0
35600,'2a6804265d6c7a6d704c',1324,,1268,55,0,9 10 11,0
35600,'2f16807a52596335736c',702,,1252,55,0,9 10 11,0,322,,1251,55,0,9 10 11,0
35600,'31744f7e5638320a2d4c',1324,,1254,56,0,9 10 11,0,5,,1255,56,0,9 10 11,0
35600,'56061576073054406d39',1857,,1259,55,0,9 10 11,0
35600,'59737b0d0f044b52693e',722,,1261,55,0,9 10 11,0,82,,1262,55,0,9 10 11,0,30,,1263,55,0,9 10 11,0,923,,1260,55,0,9 10 11,0
35600,'61121d2d1b1669750837',1146,,1264,55,0,9 10 11,0,802,,1265,55,0,9 10 11,0
35600,'634b592b186b573b6758',1148,,1266,59,0,9 10 11,0,800,,1267,59,0,9 10 11,0
35600,'6d0c424c36686c087407',1534,,1269,59,0,9 10 11,0,323,,1270,59,0,9 10 11,0
35700,'055e00325b240c7d4777',1850,,432,48,0,9 10 11,0
35700,'1e386a27476c5b6e1461',820,,1324,44,0,9 10 11,0,30,,1325,44,0,9 10 11,0
35700,'2f16807a52596335736c',720,,1309,44,0,9 10 11,0,385,,1310,44,0,9 10 11,0,510,,1308,44,0,9 10 11,0
35700,'320823102b697f311363',1425,,1311,44,0,9 10 11,0
35700,'321e5f70685c1473436a',755,,1313,44,0,9 10 11,0
35700,'3823594e52252d7f6b14',1000,,1312,44,0,9 10 11,0
35700,'416039027b4e59137846',1415,,1314,44,0,9 10 11,0
35700,'59445e7d50034e156e11',735,,1317,44,0,9 10 11,0
35700,'59737b0d0f044b52693e',805,,1318,44,0,9 10 11,0,20,,1319,44,0,9 10 11,0
35700,'61121d2d1b1669750837',1850,,1320,44,0,9 10 11,0
35700,'634b592b186b573b6758',1850,,1321,48,0,9 10 11,0
35700,'6d0c424c36686c087407',1425,,1322,48,0,9 10 11,0,395,,1323,48,0,9 10 11,0
35700,'71472061383531535e0f',1425,,1315,46,0,9 10 11,0,405,,1316,44,0,9 10 11,0
35800,'1e386a27476c5b6e1461',756,,1356,43,0,9 10 11,0,69,,1357,42,0,9 10 11,0,186,,1358,42,0,9 10 11,0
35800,'1f5759673f12020b0a50',843,,1349,42,0,9 10 11,0,496,,1350,43,0,9 10 11,0
35800,'2a2423055d636f354b6d',1644,,1353,42,0,9 10 11,0
35800,'2f16807a52596335736c',1327,,1348,42,0,9 10 11,0
35800,'3823594e52252d7f6b14',935,,1351,42,0,9 10 11,0
35800,'59737b0d0f044b52693e',744,,1354,43,0,9 10 11,0
35800,'71472061383531535e0f',722,,1352,42,0,9 10 11,0
35800,'7a7c2673351c18595c18',1744,,1355,42,0,9 10 11,0
