35000,'1c2e3625233d01453772',711,,1114,46,0,9 35 36 37 38,0,44,,1115,52,0,9 35 36 37 38,0,169,,1112,52,0,9 35 36 37 38,0,688,,1113,46,0,9 35 36 37 38,0
35000,'1f5759673f12020b0a50',902,,1117,48,0,9 35 36 37 38,0
35000,'3a511f30370a721b2433',902,,238,48,0,9 35 36 37 38,0
35000,'59737b0d0f044b52693e',831,,1127,46,0,9 35 36 37 38,0
35000,'69181125652d7e4d6a80',711,,254,46,0,9 35 36 37 38,0,44,,255,52,0,9 35 36 37 38,0,76,,243,46,0,9 35 36 37 38,0,93,,250,52,0,9 35 36 37 38,0,688,,252,46,0,9 35 36 37 38,0
35000,'7f443a14596255477616',646,,1128,46,0,9 35 36 37 38,0,93,,1129,46,0,9 35 36 37 38,0,7,,1131,24,0,9 35 36 37 38,0,88,,1132,47,0,9 35 36 37 38,0
38300,'1c2e3625233d01453772',842,,1529,20,0,9 35 36 37 38,0,596,,1530,34,0,9 35 36 37 38,0
38300,'1f5759673f12020b0a50',748,,1531,34,0,9 35 36 37 38,0
38300,'3a511f30370a721b2433',748,,762,34,0,9 35 36 37 38,0
38300,'494a652c1e455e3d7c72',1742,,1532,20,0,9 35 36 37 38,0
38300,'59737b0d0f044b52693e',748,,1533,34,0,9 35 36 37 38,0
38300,'69181125652d7e4d6a80',748,,763,34,0,9 35 36 37 38,0,94,,767,20,0,9 35 36 37 38,0,596,,768,34,0,9 35 36 37 38,0
38300,'7f443a14596255477616',716,,1534,20,0,9 35 36 37 38,0,30,,1535,34,0,9 35 36 37 38,0
