36500,'0e5131610429337c0530',1007,,1403,34,0,9 10 11,0
36500,'1c486c5002601c4a534a',1750,,1407,33,0,9 10 11,0
36500,'1e386a27476c5b6e1461',848,,1419,48,0,9 10 11,0,605,,1418,48,0,9 10 11,0
36500,'1e7832711c690d2e452a',1747,,1416,34,0,9 10 11,0
36500,'1f5759673f12020b0a50',823,,1408,47,0,9 10 11,0
36500,'2a2423055d636f354b6d',1855,,1415,48,0,9 10 11,0
36500,'2c14404d6d61074b6d28',1322,,1409,47,0,9 10 11,0
36500,'2f16807a52596335736c',732,,1404,48,0,9 10 11,0,80,,1406,33,0,9 10 11,0
36500,'2f6b6069415f08614303',1322,,1410,48,0,9 10 11,0
36500,'31744f7e5638320a2d4c',1401,,1411,30,0,9 10 11,0
36500,'3823594e52252d7f6b14',1044,,1413,48,0,9 10 11,0,814,,1412,48,0,9 10 11,0
36500,'3c550d10735a472e4755',1010,,1417,35,0,9 10 11,0
36500,'71472061383531535e0f',713,,1414,33,0,9 10 11,0
