35600,'055e00325b240c7d4777',1054,,381,12,0,9 10 11,0,800,,382,12,0,9 10 11,0
35600,'0a3c663a7d504d200835',1549,,1245,9,0,9 10 11,0,55,,1246,10,0,9 10 11,0
35600,'0d7c5c285a59412d315b',1754,,1247,8,0,9 10 11,0
35600,'112a0b7f332a564f1678',1229,,1248,8,0,9 10 11,0
35600,'1a223768176411647430',1759,,1250,8,0,9 10 11,0
35600,'1e386a27476c5b6e1461',629,,1273,8,0,9 10 11,0,80,,1274,8,0,9 10 11,0,30,,1275,8,0,9 10 11,0,920,,1271,9,0,9 10 11,0,175,,1272,9,0,9 10 11,0
35600,'1e7832711c690d2e452a',1759,,1258,9,0,9 10 11,0
35600,'1f5759673f12020b0a50',629,,1253,8,0,9 10 11,0
35600,'2943795d360756687162',1439,,1249,8,0,9 10 11,0
35600,'2a2423055d636f354b6d',829,,1256,8,0,9 10 11,0
35600,'2a6804265d6c7a6d704c',1229,,1268,8,0,9 10 11,0
35600,'2f16807a52596335736c',609,,1252,8,0,9 10 11,0,320,,1251,8,0,9 10 11,0
35600,'31744f7e5638320a2d4c',1229,,1255,9,0,9 10 11,0
35600,'56061576073054406d39',1759,,1259,8,0,9 10 11,0
35600,'59737b0d0f044b52693e',629,,1261,8,0,9 10 11,0,80,,1262,8,0,9 10 11,0,30,,1263,8,0,9 10 11,0,920,,1260,8,0,9 10 11,0
35600,'61121d2d1b1669750837',1054,,1264,8,0,9 10 11,0,800,,1265,8,0,9 10 11,0
35600,'634b592b186b573b6758',1054,,1266,12,0,9 10 11,0,800,,1267,12,0,9 10 11,0
35600,'6d0c424c36686c087407',1439,,1269,12,0,9 10 11,0,320,,1270,12,0,9 10 11,0
