30101,'1e386a27476c5b6e1461',1721,,960,5,0,20 21 22,0,30,,961,5,0,20 21 22,0
30101,'2f16807a52596335736c',734,,952,5,0,20 21 22,0,72,,953,5,0,20 21 22,0,31,,954,5,0,20 21 22,0,68,,955,5,0,20 21 22,0,29,,956,5,0,20 21 22,0,772,,957,5,0,20 21 22,0,30,,958,5,0,20 21 22,0,70,,947,5,0,20 21 22,0,28,,948,5,0,20 21 22,0,70,,949,5,0,20 21 22,0,30,,950,5,0,20 21 22,0,70,,951,5,0,20 21 22,0
30101,'3c2a73256541336f410c',1821,,959,5,0,20 21 22,0
35101,'1e386a27476c5b6e1461',733,,1187,49,0,23 24 18,0,111,,1188,50,0,23 24 18,0,1063,,1184,50,0,20 21 22,0,106,,1185,41,0,20 21 22,0
35101,'1f5759673f12020b0a50',1928,,1176,41,0,20 21 22,0
35101,'2a2423055d636f354b6d',958,,1179,41,0,20 21 22,0,380,,1180,41,0,20 21 22,0,190,,1181,41,0,20 21 22,0
35101,'2f16807a52596335736c',1240,,1175,10,0,23 24 18,0
35101,'31744f7e5638320a2d4c',1431,,1177,50,0,20 21 22,0
35101,'3823594e52252d7f6b14',1043,,1178,41,0,20 21 22,0
35101,'7a7c2673351c18595c18',1843,,1182,41,0,20 21 22,0
