35101,'02070559307629202a09',1900,,302,22,0,20 21 22,0
35101,'1a20552b5a400f716a1b',1015,,303,22,0,20 21 22,0
35101,'1f5759673f12020b0a50',1900,,1176,22,0,20 21 22,0
35101,'2a5b3362091f52630354',654,,307,22,0,23 24 18,0,148,,309,22,0,23 24 18,0,823,,304,22,0,23 25,0,202,,305,22,0,20 21 22,0,118,,306,22,0,20 21 22,0
35101,'2c295b0e5f4444502b59',1815,,310,22,0,20 21 22,0
35101,'31744f7e5638320a2d4c',1352,,1177,22,0,20 21 22,0
35101,'3823594e52252d7f6b14',1015,,1178,22,0,20 21 22,0
35101,'4f0277002864772e6462',930,,1179,22,0,20 21 22,0,380,,1180,22,0,20 21 22,0,190,,1181,22,0,20 21 22,0
35101,'52166b36781a3037644c',930,,312,22,0,20 21 22,0,380,,313,22,0,20 21 22,0,190,,314,22,0,20 21 22,0
35101,'725616403949496a5c67',1352,,315,22,0,20 21 22,0
35101,'7a7c2673351c18595c18',1815,,1182,22,0,20 21 22,0
35101,'7f443a14596255477616',654,,1186,22,0,23 24 18,0,148,,1188,22,0,23 24 18,0,823,,1183,22,0,23 25,0,202,,1184,22,0,20 21 22,0,118,,1185,22,0,20 21 22,0
