36500,'136e6b484c454e417465',938,,640,20,0,9 10 11,0
36500,'1c2e3625233d01453772',625,,1404,20,0,9 10 11,0,79,,1406,5,0,9 10 11,0
36500,'1c486c5002601c4a534a',1645,,1407,5,0,9 10 11,0
36500,'1f5759673f12020b0a50',728,,1408,19,0,9 10 11,0
36500,'2d0d0c223c38203b5e0d',1217,,1410,20,0,9 10 11,0
36500,'31744f7e5638320a2d4c',1306,,1411,2,0,9 10 11,0
36500,'3823594e52252d7f6b14',938,,1413,20,0,9 10 11,0,812,,1412,20,0,9 10 11,0
36500,'3a511f30370a721b2433',729,,638,19,0,9 10 11,0
36500,'3f1b5e487a23197b626f',1645,,650,5,0,9 10 11,0
36500,'494a652c1e455e3d7c72',614,,1414,5,0,9 10 11,0
36500,'4f0277002864772e6462',1750,,1415,20,0,9 10 11,0
36500,'553d275f1455102c362a',1641,,1416,6,0,9 10 11,0
36500,'554b630955771e7c2224',1750,,645,20,0,9 10 11,0
36500,'5d3f35696f0f295d693b',1220,,637,20,0,9 10 11,0
36500,'69181125652d7e4d6a80',625,,646,20,0,9 10 11,0,80,,648,5,0,9 10 11,0
36500,'791e712d420e14727657',909,,1417,7,0,9 10 11,0
36500,'7f443a14596255477616',729,,1419,20,0,9 10 11,0,624,,1418,20,0,9 10 11,0
36501,'12145b045b1c7a317046',1025,,663,40,0,133 134,0
36501,'136e6b484c454e417465',1017,,654,40,0,132 117,0,813,,653,40,0,132 117,0
36501,'1c2e3625233d01453772',1910,,1422,40,0,132 117,0,43,,1423,40,0,133 134,0
36501,'1f5759673f12020b0a50',1914,,1425,40,0,132 117,0
36501,'3823594e52252d7f6b14',1017,,1428,40,0,132 117,0,813,,1427,40,0,132 117,0
36501,'3a511f30370a721b2433',1914,,652,40,0,132 117,0
36501,'4f0277002864772e6462',1351,,1429,40,0,132 117,0,181,,1430,40,0,132 117,0
36501,'59737b0d0f044b52693e',1834,,1431,40,0,133 134,0
36501,'69181125652d7e4d6a80',1834,,655,40,0,133 134,0,71,,660,40,0,132 117,0,48,,661,40,0,133 134,0
36501,'69657d056e34304a6e14',1028,,1432,40,0,133 134,0
36501,'702c275e051204394d01',1347,,664,40,0,132 117,0,188,,665,40,0,132 117,0
36501,'791e712d420e14727657',812,,1433,40,0,135 25,0
36501,'7f443a14596255477616',739,,1436,40,0,132 117,0,991,,1434,40,0,132 117,0,115,,1435,40,0,133 134,0
