35001,'02070559307629202a09',1805,,260,21,0,105 2 10 52,0
35001,'0a2f1e22095132130163',1735,,261,21,0,144 2 25,0,11,,262,22,0,144 2 25,0,100,,263,25,0,144 2 25,0,58,,265,21,0,144 2 25,0
35001,'2a08755845643968295b',1735,,266,21,0,144 2 25,0,70,,267,21,0,144 2 25,0,30,,268,21,0,144 2 25,0
35001,'2a5b3362091f52630354',1814,,269,21,0,144 2 25,0
35001,'4d7a6615443531084902',855,,277,21,0,144 2 25,0,590,,273,21,0,105 2 10 52,0,205,,274,21,0,105 2 10 52,0,280,,276,21,0,144 2 25,0
35001,'725616403949496a5c67',1307,,284,25,0,145 2 146,0,48,,279,21,0,144 2 25,0,380,,280,21,0,144 2 25,0,111,,281,21,0,144 2 25,0
38301,'0a2f1e22095132130163',1650,,769,21,0,147 2 117,0
38301,'2a5b3362091f52630354',751,,770,21,0,147 2 117,0
38301,'4d7a6615443531084902',1900,,771,21,0,63 2 21 64,0
38301,'52166b36781a3037644c',1311,,772,21,0,63 2 21 64,0
