35601,'055e00325b240c7d4777',915,,407,15,0,15 16 17,0,804,,408,15,0,15 16 17,0
35601,'075f4276790e1e273655',1419,,1276,15,0,15 16 17,0
35601,'0a3c663a7d504d200835',1534,,1277,15,0,12 13 14,0
35601,'184134507f4517151633',829,,1279,15,0,12 13 14,0
35601,'1e386a27476c5b6e1461',638,,1301,15,0,12 13 14,0,197,,1306,15,0,12 13 14,0,873,,1302,15,0,12 13 14,0,40,,1303,15,0,12 13 14,0
35601,'1f5759673f12020b0a50',649,,1284,15,0,12 13 14,0
35601,'2943795d360756687162',1249,,1278,15,0,12 13 14,0
35601,'2a2423055d636f354b6d',1934,,1289,15,0,12 13 14,0
35601,'2f16807a52596335736c',1049,,1280,15,0,12 13 14,0,370,,1281,15,0,12 13 14,0,100,,1282,15,0,12 13 14,0,390,,1283,15,0,12 13 14,0
35601,'320823102b697f311363',1419,,1285,15,0,12 13 14,0
35601,'321e5f70685c1473436a',1828,,1287,15,0,12 13 14,0
35601,'332311354b01253e3615',904,,1286,15,0,12 13 14,0
35601,'59445e7d50034e156e11',1819,,1290,15,0,12 13 14,0
35601,'59737b0d0f044b52693e',649,,1293,15,0,12 13 14,0,1010,,1291,15,0,12 13 14,0,80,,1292,15,0,12 13 14,0
35601,'61121d2d1b1669750837',915,,1294,15,0,12 13 14,0,804,,1295,15,0,12 13 14,0
35601,'634b592b186b573b6758',915,,1296,15,0,15 16 17,0,804,,1297,15,0,15 16 17,0
35601,'6d0c424c36686c087407',834,,1299,15,0,15 16 17,0,415,,1298,15,0,15 16 17,0
35601,'71472061383531535e0f',1619,,1288,15,0,12 13 14,0
35601,'7c40501f37807a467b28',1619,,1300,15,0,15 16 17,0
