32001,'2a5b3362091f52630354',1846,,151,2,0,137 138 139,0
32001,'3c046c2a04663d195765',1846,,152,2,0,137 138 139,0
37900,'02070559307629202a09',813,,732,10,0,65 66 67,0
37900,'16096334352325192d1f',1401,,1503,10,0,65 66 67,0
37900,'1f5759673f12020b0a50',816,,1504,10,0,65 66 67,0
37900,'2a08755845643968295b',813,,733,10,0,65 66 67,0
37900,'2a5b3362091f52630354',706,,735,10,0,65 66 67,0,5,,736,15,0,65 66 67,0
37900,'59737b0d0f044b52693e',816,,1506,10,0,65 66 67,0
37900,'69552d0660140f203513',1358,,738,10,0,65 66 67,0
37900,'7f443a14596255477616',701,,1508,10,0,65 66 67,0,5,,1509,14,0,65 66 67,0
