37900,'16096334352325192d1f',1343,,1503,4,0,65 66 67,0
37900,'1a590f5869513a12596d',1343,,738,4,0,65 66 67,0
37900,'1f5759673f12020b0a50',758,,1504,4,0,65 66 67,0
37900,'2173665b1e6d5b0e5d56',758,,732,4,0,65 66 67,0
37900,'59737b0d0f044b52693e',758,,1506,4,0,65 66 67,0
37900,'5a622e2f735638475e4f',758,,733,4,0,65 66 67,0
37900,'7f443a14596255477616',639,,1508,4,0,65 66 67,0
37901,'1a590f5869513a12596d',1322,,743,23,0,126 47 48,0
37901,'3c0b47661a465f176d35',1806,,742,23,0,126 47 48,0
38000,'3c046c2a04663d195765',636,,748,2,0,157 10 52,0
38000,'4e3f30715c2160755238',1221,,1517,2,0,157 10 52,0
