34400,'1e386a27476c5b6e1461',708,,1099,5,0,65 18 140,0
34400,'2a2423055d636f354b6d',1359,,1096,5,0,158 159,0
34400,'2f16807a52596335736c',749,,1094,5,0,158 159,0
34400,'532f7e634a3b56246321',857,,1097,5,0,65 66 67,0
34400,'59737b0d0f044b52693e',714,,1098,5,0,158 159,0
34400,'7061714f794c79290d6c',907,,1095,5,0,65 66 67,0
36500,'1e386a27476c5b6e1461',651,,1419,5,0,9 10 11,0,666,,1418,5,0,9 10 11,0
36500,'1f5759673f12020b0a50',651,,1408,5,0,9 10 11,0
36500,'2a2423055d636f354b6d',1712,,1415,5,0,9 10 11,0
36500,'2c14404d6d61074b6d28',1139,,1409,5,0,9 10 11,0
36500,'2f16807a52596335736c',551,,1404,5,0,9 10 11,0,71,,1405,5,0,133 134,0
36500,'2f6b6069415f08614303',1139,,1410,5,0,9 10 11,0
36500,'3823594e52252d7f6b14',902,,1413,5,0,9 10 11,0,805,,1412,5,0,9 10 11,0
