35700,'055e00325b240c7d4777',1750,,432,8,0,9 10 11,0
35700,'0a3c663a7d504d200835',1645,,1307,4,0,9 10 11,0
35700,'1e386a27476c5b6e1461',656,,1324,4,0,9 10 11,0,70,,1325,4,0,9 10 11,0
35700,'2f16807a52596335736c',615,,1309,4,0,9 10 11,0,390,,1310,4,0,9 10 11,0,500,,1308,4,0,9 10 11,0
35700,'320823102b697f311363',1325,,1311,4,0,9 10 11,0
35700,'321e5f70685c1473436a',635,,1313,4,0,9 10 11,0
35700,'3823594e52252d7f6b14',906,,1312,4,0,9 10 11,0
35700,'416039027b4e59137846',1315,,1314,4,0,9 10 11,0
35700,'59445e7d50034e156e11',635,,1317,4,0,9 10 11,0
35700,'59737b0d0f044b52693e',655,,1318,4,0,9 10 11,0,70,,1319,4,0,9 10 11,0
35700,'61121d2d1b1669750837',1750,,1320,4,0,9 10 11,0
35700,'634b592b186b573b6758',1750,,1321,8,0,9 10 11,0
35700,'6d0c424c36686c087407',1325,,1322,8,0,9 10 11,0,395,,1323,8,0,9 10 11,0
35700,'71472061383531535e0f',1325,,1315,6,0,9 10 11,0,395,,1316,4,0,9 10 11,0
