35801,'02070559307629202a09',1453,,475,29,0,91 92,0,452,,476,29,0,91 92,0
35801,'1a20552b5a400f716a1b',1042,,477,29,0,91 92,0,808,,478,29,0,91 92,0
35801,'1c2e3625233d01453772',1913,,1359,29,0,91 92,0
35801,'1f5759673f12020b0a50',1453,,1360,29,0,91 92,0,452,,1361,29,0,91 92,0
35801,'2a5b3362091f52630354',1338,,479,29,0,91 92,0,499,,480,29,0,91 92,0
35801,'3823594e52252d7f6b14',1042,,1362,29,0,91 92,0,808,,1363,29,0,91 92,0
35801,'494a652c1e455e3d7c72',1338,,1364,29,0,91 92,0
35801,'4d7a6615443531084902',1913,,481,29,0,91 92,0
35801,'4f0277002864772e6462',955,,1365,29,0,91 92,0,858,,1366,29,0,93 94 95,0
35801,'52166b36781a3037644c',955,,482,29,0,91 92,0,858,,483,29,0,93 94 95,0
35801,'7f443a14596255477616',1837,,1367,29,0,91 92,0
