35101,'1f5759673f12020b0a50',1857,,1176,17,0,20 21 22,0
35101,'300d603a345a5010103b',927,,312,17,0,20 21 22,0,380,,313,17,0,20 21 22,0,150,,314,17,0,20 21 22,0
35101,'31744f7e5638320a2d4c',1349,,1177,17,0,20 21 22,0
35101,'3823594e52252d7f6b14',1012,,1178,17,0,20 21 22,0
35101,'485f012a2c6b445e7a47',1812,,310,17,0,20 21 22,0
35101,'4f0277002864772e6462',927,,1179,17,0,20 21 22,0,380,,1180,17,0,20 21 22,0,150,,1181,17,0,20 21 22,0
35101,'5c112750394b6b07283a',1857,,302,17,0,20 21 22,0
35101,'75034b1d5a2e41380d0c',1012,,303,17,0,20 21 22,0
35101,'7a7c2673351c18595c18',1812,,1182,17,0,20 21 22,0
35101,'7f443a14596255477616',651,,1186,17,0,23 24 18,0,107,,1188,17,0,23 24 18,0,861,,1183,17,0,23 25,0,205,,1184,17,0,20 21 22,0,118,,1185,17,0,20 21 22,0
