34201,'1c2e3625233d01453772',1315,,1091,19,0,135 25,0,537,,1092,19,0,135 25,0
34201,'2829557e4e6662246775',1315,,220,20,0,135 25,0,537,,221,20,0,135 25,0
34201,'4f0277002864772e6462',1802,,1093,19,0,135 25,0
34201,'5a622e2f735638475e4f',1807,,218,20,0,135 25,0
34201,'7e6273386a42064a2f0b',1807,,217,20,0,135 25,0
36500,'182e1170551a4b4f4917',915,,640,11,0,9 10 11,0
36500,'1c2e3625233d01453772',602,,1404,11,0,9 10 11,0,31,,1405,11,0,133 134,0
36500,'1f5759673f12020b0a50',702,,1408,11,0,9 10 11,0
36500,'26417f51206b0a276d68',1724,,645,11,0,9 10 11,0
36500,'2829557e4e6662246775',602,,646,11,0,9 10 11,0,31,,647,11,0,133 134,0
36500,'2c14404d6d61074b6d28',1150,,1409,11,0,9 10 11,0
36500,'2d0d0c223c38203b5e0d',1150,,1410,11,0,9 10 11,0
36500,'3823594e52252d7f6b14',915,,1413,11,0,9 10 11,0,803,,1412,11,0,9 10 11,0
36500,'4f0277002864772e6462',1724,,1415,11,0,9 10 11,0
36500,'5d1e131c2c7a74172729',1153,,637,11,0,9 10 11,0
36500,'6401170d187d4b494417',1153,,651,11,0,9 10 11,0
36500,'7e6273386a42064a2f0b',702,,638,11,0,9 10 11,0
36500,'7f443a14596255477616',702,,1419,11,0,9 10 11,0,628,,1418,11,0,9 10 11,0
