31401,'3b0d0a205721144a1f02',1247,,1059,18,,,0
31401,'7b0a5d324a465c650801',1247,,127,18,,,0
39701,'16096334352325192d1f',1318,,1628,18,,,0
39701,'1a590f5869513a12596d',1318,,913,19,,,0
39701,'1c2e3625233d01453772',1845,,1629,15,,,0
39701,'313b373044623e546777',1310,,911,14,,,0
39701,'39416a4548121b3b4e21',1845,,912,15,,,0
39701,'532f7e634a3b56246321',1310,,1630,14,,,0
39701,'59737b0d0f044b52693e',1750,,1631,15,,,0
39701,'5a622e2f735638475e4f',1750,,908,15,,,0
39701,'7f443a14596255477616',1806,,1633,18,,,0
