36901,'1e386a27476c5b6e1461',1707,,1449,19,0,128 129,0,114,,1450,19,0,130 131,0
36901,'1f5759673f12020b0a50',1708,,1445,19,0,128 129,0
36901,'2f16807a52596335736c',1901,,1443,19,0,128 129,0,32,,1444,19,0,128 129,0
36901,'3823594e52252d7f6b14',1110,,1446,19,0,130 131,0,740,,1447,19,0,130 131,0
36901,'71472061383531535e0f',1339,,1448,19,0,128 129,0
37301,'1e386a27476c5b6e1461',1744,,1462,19,0,143 45,0
37301,'1f5759673f12020b0a50',1511,,1459,19,0,143 45,0
37301,'2a2423055d636f354b6d',1858,,1461,19,0,143 45,0
37301,'2f16807a52596335736c',933,,1457,19,0,143 45,0,885,,1458,19,0,143 45,0
37301,'31744f7e5638320a2d4c',1341,,1460,19,0,143 45,0
