35700,'0a3c663a7d504d200835',1722,,1307,31,0,9 10 11,0
35700,'1a20552b5a400f716a1b',944,,428,31,0,9 10 11,0
35700,'1c2e3625233d01453772',652,,1309,31,0,9 10 11,0,390,,1310,31,0,9 10 11,0,500,,1308,31,0,9 10 11,0
35700,'220e7e723c71704c1463',722,,431,31,0,9 10 11,0,680,,429,35,0,9 10 11,0,354,,430,35,0,9 10 11,0
35700,'295d5e0567072f655d20',1831,,432,35,0,9 10 11,0
35700,'2a08755845643968295b',742,,433,31,0,9 10 11,0,60,,434,31,0,9 10 11,0
35700,'2a5b3362091f52630354',713,,437,31,0,9 10 11,0,24,,438,31,0,9 10 11,0,68,,439,31,0,9 10 11,0,597,,435,33,0,9 10 11,0,354,,436,31,0,9 10 11,0
35700,'320823102b697f311363',1402,,1311,31,0,9 10 11,0
35700,'3823594e52252d7f6b14',944,,1312,31,0,9 10 11,0
35700,'3f575e1f5f6d63575f07',713,,1313,31,0,9 10 11,0
35700,'416039027b4e59137846',1352,,1314,31,0,9 10 11,0
35700,'494a652c1e455e3d7c72',1402,,1315,33,0,9 10 11,0,354,,1316,31,0,9 10 11,0
35700,'4d7a6615443531084902',652,,441,31,0,9 10 11,0,390,,442,31,0,9 10 11,0,500,,440,31,0,9 10 11,0
35700,'59445e7d50034e156e11',712,,1317,31,0,9 10 11,0
35700,'59737b0d0f044b52693e',732,,1318,31,0,9 10 11,0,70,,1319,31,0,9 10 11,0
35700,'61121d2d1b1669750837',1831,,1320,31,0,9 10 11,0
35700,'634b592b186b573b6758',1831,,1321,35,0,9 10 11,0
35700,'693b6416011017175f3d',1352,,443,31,0,9 10 11,0,370,,444,31,0,9 10 11,0
35700,'6d0c424c36686c087407',1402,,1322,35,0,9 10 11,0,354,,1323,35,0,9 10 11,0
35700,'7f443a14596255477616',737,,1324,31,0,9 10 11,0,68,,1325,31,0,9 10 11,0
