35501,'033e170961301f7a0308',953,,1662,33,0,20 21 22,0,387,,1663,33,0,20 21 22,0,369,,1661,33,0,20 21 22,0
35501,'055e00325b240c7d4777',1133,,1235,35,0,20 21 22,0,715,,1234,35,0,20 21 22,0
35501,'12050f054d0a0f53752f',1346,,1239,33,0,20 21 22,0
35501,'126535785649426e467c',1711,,1664,33,0,20 21 22,0,140,,1665,33,0,20 21 22,0
35501,'210a7c3e60384f725e7c',1133,,1668,35,0,20 21 22,0,715,,1667,35,0,20 21 22,0
35501,'2530772d5b5960361a09',1948,,1237,35,0,20 21 22,0
35501,'371d2f0f7337032c2b25',1351,,1233,33,0,20 21 22,0
35501,'3a3841530321505b7b18',1346,,1669,33,0,20 21 22,0
35501,'4f67586f291357636e2f',1948,,1671,35,0,20 21 22,0
35501,'59737b0d0f044b52693e',1348,,1675,33,0,20 21 22,0,361,,1674,33,0,20 21 22,0
35501,'5d21673510580b5d6c6e',1351,,1676,33,0,20 21 22,0
35501,'723148100c272b183b65',953,,1231,33,0,20 21 22,0,387,,1232,33,0,20 21 22,0,369,,1230,33,0,20 21 22,0
35501,'7249395f521c57637d3d',1711,,1242,33,0,20 21 22,0,135,,1243,33,0,20 21 22,0
37500,'1e386a27476c5b6e1461',715,,1463,9,0,23 24 18,0
