35701,'0d4e3278231744213640',1848,,1326,43,0,12 13 14,0
35701,'136e6b484c454e417465',2006,,446,43,0,12 13 14,0
35701,'1c2e3625233d01453772',1356,,1330,43,0,12 13 14,0,290,,1327,43,0,12 13 14,0,99,,1328,43,0,12 13 14,0,281,,1329,43,0,12 13 14,0
35701,'320823102b697f311363',906,,1331,43,0,12 13 14,0
35701,'332311354b01253e3615',915,,1332,43,0,12 18 19,0
35701,'3823594e52252d7f6b14',2006,,1333,43,0,12 13 14,0
35701,'3a4a044232474e33312b',1125,,449,43,0,15 16 17,0
35701,'3a511f30370a721b2433',906,,445,43,0,12 13 14,0
35701,'494a652c1e455e3d7c72',956,,1334,43,0,12 13 14,0,269,,1335,43,0,12 13 14,0
35701,'59445e7d50034e156e11',1840,,1336,43,0,12 13 14,0
35701,'59737b0d0f044b52693e',841,,1339,43,0,12 13 14,0,964,,1337,43,0,12 13 14,0,111,,1338,43,0,12 13 14,0
35701,'61121d2d1b1669750837',1126,,1340,43,0,12 13 14,0
35701,'634b592b186b573b6758',1126,,1341,43,0,15 16 17,0
35701,'69181125652d7e4d6a80',841,,452,43,0,12 13 14,0,384,,453,43,0,15 16 17,0,131,,463,43,0,12 13 14,0,290,,460,43,0,12 13 14,0,99,,461,43,0,12 13 14,0,60,,450,43,0,12 13 14,0,111,,451,43,0,12 13 14,0,110,,462,43,0,12 13 14,0
35701,'6d0c424c36686c087407',951,,1342,43,0,15 16 17,0
35701,'702c275e051204394d01',951,,448,43,0,15 16 17,0,889,,447,43,0,12 13 14,0
35701,'7c40501f37807a467b28',1225,,1343,43,0,15 16 17,0
35701,'7f443a14596255477616',854,,1347,43,0,12 18 19,0,956,,1344,43,0,12 13 14,0,38,,1345,43,0,12 13 14,0,77,,1346,43,0,12 13 14,0
