35701,'0d4e3278231744213640',1806,,1326,15,0,12 13 14,0
35701,'136e6b484c454e417465',1934,,446,15,0,12 13 14,0
35701,'1c2e3625233d01453772',1322,,1330,15,0,12 13 14,0,290,,1327,15,0,12 13 14,0,93,,1328,15,0,12 13 14,0,247,,1329,15,0,12 13 14,0
35701,'320823102b697f311363',833,,1331,15,0,12 13 14,0
35701,'332311354b01253e3615',837,,1332,15,0,12 18 19,0
35701,'3823594e52252d7f6b14',1934,,1333,15,0,12 13 14,0
35701,'3a4a044232474e33312b',1049,,449,15,0,15 16 17,0
35701,'3a511f30370a721b2433',833,,445,15,0,12 13 14,0
35701,'494a652c1e455e3d7c72',922,,1334,15,0,12 13 14,0,230,,1335,15,0,12 13 14,0
35701,'59445e7d50034e156e11',1802,,1336,15,0,12 13 14,0
35701,'59737b0d0f044b52693e',807,,1339,15,0,12 13 14,0,917,,1337,15,0,12 13 14,0,118,,1338,15,0,12 13 14,0
35701,'61121d2d1b1669750837',1049,,1340,15,0,12 13 14,0
35701,'634b592b186b573b6758',1049,,1341,15,0,15 16 17,0
35701,'69181125652d7e4d6a80',807,,452,15,0,12 13 14,0,345,,453,15,0,15 16 17,0,170,,463,15,0,12 13 14,0,290,,460,15,0,12 13 14,0,93,,461,15,0,12 13 14,0,19,,450,15,0,12 13 14,0,118,,451,15,0,12 13 14,0,110,,462,15,0,12 13 14,0
35701,'6d0c424c36686c087407',919,,1342,15,0,15 16 17,0
35701,'702c275e051204394d01',919,,448,15,0,15 16 17,0,883,,447,15,0,12 13 14,0
35701,'7c40501f37807a467b28',1152,,1343,15,0,15 16 17,0
35701,'7f443a14596255477616',815,,1347,15,0,12 18 19,0,917,,1344,15,0,12 13 14,0,74,,1345,15,0,12 13 14,0,41,,1346,15,0,12 13 14,0
