36501,'0e5131610429337c0530',732,,1420,19,0,135 25,0,116,,1421,19,0,166 32,0
36501,'1e386a27476c5b6e1461',649,,1436,19,0,132 117,0,998,,1434,19,0,132 117,0,112,,1435,19,0,133 134,0
36501,'1f5759673f12020b0a50',1835,,1425,19,0,132 117,0
36501,'2a2423055d636f354b6d',1311,,1429,19,0,132 117,0,142,,1430,19,0,132 117,0
36501,'2c14404d6d61074b6d28',948,,1426,19,0,133 134,0
36501,'2f16807a52596335736c',1829,,1422,19,0,132 117,0,87,,1423,19,0,133 134,0
36501,'3823594e52252d7f6b14',932,,1428,19,0,132 117,0,808,,1427,19,0,132 117,0
36501,'3c550d10735a472e4755',732,,1433,19,0,135 25,0
36501,'484f0e366a041c114e35',948,,1432,19,0,133 134,0
36501,'59737b0d0f044b52693e',1750,,1431,19,0,133 134,0
