36301,'1e386a27476c5b6e1461',1319,,1401,9,0,31 32,0,404,,1402,9,0,31 32,0
36301,'2a2423055d636f354b6d',1853,,1400,9,0,31 32,0
36301,'2f16807a52596335736c',911,,1399,9,0,31 32,0
36501,'0e5131610429337c0530',711,,1420,9,0,135 25,0,109,,1421,9,0,166 32,0
36501,'1e386a27476c5b6e1461',629,,1436,9,0,132 117,0,991,,1434,9,0,132 117,0,102,,1435,9,0,133 134,0
36501,'1f5759673f12020b0a50',1805,,1425,9,0,132 117,0
36501,'2a2423055d636f354b6d',1250,,1429,9,0,132 117,0,180,,1430,9,0,132 117,0
36501,'2c14404d6d61074b6d28',920,,1426,9,0,133 134,0
36501,'2f16807a52596335736c',1752,,1422,9,0,132 117,0,98,,1423,9,0,133 134,0
36501,'3823594e52252d7f6b14',909,,1428,9,0,132 117,0,809,,1427,9,0,132 117,0
36501,'3c550d10735a472e4755',711,,1433,9,0,135 25,0
36501,'484f0e366a041c114e35',920,,1432,9,0,133 134,0
36501,'59737b0d0f044b52693e',1722,,1431,9,0,133 134,0
