35501,'033e170961301f7a0308',956,,1662,34,0,20 21 22,0,385,,1663,34,0,20 21 22,0,370,,1661,34,0,20 21 22,0
35501,'055e00325b240c7d4777',1136,,1235,36,0,20 21 22,0,715,,1234,36,0,20 21 22,0
35501,'12050f054d0a0f53752f',1349,,1239,34,0,20 21 22,0
35501,'126535785649426e467c',1714,,1664,34,0,20 21 22,0,140,,1665,34,0,20 21 22,0
35501,'210a7c3e60384f725e7c',1136,,1668,36,0,20 21 22,0,715,,1667,36,0,20 21 22,0
35501,'2530772d5b5960361a09',1951,,1237,36,0,20 21 22,0
35501,'371d2f0f7337032c2b25',1354,,1233,34,0,20 21 22,0
35501,'3a3841530321505b7b18',1349,,1669,34,0,20 21 22,0
35501,'4f67586f291357636e2f',1951,,1671,36,0,20 21 22,0
35501,'59737b0d0f044b52693e',1351,,1675,34,0,20 21 22,0,360,,1674,34,0,20 21 22,0
35501,'5d21673510580b5d6c6e',1354,,1676,34,0,20 21 22,0
35501,'723148100c272b183b65',956,,1231,34,0,20 21 22,0,385,,1232,34,0,20 21 22,0,370,,1230,34,0,20 21 22,0
35501,'7249395f521c57637d3d',1714,,1242,34,0,20 21 22,0,135,,1243,34,0,20 21 22,0
37500,'1e386a27476c5b6e1461',717,,1463,10,0,23 24 18,0
