39101,'1c2e3625233d01453772',1844,,1581,8,,,0
39101,'20694715463639414353',1303,,1582,11,,,0
39101,'313b373044623e546777',1249,,816,8,,,0
39101,'31744f7e5638320a2d4c',1256,,1583,8,,,0
39101,'39416a4548121b3b4e21',1844,,817,8,,,0
39101,'3e1728716b1d093f420a',1303,,819,12,,,0
39101,'532f7e634a3b56246321',1249,,1584,8,,,0
39101,'553d275f1455102c362a',1736,,1585,8,,,0
39101,'59737b0d0f044b52693e',1750,,1586,11,,,0
39101,'5a622e2f735638475e4f',1750,,814,12,,,0
39101,'7f443a14596255477616',1750,,1587,11,,,0
