35701,'02070559307629202a09',846,,445,24,0,12 13 14,0
35701,'0d4e3278231744213640',1824,,1326,24,0,12 13 14,0
35701,'1a20552b5a400f716a1b',1946,,446,24,0,12 13 14,0
35701,'1c2e3625233d01453772',1336,,1330,24,0,12 13 14,0,290,,1327,24,0,12 13 14,0,98,,1328,24,0,12 13 14,0,282,,1329,24,0,12 13 14,0
35701,'220e7e723c71704c1463',931,,448,24,0,15 16 17,0,888,,447,24,0,12 13 14,0
35701,'295d5e0567072f655d20',1104,,449,24,0,15 16 17,0
35701,'2a08755845643968295b',821,,452,24,0,12 13 14,0,385,,453,24,0,15 16 17,0,538,,450,24,0,12 13 14,0,112,,451,24,0,12 13 14,0
35701,'2a5b3362091f52630354',831,,457,24,0,12 18 19,0,105,,458,24,0,12 13 14,0,270,,459,24,0,12 13 14,0,543,,454,24,0,12 13 14,0,75,,455,24,0,12 13 14,0,79,,456,24,0,12 13 14,0
35701,'320823102b697f311363',846,,1331,24,0,12 13 14,0
35701,'332311354b01253e3615',854,,1332,24,0,12 18 19,0
35701,'3823594e52252d7f6b14',1946,,1333,24,0,12 13 14,0
35701,'494a652c1e455e3d7c72',936,,1334,24,0,12 13 14,0,270,,1335,24,0,12 13 14,0
35701,'4d7a6615443531084902',1336,,463,24,0,12 13 14,0,290,,460,24,0,12 13 14,0,98,,461,24,0,12 13 14,0,282,,462,24,0,12 13 14,0
35701,'59445e7d50034e156e11',1819,,1336,24,0,12 13 14,0
35701,'59737b0d0f044b52693e',821,,1339,24,0,12 13 14,0,923,,1337,24,0,12 13 14,0,112,,1338,24,0,12 13 14,0
35701,'61121d2d1b1669750837',1104,,1340,24,0,12 13 14,0
35701,'634b592b186b573b6758',1104,,1341,24,0,15 16 17,0
35701,'6d0c424c36686c087407',931,,1342,24,0,15 16 17,0
35701,'7c40501f37807a467b28',1206,,1343,24,0,15 16 17,0
35701,'7f443a14596255477616',831,,1347,24,0,12 18 19,0,918,,1344,24,0,12 13 14,0,75,,1345,24,0,12 13 14,0,79,,1346,24,0,12 13 14,0
