35600,'055e00325b240c7d4777',1132,,381,47,0,9 10 11,0,800,,382,47,0,9 10 11,0
35600,'0a3c663a7d504d200835',1627,,1245,44,0,9 10 11,0,15,,1246,45,0,9 10 11,0
35600,'0d7c5c285a59412d315b',1832,,1247,43,0,9 10 11,0
35600,'112a0b7f332a564f1678',1307,,1248,43,0,9 10 11,0
35600,'1a223768176411647430',1837,,1250,43,0,9 10 11,0
35600,'1e386a27476c5b6e1461',707,,1273,43,0,9 10 11,0,47,,1274,43,0,9 10 11,0,70,,1275,43,0,9 10 11,0,918,,1271,44,0,9 10 11,0,174,,1272,44,0,9 10 11,0
35600,'1e7832711c690d2e452a',1837,,1257,44,0,9 10 11,0,5,,1258,44,0,9 10 11,0
35600,'1f5759673f12020b0a50',707,,1253,43,0,9 10 11,0
35600,'2943795d360756687162',1517,,1249,43,0,9 10 11,0
35600,'2a2423055d636f354b6d',907,,1256,43,0,9 10 11,0
35600,'2a6804265d6c7a6d704c',1307,,1268,43,0,9 10 11,0
35600,'2f16807a52596335736c',647,,1252,43,0,9 10 11,0,360,,1251,43,0,9 10 11,0
35600,'31744f7e5638320a2d4c',1307,,1254,44,0,9 10 11,0,5,,1255,44,0,9 10 11,0
35600,'56061576073054406d39',1837,,1259,43,0,9 10 11,0
35600,'59737b0d0f044b52693e',707,,1261,43,0,9 10 11,0,40,,1262,43,0,9 10 11,0,70,,1263,43,0,9 10 11,0,920,,1260,43,0,9 10 11,0
35600,'61121d2d1b1669750837',1132,,1264,43,0,9 10 11,0,800,,1265,43,0,9 10 11,0
35600,'634b592b186b573b6758',1132,,1266,47,0,9 10 11,0,800,,1267,47,0,9 10 11,0
35600,'6d0c424c36686c087407',1517,,1269,47,0,9 10 11,0,320,,1270,47,0,9 10 11,0
