35800,'17675d5630562f244640',843,,466,4,0,9 10 11,0
35800,'1c2e3625233d01453772',1228,,1348,4,0,9 10 11,0
35800,'1f5759673f12020b0a50',743,,1349,4,0,9 10 11,0,497,,1350,5,0,9 10 11,0
35800,'337b31363e410b5e7355',1643,,472,4,0,9 10 11,0
35800,'3823594e52252d7f6b14',843,,1351,4,0,9 10 11,0
35800,'49363c5c560d0d713513',743,,464,4,0,9 10 11,0,497,,465,5,0,9 10 11,0
35800,'494a652c1e455e3d7c72',623,,1352,4,0,9 10 11,0
35800,'4f0277002864772e6462',1543,,1353,4,0,9 10 11,0
35800,'534f3f6200296b014523',1543,,474,4,0,9 10 11,0
35800,'5858235b60647f474275',1228,,473,4,0,9 10 11,0
35800,'59737b0d0f044b52693e',643,,1354,5,0,9 10 11,0
35800,'5a622e2f735638475e4f',643,,467,5,0,9 10 11,0
35800,'7a7c2673351c18595c18',1643,,1355,4,0,9 10 11,0
35800,'7f443a14596255477616',643,,1356,5,0,9 10 11,0,60,,1357,4,0,9 10 11,0,155,,1358,4,0,9 10 11,0
