36201,'02070559307629202a09',1645,,584,15,0,87 88,0,273,,583,15,0,87 88,0
36201,'1c2e3625233d01453772',1318,,1383,15,0,87 89,0,297,,1384,15,0,85 92,0,105,,1385,15,0,87 89,0,100,,1386,15,0,87 88,0,98,,1387,15,0,87 89,0
36201,'1f5759673f12020b0a50',1645,,1389,15,0,87 88,0,273,,1388,15,0,87 88,0
36201,'2a5b3362091f52630354',918,,585,15,0,87 88,0,727,,586,15,0,85 92,0,105,,587,15,0,87 88,0
36201,'4d7a6615443531084902',1318,,588,15,0,87 89,0,297,,589,15,0,85 92,0,105,,590,15,0,87 89,0,100,,591,15,0,87 88,0,98,,592,15,0,87 89,0
36201,'7f443a14596255477616',918,,1390,15,0,87 88,0,727,,1391,15,0,85 92,0,105,,1392,15,0,87 88,0
36901,'02070559307629202a09',1650,,673,15,0,128 129,0
36901,'1a20552b5a400f716a1b',1055,,674,15,0,130 131,0,780,,675,15,0,130 131,0
36901,'1c2e3625233d01453772',1840,,1443,15,0,128 129,0,75,,1444,15,0,128 129,0
36901,'1f5759673f12020b0a50',1650,,1445,15,0,128 129,0
36901,'2a5b3362091f52630354',1324,,676,15,0,128 129,0,324,,677,15,0,128 129,0,102,,678,15,0,130 131,0
36901,'3823594e52252d7f6b14',1055,,1446,15,0,130 131,0,785,,1447,15,0,130 131,0
36901,'494a652c1e455e3d7c72',1324,,1448,15,0,128 129,0
36901,'4d7a6615443531084902',1840,,679,15,0,128 129,0,75,,680,15,0,128 129,0
36901,'7f443a14596255477616',1648,,1449,15,0,128 129,0,102,,1450,15,0,130 131,0
37301,'02070559307629202a09',1455,,687,15,0,143 45,0
37301,'1c2e3625233d01453772',918,,1457,15,0,143 45,0,832,,1458,15,0,143 45,0
37301,'1f5759673f12020b0a50',1455,,1459,15,0,143 45,0
37301,'2a5b3362091f52630354',1720,,688,15,0,143 45,0
37301,'31744f7e5638320a2d4c',1320,,1460,15,0,143 45,0
37301,'4d7a6615443531084902',918,,689,15,0,143 45,0,832,,690,15,0,143 45,0
37301,'4f0277002864772e6462',1843,,1461,15,0,143 45,0
37301,'52166b36781a3037644c',1843,,691,15,0,143 45,0
37301,'725616403949496a5c67',1320,,692,15,0,143 45,0
37301,'7f443a14596255477616',1720,,1462,15,0,143 45,0
38801,'02070559307629202a09',1310,,790,9,0,81 25,0,230,,789,9,0,81 25,0
38801,'1a20552b5a400f716a1b',1001,,791,9,0,81 25,0
38801,'1c2e3625233d01453772',830,,1560,9,0,81 25,0,100,,1561,9,0,81 25,0,380,,1562,9,0,81 82,0,190,,1563,9,0,81 25,0,215,,1557,9,0,83 84,0,100,,1558,9,0,83 84,0,96,,1559,9,0,81 82,0
38801,'1f5759673f12020b0a50',1310,,1565,9,0,81 25,0,230,,1564,9,0,81 25,0
38801,'2a5b3362091f52630354',900,,797,9,0,81 25,0,100,,798,9,0,81 25,0,540,,792,9,0,81 25,0,105,,793,9,0,81 25,0,100,,794,9,0,81 82,0,100,,795,9,0,81 82,0,96,,796,9,0,81 25,0
38801,'2c295b0e5f4444502b59',1831,,799,9,0,81 25,0
38801,'31744f7e5638320a2d4c',1315,,1566,2,0,81 25,0
38801,'3823594e52252d7f6b14',1001,,1567,9,0,81 25,0
38801,'4d7a6615443531084902',830,,803,9,0,81 25,0,100,,804,9,0,81 25,0,380,,805,9,0,81 82,0,190,,806,9,0,81 25,0,215,,800,9,0,83 84,0,100,,801,9,0,83 84,0,96,,802,9,0,81 82,0
38801,'725616403949496a5c67',1315,,807,2,0,81 25,0
38801,'7a7c2673351c18595c18',1831,,1568,9,0,81 25,0
38801,'7f443a14596255477616',900,,1574,9,0,81 25,0,100,,1575,9,0,81 25,0,540,,1569,9,0,81 25,0,105,,1570,9,0,81 25,0,100,,1571,9,0,81 82,0,100,,1572,9,0,81 82,0,96,,1573,9,0,81 25,0
