32700,'2a5b3362091f52630354',620,,191,10,0,60 61 62,0,105,,192,10,0,60 61 62,0,98,,193,11,0,60 61 62,0,177,,194,10,0,60 61 62,0,215,,195,10,0,60 61 62,0,536,,196,10,0,60 61 62,0
32700,'3c046c2a04663d195765',620,,197,10,0,60 61 62,0,105,,198,10,0,60 61 62,0,98,,199,11,0,60 61 62,0,177,,200,10,0,60 61 62,0,215,,201,10,0,60 61 62,0,536,,202,10,0,60 61 62,0
32701,'2a5b3362091f52630354',725,,203,2,0,56 57,0,526,,204,2,0,58 59,0,400,,205,2,0,58 59,0,150,,206,2,0,58 59,0,55,,207,2,0,58 59,0
32701,'3c046c2a04663d195765',725,,208,2,0,56 57,0,526,,209,2,0,58 59,0,400,,210,2,0,58 59,0,150,,211,2,0,58 59,0,55,,212,2,0,58 59,0
35000,'02070559307629202a09',826,,238,15,0,9 35 36 37 38,0
35000,'0a2f1e22095132130163',1819,,241,17,0,60 103 104,0
35000,'2a08755845643968295b',756,,243,9,0,9 35 36 37 38,0
35000,'2a5b3362091f52630354',611,,244,9,0,9 35 36 37 38,0,45,,245,9,0,9 35 36 37 38,0,45,,246,9,0,9 35 36 37 38,0,52,,248,10,0,9 35 36 37 38,0
35000,'4d7a6615443531084902',636,,254,9,0,9 35 36 37 38,0,76,,255,15,0,9 35 36 37 38,0,141,,250,15,0,9 35 36 37 38,0,386,,251,17,0,60 103 104,0,297,,252,9,0,9 35 36 37 38,0,203,,253,17,0,60 103 104,0
35000,'725616403949496a5c67',1323,,258,17,0,60 103 104,0
