39101,'1c2e3625233d01453772',1848,,1581,10,,,0
39101,'20694715463639414353',1307,,1582,13,,,0
39101,'313b373044623e546777',1253,,816,10,,,0
39101,'31744f7e5638320a2d4c',1300,,1583,10,,,0
39101,'39416a4548121b3b4e21',1848,,817,10,,,0
39101,'3e1728716b1d093f420a',1307,,819,14,,,0
39101,'532f7e634a3b56246321',1253,,1584,10,,,0
39101,'553d275f1455102c362a',1740,,1585,10,,,0
39101,'59737b0d0f044b52693e',1754,,1586,13,,,0
39101,'5a622e2f735638475e4f',1754,,814,14,,,0
39101,'7f443a14596255477616',1754,,1587,13,,,0
