30500,'1c2e3625233d01453772',723,,1042,27,0,9 30,0,81,,1043,27,0,9 30,0,29,,1044,27,0,9 30,0
30500,'494a652c1e455e3d7c72',946,,1045,27,0,9 30,0,672,,1046,27,0,9 30,0
30500,'7f443a14596255477616',633,,1047,27,0,9 30,0
36300,'1c2e3625233d01453772',755,,1393,24,0,9 10 11,0
36300,'1f5759673f12020b0a50',1324,,1394,24,0,9 10 11,0
36300,'44487e3c3e7f21570e19',1324,,1395,24,0,9 10 11,0
36300,'59737b0d0f044b52693e',1750,,1396,21,0,9 10 11,0
36300,'7f443a14596255477616',704,,1397,24,0,9 10 11,0,246,,1398,21,0,9 10 11,0
36500,'0e5131610429337c0530',1010,,1403,36,0,9 10 11,0
36500,'1c2e3625233d01453772',737,,1404,50,0,9 10 11,0,82,,1406,35,0,9 10 11,0
36500,'1c486c5002601c4a534a',1753,,1407,35,0,9 10 11,0
36500,'1f5759673f12020b0a50',827,,1408,49,0,9 10 11,0
36500,'2c14404d6d61074b6d28',1327,,1409,49,0,9 10 11,0
36500,'2d0d0c223c38203b5e0d',1327,,1410,50,0,9 10 11,0
36500,'31744f7e5638320a2d4c',1405,,1411,32,0,9 10 11,0
36500,'3823594e52252d7f6b14',1047,,1413,50,0,9 10 11,0,853,,1412,50,0,9 10 11,0
36500,'494a652c1e455e3d7c72',717,,1414,35,0,9 10 11,0
36500,'4f0277002864772e6462',1859,,1415,50,0,9 10 11,0
36500,'553d275f1455102c362a',1754,,1416,36,0,9 10 11,0
36500,'791e712d420e14727657',1013,,1417,37,0,9 10 11,0
36500,'7f443a14596255477616',853,,1419,50,0,9 10 11,0,604,,1418,50,0,9 10 11,0
38800,'1c2e3625233d01453772',739,,1544,25,0,9 30,0,78,,1545,27,0,9 30,0,30,,1546,25,0,9 30,0,692,,1541,27,0,9 30,0,99,,1542,23,0,9 30,0,103,,1543,27,0,9 30,0
38800,'3823594e52252d7f6b14',1708,,1547,23,0,9 30,0
38800,'4f0277002864772e6462',1138,,1549,23,0,9 30,0,200,,1548,23,0,9 30,0
38800,'7a7c2673351c18595c18',908,,1550,23,0,9 30,0
38800,'7f443a14596255477616',704,,1553,23,0,9 30,0,98,,1555,27,0,9 30,0,111,,1556,23,0,9 30,0,798,,1551,23,0,9 30,0,131,,1552,23,0,9 30,0
