31700,'14347b666e230953067f',940,,132,10,0,65 66 67,0
31700,'3b0d0a205721144a1f02',940,,1064,10,0,65 66 67,0
34200,'1c2e3625233d01453772',801,,1087,13,0,65 18 140,0
34200,'1e10375f42313a246a18',801,,215,13,0,65 18 140,0
34200,'4f0277002864772e6462',1411,,1088,13,0,65 18 140,0
34200,'59737b0d0f044b52693e',726,,1089,13,0,65 18 140,0
34200,'5a622e2f735638475e4f',726,,213,13,0,65 18 140,0
34200,'614f756f5f66407a564d',1411,,216,13,0,65 18 140,0
34200,'7f443a14596255477616',720,,1090,12,0,65 18 140,0
34400,'20694715463639414353',919,,1095,10,0,65 66 67,0
34400,'450e674738404b3d6a64',919,,227,10,0,65 66 67,0
34400,'532f7e634a3b56246321',909,,1097,10,0,65 66 67,0
34400,'7e34765c21213e5c0e4e',909,,224,10,0,65 66 67,0
34400,'7f443a14596255477616',722,,1099,10,0,65 18 140,0
