35701,'055e00325b240c7d4777',1047,,449,14,0,15 16 17,0
35701,'0d4e3278231744213640',1803,,1326,14,0,12 13 14,0
35701,'1c2e3625233d01453772',1320,,1330,14,0,12 13 14,0,290,,1327,14,0,12 13 14,0,93,,1328,14,0,12 13 14,0,247,,1329,14,0,12 13 14,0
35701,'320823102b697f311363',831,,1331,14,0,12 13 14,0
35701,'332311354b01253e3615',835,,1332,14,0,12 18 19,0
35701,'3823594e52252d7f6b14',1931,,1333,14,0,12 13 14,0
35701,'494a652c1e455e3d7c72',920,,1334,14,0,12 13 14,0,230,,1335,14,0,12 13 14,0
35701,'59445e7d50034e156e11',1800,,1336,14,0,12 13 14,0
35701,'59737b0d0f044b52693e',805,,1339,14,0,12 13 14,0,916,,1337,14,0,12 13 14,0,119,,1338,14,0,12 13 14,0
35701,'61121d2d1b1669750837',1047,,1340,14,0,12 13 14,0
35701,'634b592b186b573b6758',1047,,1341,14,0,15 16 17,0
35701,'6d0c424c36686c087407',917,,1342,14,0,15 16 17,0
35701,'7c40501f37807a467b28',1150,,1343,14,0,15 16 17,0
35701,'7f443a14596255477616',813,,1347,14,0,12 18 19,0,917,,1344,14,0,12 13 14,0,73,,1345,14,0,12 13 14,0,42,,1346,14,0,12 13 14,0
