31800,'2a2423055d636f354b6d',1332,,1069,42,0,9 68 38,0
31800,'2f16807a52596335736c',718,,1067,42,0,9 68 38,0,84,,1068,42,0,9 68 38,0
31900,'2a2423055d636f354b6d',1329,,1076,33,0,9 68 38,0
31900,'2f16807a52596335736c',712,,1073,32,0,9 68 38,0,43,,1074,33,0,9 68 38,0,157,,1075,32,0,9 68 38,0
35800,'1e386a27476c5b6e1461',733,,1356,37,0,9 10 11,0,23,,1357,36,0,9 10 11,0,192,,1358,36,0,9 10 11,0
35800,'1f5759673f12020b0a50',824,,1349,36,0,9 10 11,0,497,,1350,37,0,9 10 11,0
35800,'2a2423055d636f354b6d',1624,,1353,36,0,9 10 11,0
35800,'2f16807a52596335736c',1310,,1348,36,0,9 10 11,0
35800,'3823594e52252d7f6b14',921,,1351,36,0,9 10 11,0
35800,'59737b0d0f044b52693e',725,,1354,37,0,9 10 11,0
35800,'71472061383531535e0f',708,,1352,36,0,9 10 11,0
35800,'7a7c2673351c18595c18',1724,,1355,36,0,9 10 11,0
