36501,'0e5131610429337c0530',842,,1420,45,0,135 25,0
36501,'136e6b484c454e417465',1032,,654,44,0,132 117,0,814,,653,44,0,132 117,0
36501,'1c2e3625233d01453772',1925,,1422,44,0,132 117,0,88,,1424,4,0,132 117,0
36501,'1f5759673f12020b0a50',1931,,1425,44,0,132 117,0
36501,'3823594e52252d7f6b14',1032,,1428,44,0,132 117,0,814,,1427,44,0,132 117,0
36501,'3a511f30370a721b2433',1931,,652,44,0,132 117,0
36501,'4f0277002864772e6462',1407,,1429,44,0,132 117,0,142,,1430,44,0,132 117,0
36501,'69181125652d7e4d6a80',1919,,660,44,0,132 117,0,94,,662,4,0,132 117,0
36501,'702c275e051204394d01',1404,,664,44,0,132 117,0,147,,665,44,0,132 117,0
36501,'791e712d420e14727657',837,,1433,46,0,135 25,0
36501,'7f443a14596255477616',754,,1436,44,0,132 117,0,993,,1434,44,0,132 117,0
