30400,'1c2e3625233d01453772',600,,1020,3,0,7 8,0,30,,1021,3,0,7 8,0,70,,1022,3,0,7 8,0,30,,1023,3,0,7 8,0,70,,1024,3,0,7 8,0,30,,1025,3,0,7 8,0,720,,1026,3,0,7 8,0,70,,1027,3,0,7 8,0,30,,1016,3,0,7 8,0,70,,1017,3,0,7 8,0,30,,1018,3,0,7 8,0,70,,1019,3,0,7 8,0
30400,'7f443a14596255477616',645,,1028,3,0,7 8,0
30401,'1c2e3625233d01453772',737,,1033,8,0,46 47 48,0,70,,1034,8,0,46 47 48,0,30,,1035,8,0,46 47 48,0,70,,1036,8,0,46 47 48,0,30,,1037,8,0,46 47 48,0,721,,1038,8,0,46 47 48,0,70,,1039,8,0,46 47 48,0,30,,1040,8,0,46 47 48,0,70,,1029,8,0,46 47 48,0,30,,1030,8,0,46 47 48,0,70,,1031,8,0,46 47 48,0,30,,1032,8,0,46 47 48,0
30401,'553d275f1455102c362a',1813,,1041,8,0,46 47 48,0
35300,'0a041e0d5834764b5d6a',635,,1198,1,0,7 8,0,590,,1199,1,0,7 8,0,520,,1200,1,0,7 8,0
35300,'6c79775968333e371768',625,,1640,1,0,7 8,0,600,,1641,1,0,7 8,0,520,,1642,1,0,7 8,0
35301,'0a041e0d5834764b5d6a',810,,1205,16,4,,0,610,,1201,16,4,,0,317,,1202,16,4,,0,90,,1206,16,4,,0,125,,1203,16,4,,0
35301,'145c255a11476c503429',815,,1643,16,4,,0,1012,,1644,16,4,,0
35301,'590e110a0c1c3c7c4941',1927,,1204,16,4,,0
35301,'6c79775968333e371768',1420,,1645,16,4,,0,317,,1646,16,4,,0,215,,1647,16,4,,0
35301,'784516016b486a280f43',1927,,1648,16,4,,0
35500,'1c2e3625233d01453772',900,,1217,1,0,9 26,0
35500,'4f0277002864772e6462',1140,,1223,1,0,9 26,0,490,,1222,1,0,9 26,0
35500,'7f443a14596255477616',625,,1226,1,0,9 10 11,0
35501,'1c2e3625233d01453772',1135,,1229,31,4,,0
35501,'4f0277002864772e6462',1625,,1236,31,4,,0
35501,'7f443a14596255477616',905,,1244,33,4,,0
