35801,'1c2e3625233d01453772',1916,,1359,34,0,91 92,0
35801,'1e10375f42313a246a18',1916,,481,34,0,91 92,0
35801,'1f5759673f12020b0a50',1456,,1360,34,0,91 92,0,452,,1361,34,0,91 92,0
35801,'2173665b1e6d5b0e5d56',1456,,475,34,0,91 92,0,452,,476,34,0,91 92,0
35801,'3823594e52252d7f6b14',1046,,1362,34,0,91 92,0,807,,1363,34,0,91 92,0
35801,'494a652c1e455e3d7c72',1341,,1364,34,0,91 92,0
35801,'4f0277002864772e6462',1000,,1365,34,0,91 92,0,816,,1366,34,0,93 94 95,0
35801,'614f756f5f66407a564d',1000,,482,34,0,91 92,0,816,,483,34,0,93 94 95,0
35801,'657c421e081b56557239',1046,,477,34,0,91 92,0,807,,478,34,0,91 92,0
35801,'7f443a14596255477616',1840,,1367,34,0,91 92,0
