35701,'02070559307629202a09',844,,445,22,0,12 13 14,0
35701,'0d4e3278231744213640',1822,,1326,22,0,12 13 14,0
35701,'1a20552b5a400f716a1b',1944,,446,22,0,12 13 14,0
35701,'1c2e3625233d01453772',1334,,1330,22,0,12 13 14,0,290,,1327,22,0,12 13 14,0,98,,1328,22,0,12 13 14,0,283,,1329,22,0,12 13 14,0
35701,'220e7e723c71704c1463',929,,448,22,0,15 16 17,0,888,,447,22,0,12 13 14,0
35701,'295d5e0567072f655d20',1102,,449,22,0,15 16 17,0
35701,'2a08755845643968295b',819,,452,22,0,12 13 14,0,385,,453,22,0,15 16 17,0,538,,450,22,0,12 13 14,0,112,,451,22,0,12 13 14,0
35701,'2a5b3362091f52630354',829,,457,22,0,12 18 19,0,105,,458,22,0,12 13 14,0,270,,459,22,0,12 13 14,0,543,,454,22,0,12 13 14,0,75,,455,22,0,12 13 14,0,79,,456,22,0,12 13 14,0
35701,'320823102b697f311363',844,,1331,22,0,12 13 14,0
35701,'332311354b01253e3615',852,,1332,22,0,12 18 19,0
35701,'3823594e52252d7f6b14',1944,,1333,22,0,12 13 14,0
35701,'494a652c1e455e3d7c72',934,,1334,22,0,12 13 14,0,270,,1335,22,0,12 13 14,0
35701,'4d7a6615443531084902',1334,,463,22,0,12 13 14,0,290,,460,22,0,12 13 14,0,98,,461,22,0,12 13 14,0,283,,462,22,0,12 13 14,0
35701,'59445e7d50034e156e11',1817,,1336,22,0,12 13 14,0
35701,'59737b0d0f044b52693e',819,,1339,22,0,12 13 14,0,923,,1337,22,0,12 13 14,0,112,,1338,22,0,12 13 14,0
35701,'61121d2d1b1669750837',1102,,1340,22,0,12 13 14,0
35701,'634b592b186b573b6758',1102,,1341,22,0,15 16 17,0
35701,'6d0c424c36686c087407',929,,1342,22,0,15 16 17,0
35701,'7c40501f37807a467b28',1204,,1343,22,0,15 16 17,0
35701,'7f443a14596255477616',829,,1347,22,0,12 18 19,0,918,,1344,22,0,12 13 14,0,75,,1345,22,0,12 13 14,0,79,,1346,22,0,12 13 14,0
