35101,'02070559307629202a09',1901,,302,23,0,20 21 22,0
35101,'1a20552b5a400f716a1b',1016,,303,23,0,20 21 22,0
35101,'1f5759673f12020b0a50',1901,,1176,23,0,20 21 22,0
35101,'2a5b3362091f52630354',655,,307,23,0,23 24 18,0,148,,309,23,0,23 24 18,0,824,,304,23,0,23 25,0,201,,305,23,0,20 21 22,0,118,,306,23,0,20 21 22,0
35101,'2c295b0e5f4444502b59',1816,,310,23,0,20 21 22,0
35101,'31744f7e5638320a2d4c',1353,,1177,23,0,20 21 22,0
35101,'3823594e52252d7f6b14',1016,,1178,23,0,20 21 22,0
35101,'4f0277002864772e6462',931,,1179,23,0,20 21 22,0,380,,1180,23,0,20 21 22,0,190,,1181,23,0,20 21 22,0
35101,'52166b36781a3037644c',931,,312,23,0,20 21 22,0,380,,313,23,0,20 21 22,0,190,,314,23,0,20 21 22,0
35101,'725616403949496a5c67',1353,,315,23,0,20 21 22,0
35101,'7a7c2673351c18595c18',1816,,1182,23,0,20 21 22,0
35101,'7f443a14596255477616',655,,1186,23,0,23 24 18,0,148,,1188,23,0,23 24 18,0,824,,1183,23,0,23 25,0,201,,1184,23,0,20 21 22,0,118,,1185,23,0,20 21 22,0
