39700,'0a2f1e22095132130163',1621,,902,6,,,0
39700,'16096334352325192d1f',1426,,1622,12,,,0
39700,'1c2e3625233d01453772',838,,1623,12,,,0
39700,'2a08755845643968295b',733,,903,12,,,0
39700,'2a5b3362091f52630354',722,,904,12,,,0
39700,'2b037649673f32451d0b',928,,905,12,,,0
39700,'4d7a6615443531084902',838,,906,12,,,0
39700,'532f7e634a3b56246321',928,,1624,12,,,0
39700,'553d275f1455102c362a',1621,,1625,6,,,0
39700,'59737b0d0f044b52693e',733,,1626,12,,,0
39700,'69552d0660140f203513',1426,,907,12,,,0
39700,'7f443a14596255477616',722,,1627,12,,,0
