31900,'2a2423055d636f354b6d',1300,,1076,18,0,9 68 38,0
31900,'2f16807a52596335736c',642,,1073,17,0,9 68 38,0,83,,1074,18,0,9 68 38,0,117,,1075,17,0,9 68 38,0
35800,'1e386a27476c5b6e1461',658,,1356,22,0,9 10 11,0,60,,1357,21,0,9 10 11,0,195,,1358,21,0,9 10 11,0
35800,'1f5759673f12020b0a50',757,,1349,21,0,9 10 11,0,498,,1350,22,0,9 10 11,0
35800,'2a2423055d636f354b6d',1558,,1353,21,0,9 10 11,0
35800,'2f16807a52596335736c',1243,,1348,21,0,9 10 11,0
35800,'3823594e52252d7f6b14',857,,1351,21,0,9 10 11,0
35800,'59737b0d0f044b52693e',658,,1354,22,0,9 10 11,0
35800,'71472061383531535e0f',638,,1352,21,0,9 10 11,0
35800,'7a7c2673351c18595c18',1658,,1355,21,0,9 10 11,0
