31400,'3b0d0a205721144a1f02',900,,1058,21,4,,0
31401,'3b0d0a205721144a1f02',1200,,1059,1,,,0
31600,'3b0d0a205721144a1f02',1005,,1062,11,4,,0
31601,'3b0d0a205721144a1f02',1230,,1063,1,0,111 21,0
31700,'3b0d0a205721144a1f02',1000,,1064,12,4,,0
31701,'3b0d0a205721144a1f02',1200,,1065,2,0,154 155 156,0
34200,'1e386a27476c5b6e1461',741,,1090,18,0,65 18 140,0
34200,'2a2423055d636f354b6d',1431,,1088,19,0,65 18 140,0
34200,'2f16807a52596335736c',821,,1087,19,0,65 18 140,0
34200,'59737b0d0f044b52693e',746,,1089,19,0,65 18 140,0
34201,'1e386a27476c5b6e1461',1722,,1093,5,0,135 25,0
34201,'1f5759673f12020b0a50',1722,,1638,5,0,135 25,0
34201,'2f16807a52596335736c',1237,,1091,5,0,135 25,0,575,,1637,5,0,135 25,0
34201,'59737b0d0f044b52693e',1722,,1639,5,0,135 25,0
34400,'1e386a27476c5b6e1461',743,,1099,16,0,65 18 140,0
34400,'532f7e634a3b56246321',940,,1097,16,4,,0
34400,'7061714f794c79290d6c',940,,1095,16,4,,0
34401,'1e7832711c690d2e452a',1724,,1107,5,0,132 117,0
34401,'31744f7e5638320a2d4c',1237,,1104,5,0,132 117,0
34401,'532f7e634a3b56246321',1230,,1106,1,0,132 117,0
34401,'7061714f794c79290d6c',1500,,1103,1,0,132 117,0
37900,'16096334352325192d1f',1440,,1503,24,4,,0
37900,'1e386a27476c5b6e1461',750,,1508,24,4,,0,5,,1509,28,4,,0
37900,'1f5759673f12020b0a50',855,,1504,24,4,,0
37900,'532f7e634a3b56246321',1005,,1505,9,4,,0
37900,'59737b0d0f044b52693e',855,,1506,24,4,,0
37901,'16096334352325192d1f',1225,,1510,4,0,126 47 48,0
37901,'1e7832711c690d2e452a',1708,,1516,4,0,114 115,0
37901,'2a2423055d636f354b6d',1708,,1513,4,0,126 47 48,0
37901,'31744f7e5638320a2d4c',1225,,1512,4,0,114 115,0
37901,'532f7e634a3b56246321',1215,,1514,1,0,123 124 125,0
39100,'1e386a27476c5b6e1461',745,,1580,11,,,0
39100,'2f16807a52596335736c',741,,1576,14,,,0,675,,1578,14,,,0
39101,'1e386a27476c5b6e1461',1724,,1587,5,,,0
39101,'2f16807a52596335736c',1827,,1581,2,,,0
39101,'532f7e634a3b56246321',1232,,1584,2,,,0
39101,'59737b0d0f044b52693e',1727,,1586,5,,,0
39101,'7061714f794c79290d6c',1239,,1582,5,,,0
39200,'2c5f74455e25454d432d',750,,1591,13,4,,0
39200,'35315f0c7e2102062569',1735,,1588,13,4,,0
39200,'3a3f4e3d72733e4d2177',1735,,1592,12,4,,0
39200,'3f242a2f47502e255740',720,,828,12,4,,0,105,,829,12,4,,0,525,,830,12,4,,0
39201,'0665296e7e807358130c',1147,,847,2,0,164,0,400,,849,2,0,164,0
39201,'2c5f74455e25454d432d',750,,1594,6,0,164,0,985,,1595,6,0,164,0
39201,'35315f0c7e2102062569',1243,,1593,6,0,164,0
39201,'3f242a2f47502e255740',1227,,845,2,0,164,0,488,,846,2,0,164,0,122,,844,2,0,164,0
39300,'1e386a27476c5b6e1461',731,,1597,23,0,167,0,5,,1598,7,0,167,0
39301,'1e7832711c690d2e452a',1728,,1601,6,0,168,0
39301,'31744f7e5638320a2d4c',1243,,1599,6,0,168,0
39400,'3f242a2f47502e255740',814,,1604,41,,,0,390,,1605,41,,,0,515,,1606,41,,,0
39400,'79634f716a31375a174a',949,,1609,41,,,0,680,,1610,41,,,0
39401,'2c5f74455e25454d432d',718,,1613,2,,,0
39501,'3f242a2f47502e255740',910,,1619,3,0,163,0,495,,1620,3,0,163,0,405,,1621,3,0,163,0
39700,'16096334352325192d1f',1450,,1622,18,4,,0
39700,'1e386a27476c5b6e1461',750,,1627,18,4,,0
39700,'1e7832711c690d2e452a',1645,,1625,12,4,,0
39700,'2f16807a52596335736c',855,,1623,16,4,,0
39700,'532f7e634a3b56246321',945,,1624,16,4,,0
39700,'59737b0d0f044b52693e',750,,1626,16,4,,0
39701,'16096334352325192d1f',1227,,1628,4,,,0
39701,'1e386a27476c5b6e1461',813,,1632,4,,,0,899,,1633,4,,,0
39701,'2f16807a52596335736c',1805,,1629,2,,,0
39701,'532f7e634a3b56246321',1230,,1630,1,,,0
39701,'59737b0d0f044b52693e',1710,,1631,2,,,0
39800,'1e386a27476c5b6e1461',731,,1634,21,,,0
39801,'1e7832711c690d2e452a',1734,,1636,6,,,0
39801,'31744f7e5638320a2d4c',1243,,1635,6,,,0
