32401,'2c5f74455e25454d432d',1324,,1082,3,0,90 25,0
32401,'3f242a2f47502e255740',1849,,158,3,0,90 25,0
36001,'114a44065a5209536517',814,,549,3,0,53 21 54,0,615,,550,3,0,53 21 54,0
36001,'3f242a2f47502e255740',1654,,545,3,0,53 21 54,0,100,,546,3,0,53 21 54,0,205,,547,3,0,53 21 54,0
36001,'3f4d67570e29103a1e70',1114,,538,3,0,127 25,0,805,,539,3,0,127 25,0
36001,'79634f716a31375a174a',1919,,548,3,0,53 21 54,0
36401,'114a44065a5209536517',1226,,635,3,0,31 32,0,603,,636,3,0,31 32,0
36401,'3f242a2f47502e255740',819,,631,3,0,31 32,0,100,,632,3,0,31 32,0,810,,633,3,0,31 32,0,200,,634,3,0,31 32,0
36401,'3f4d67570e29103a1e70',1749,,620,3,0,31 32,0
36401,'4a0603184e160563480a',1026,,621,3,0,31 32,0,593,,622,3,0,31 32,0
