35701,'02070559307629202a09',835,,445,16,0,12 13 14,0
35701,'0d4e3278231744213640',1808,,1326,16,0,12 13 14,0
35701,'1a20552b5a400f716a1b',1936,,446,16,0,12 13 14,0
35701,'1c2e3625233d01453772',1324,,1330,16,0,12 13 14,0,290,,1327,16,0,12 13 14,0,94,,1328,16,0,12 13 14,0,246,,1329,16,0,12 13 14,0
35701,'220e7e723c71704c1463',921,,448,16,0,15 16 17,0,883,,447,16,0,12 13 14,0
35701,'295d5e0567072f655d20',1051,,449,16,0,15 16 17,0
35701,'2a08755845643968295b',809,,452,16,0,12 13 14,0,345,,453,16,0,15 16 17,0,573,,450,16,0,12 13 14,0,117,,451,16,0,12 13 14,0
35701,'2a5b3362091f52630354',818,,457,16,0,12 18 19,0,106,,458,16,0,12 13 14,0,230,,459,16,0,12 13 14,0,580,,454,16,0,12 13 14,0,74,,455,16,0,12 13 14,0,41,,456,16,0,12 13 14,0
35701,'320823102b697f311363',835,,1331,16,0,12 13 14,0
35701,'332311354b01253e3615',839,,1332,16,0,12 18 19,0
35701,'3823594e52252d7f6b14',1936,,1333,16,0,12 13 14,0
35701,'494a652c1e455e3d7c72',924,,1334,16,0,12 13 14,0,230,,1335,16,0,12 13 14,0
35701,'4d7a6615443531084902',1324,,463,16,0,12 13 14,0,290,,460,16,0,12 13 14,0,94,,461,16,0,12 13 14,0,246,,462,16,0,12 13 14,0
35701,'59445e7d50034e156e11',1804,,1336,16,0,12 13 14,0
35701,'59737b0d0f044b52693e',809,,1339,16,0,12 13 14,0,918,,1337,16,0,12 13 14,0,117,,1338,16,0,12 13 14,0
35701,'61121d2d1b1669750837',1051,,1340,16,0,12 13 14,0
35701,'634b592b186b573b6758',1051,,1341,16,0,15 16 17,0
35701,'6d0c424c36686c087407',921,,1342,16,0,15 16 17,0
35701,'7c40501f37807a467b28',1154,,1343,16,0,15 16 17,0
35701,'7f443a14596255477616',818,,1347,16,0,12 18 19,0,916,,1344,16,0,12 13 14,0,74,,1345,16,0,12 13 14,0,41,,1346,16,0,12 13 14,0
