32601,'2a5b3362091f52630354',1827,,186,12,0,78 45,0,95,,187,12,0,78 45,0
32601,'35315f0c7e2102062569',1248,,1084,12,0,78 45,0,153,,1085,9,0,78 45,0
32601,'3c046c2a04663d195765',1922,,188,12,0,78 45,0
32601,'4e3f30715c2160755238',1827,,1086,12,0,78 45,0
32601,'725616403949496a5c67',1248,,189,12,0,78 45,0,153,,190,9,0,78 45,0
36200,'02070559307629202a09',850,,573,1,0,9 10 11,0,262,,574,1,0,9 10 11,0
36200,'1c2e3625233d01453772',622,,1374,2,0,9 10 11,0,100,,1375,2,0,9 10 11,0,390,,1376,2,0,9 10 11,0,588,,1373,1,0,9 10 11,0
36200,'1f5759673f12020b0a50',850,,1377,1,0,9 10 11,0,262,,1378,1,0,9 10 11,0
36200,'2a5b3362091f52630354',650,,575,1,0,9 10 11,0,200,,576,1,0,9 10 11,0,750,,578,1,0,9 10 11,0
36200,'4d7a6615443531084902',622,,580,2,0,9 10 11,0,100,,581,2,0,9 10 11,0,390,,582,2,0,9 10 11,0,588,,579,1,0,9 10 11,0
36200,'7f443a14596255477616',650,,1379,1,0,9 10 11,0,200,,1380,1,0,9 10 11,0,750,,1382,1,0,9 10 11,0
