35100,'136e6b484c454e417465',906,,290,25,0,9 10 11,0,748,,289,25,0,9 10 11,0
35100,'1f5759673f12020b0a50',824,,1159,25,0,9 10 11,0,332,,1160,25,0,9 10 11,0
35100,'31744f7e5638320a2d4c',1231,,1163,13,0,9 10 11,0,8,,1161,21,0,9 10 11,0
35100,'3823594e52252d7f6b14',906,,1165,25,0,9 10 11,0,748,,1164,25,0,9 10 11,0
35100,'3a511f30370a721b2433',824,,285,25,0,9 10 11,0,332,,286,25,0,9 10 11,0
35100,'4f0277002864772e6462',1111,,1168,25,0,9 10 11,0,227,,1166,25,0,9 10 11,0,110,,1167,25,0,9 10 11,0
35100,'553d275f1455102c362a',1832,,1169,21,0,9 10 11,0
35100,'59737b0d0f044b52693e',1156,,1171,25,0,9 10 11,0
35100,'69181125652d7e4d6a80',1156,,291,25,0,9 10 11,0
35100,'702c275e051204394d01',1111,,298,25,0,9 10 11,0,227,,296,25,0,9 10 11,0,110,,297,25,0,9 10 11,0
35100,'7f443a14596255477616',641,,1172,25,0,9 10 11,0,66,,1173,33,0,9 10 11,0,222,,1174,21,0,9 10 11,0
