35300,'0a041e0d5834764b5d6a',659,,1198,9,0,7 8,0,590,,1199,9,0,7 8,0,558,,1200,9,0,7 8,0
35300,'6c79775968333e371768',649,,1640,9,0,7 8,0,600,,1641,9,0,7 8,0,558,,1642,9,0,7 8,0
35500,'033e170961301f7a0308',811,,1649,24,0,9 26,0
35500,'055e00325b240c7d4777',926,,1220,24,0,9 10 11,0,715,,1219,24,0,9 10 11,0
35500,'126535785649426e467c',655,,1650,14,0,9 10 11,0,53,,1651,24,0,9 10 11,0,107,,1652,3,0,9 26,0
35500,'210a7c3e60384f725e7c',926,,1654,24,0,9 10 11,0,715,,1653,24,0,9 10 11,0
35500,'4f67586f291357636e2f',1205,,1657,14,0,9 26,0,110,,1658,24,0,9 26,0,118,,1655,3,0,9 26,0,222,,1656,14,0,9 26,0
35500,'566406012b1e7e430018',925,,1659,14,0,9 26,0
35500,'59737b0d0f044b52693e',726,,1660,24,0,9 10 11,0
35500,'5d5f40704724192d5825',655,,1226,14,0,9 10 11,0,68,,1227,24,0,9 10 11,0,92,,1228,3,0,9 26,0,110,,1217,14,0,9 26,0
35500,'723148100c272b183b65',811,,1218,24,0,9 26,0
35500,'7360781f782d14543c3f',1205,,1223,14,0,9 26,0,110,,1224,24,0,9 26,0,118,,1221,3,0,9 26,0,222,,1222,14,0,9 26,0
