35600,'055e00325b240c7d4777',1111,,381,28,0,9 10 11,0,800,,382,28,0,9 10 11,0
35600,'0a3c663a7d504d200835',1606,,1245,25,0,9 10 11,0,15,,1246,26,0,9 10 11,0
35600,'0d7c5c285a59412d315b',1811,,1247,24,0,9 10 11,0
35600,'112a0b7f332a564f1678',1246,,1248,24,0,9 10 11,0
35600,'1a223768176411647430',1816,,1250,24,0,9 10 11,0
35600,'1e386a27476c5b6e1461',646,,1273,24,0,9 10 11,0,85,,1274,24,0,9 10 11,0,70,,1275,24,0,9 10 11,0,920,,1271,25,0,9 10 11,0,134,,1272,25,0,9 10 11,0
35600,'1e7832711c690d2e452a',1816,,1257,25,0,9 10 11,0,5,,1258,25,0,9 10 11,0
35600,'1f5759673f12020b0a50',646,,1253,24,0,9 10 11,0
35600,'2943795d360756687162',1456,,1249,24,0,9 10 11,0
35600,'2a2423055d636f354b6d',846,,1256,24,0,9 10 11,0
35600,'2a6804265d6c7a6d704c',1246,,1268,24,0,9 10 11,0
35600,'2f16807a52596335736c',626,,1252,24,0,9 10 11,0,320,,1251,24,0,9 10 11,0
35600,'31744f7e5638320a2d4c',1246,,1254,25,0,9 10 11,0,5,,1255,25,0,9 10 11,0
35600,'56061576073054406d39',1816,,1259,24,0,9 10 11,0
35600,'59737b0d0f044b52693e',646,,1261,24,0,9 10 11,0,80,,1262,24,0,9 10 11,0,30,,1263,24,0,9 10 11,0,960,,1260,24,0,9 10 11,0
35600,'61121d2d1b1669750837',1111,,1264,24,0,9 10 11,0,800,,1265,24,0,9 10 11,0
35600,'634b592b186b573b6758',1111,,1266,28,0,9 10 11,0,800,,1267,28,0,9 10 11,0
35600,'6d0c424c36686c087407',1456,,1269,28,0,9 10 11,0,360,,1270,28,0,9 10 11,0
