39700,'0a2f1e22095132130163',1611,,902,2,,,0
39700,'16096334352325192d1f',1416,,1622,8,,,0
39700,'1c2e3625233d01453772',829,,1623,8,,,0
39700,'2a08755845643968295b',723,,903,8,,,0
39700,'2a5b3362091f52630354',712,,904,8,,,0
39700,'2b037649673f32451d0b',918,,905,8,,,0
39700,'4d7a6615443531084902',829,,906,8,,,0
39700,'532f7e634a3b56246321',917,,1624,8,,,0
39700,'553d275f1455102c362a',1611,,1625,2,,,0
39700,'59737b0d0f044b52693e',722,,1626,8,,,0
39700,'69552d0660140f203513',1416,,907,8,,,0
39700,'7f443a14596255477616',712,,1627,8,,,0
