35601,'055e00325b240c7d4777',945,,407,42,0,15 16 17,0,802,,408,42,0,15 16 17,0
35601,'075f4276790e1e273655',1447,,1276,42,0,15 16 17,0
35601,'0a3c663a7d504d200835',1602,,1277,42,0,12 13 14,0
35601,'184134507f4517151633',857,,1279,42,0,12 13 14,0
35601,'1e386a27476c5b6e1461',707,,1304,3,0,12 13 14,0,196,,1306,42,0,12 13 14,0,834,,1302,42,0,12 13 14,0,80,,1303,42,0,12 13 14,0
35601,'1f5759673f12020b0a50',717,,1284,42,0,12 13 14,0
35601,'2943795d360756687162',1317,,1278,42,0,12 13 14,0
35601,'2a2423055d636f354b6d',2002,,1289,42,0,12 13 14,0
35601,'2f16807a52596335736c',1117,,1280,42,0,12 13 14,0,330,,1281,42,0,12 13 14,0,100,,1282,42,0,12 13 14,0,390,,1283,42,0,12 13 14,0
35601,'320823102b697f311363',1447,,1285,42,0,12 13 14,0
35601,'321e5f70685c1473436a',1857,,1287,42,0,12 13 14,0
35601,'332311354b01253e3615',932,,1286,42,0,12 13 14,0
35601,'59445e7d50034e156e11',1847,,1290,42,0,12 13 14,0
35601,'59737b0d0f044b52693e',717,,1293,42,0,12 13 14,0,1010,,1291,42,0,12 13 14,0,80,,1292,42,0,12 13 14,0
35601,'61121d2d1b1669750837',945,,1294,42,0,12 13 14,0,802,,1295,42,0,12 13 14,0
35601,'634b592b186b573b6758',945,,1296,42,0,15 16 17,0,802,,1297,42,0,15 16 17,0
35601,'6d0c424c36686c087407',902,,1299,42,0,15 16 17,0,415,,1298,42,0,15 16 17,0
35601,'71472061383531535e0f',1647,,1288,42,0,12 13 14,0
35601,'7c40501f37807a467b28',1647,,1300,42,0,15 16 17,0
