39700,'16096334352325192d1f',1405,,1622,5,,,0
39700,'1c2e3625233d01453772',821,,1623,5,,,0
39700,'1c6b260d7b7104763d5b',908,,905,5,,,0
39700,'3a18561c2f3952270660',1405,,907,5,,,0
39700,'532f7e634a3b56246321',908,,1624,5,,,0
39700,'59737b0d0f044b52693e',713,,1626,5,,,0
39700,'5a622e2f735638475e4f',713,,903,5,,,0
39700,'5f3a5d635165645c1e2c',821,,906,5,,,0
39700,'7f443a14596255477616',658,,1627,5,,,0
39701,'16096334352325192d1f',1312,,1628,15,,,0
39701,'1c2e3625233d01453772',1840,,1629,12,,,0
39701,'1c6b260d7b7104763d5b',1304,,911,11,,,0
39701,'3a18561c2f3952270660',1312,,913,16,,,0
39701,'532f7e634a3b56246321',1304,,1630,11,,,0
39701,'59737b0d0f044b52693e',1744,,1631,12,,,0
39701,'5a622e2f735638475e4f',1744,,908,12,,,0
39701,'5f3a5d635165645c1e2c',1840,,912,12,,,0
39701,'7f443a14596255477616',1800,,1633,15,,,0
