35600,'02070559307629202a09',643,,373,19,0,9 10 11,0
35600,'0a2f1e22095132130163',1813,,374,20,0,9 10 11,0,5,,375,20,0,9 10 11,0
35600,'0a3c663a7d504d200835',1603,,1245,20,0,9 10 11,0,15,,1246,21,0,9 10 11,0
35600,'0d7c5c285a59412d315b',1808,,1247,19,0,9 10 11,0
35600,'112a0b7f332a564f1678',1243,,1248,19,0,9 10 11,0
35600,'14187635613e43612170',1453,,1249,19,0,9 10 11,0
35600,'1a223768176411647430',1813,,1250,19,0,9 10 11,0
35600,'1c2e3625233d01453772',623,,1252,19,0,9 10 11,0,320,,1251,19,0,9 10 11,0
35600,'1c42311e025d3b40504f',1718,,376,20,0,9 10 11,0
35600,'1f5759673f12020b0a50',643,,1253,19,0,9 10 11,0
35600,'200a2d69427732221f48',1243,,377,19,0,9 10 11,0
35600,'220e7e723c71704c1463',1453,,378,23,0,9 10 11,0,370,,379,23,0,9 10 11,0
35600,'2752046f425a49721d09',1243,,380,19,0,9 10 11,0
35600,'295d5e0567072f655d20',1108,,381,23,0,9 10 11,0,800,,382,23,0,9 10 11,0
35600,'2a08755845643968295b',643,,384,19,0,9 10 11,0,80,,385,19,0,9 10 11,0,30,,386,19,0,9 10 11,0,960,,383,19,0,9 10 11,0
35600,'2a5b3362091f52630354',643,,389,19,0,9 10 11,0,83,,390,19,0,9 10 11,0,30,,391,19,0,9 10 11,0,697,,387,19,0,9 10 11,0,399,,388,20,0,9 10 11,0
35600,'31744f7e5638320a2d4c',1243,,1254,20,0,9 10 11,0,5,,1255,20,0,9 10 11,0
35600,'4d7a6615443531084902',623,,393,19,0,9 10 11,0,320,,392,19,0,9 10 11,0
35600,'4f0277002864772e6462',843,,1256,19,0,9 10 11,0
35600,'52166b36781a3037644c',843,,394,19,0,9 10 11,0
35600,'553d275f1455102c362a',1813,,1257,20,0,9 10 11,0,5,,1258,20,0,9 10 11,0
35600,'56061576073054406d39',1813,,1259,19,0,9 10 11,0
35600,'59737b0d0f044b52693e',643,,1261,19,0,9 10 11,0,80,,1262,19,0,9 10 11,0,30,,1263,19,0,9 10 11,0,960,,1260,19,0,9 10 11,0
35600,'61121d2d1b1669750837',1107,,1264,19,0,9 10 11,0,800,,1265,19,0,9 10 11,0
35600,'634b592b186b573b6758',1107,,1266,23,0,9 10 11,0,800,,1267,23,0,9 10 11,0
35600,'693b6416011017175f3d',1603,,395,20,0,9 10 11,0,15,,396,21,0,9 10 11,0,100,,397,21,0,9 10 11,0
35600,'6a233617047119584137',1243,,1268,19,0,9 10 11,0
35600,'6d0c424c36686c087407',1453,,1269,23,0,9 10 11,0,360,,1270,23,0,9 10 11,0
35600,'725616403949496a5c67',1243,,398,20,0,9 10 11,0,5,,399,20,0,9 10 11,0,565,,401,19,0,9 10 11,0
35600,'7f443a14596255477616',643,,1273,19,0,9 10 11,0,83,,1274,19,0,9 10 11,0,30,,1275,19,0,9 10 11,0,962,,1271,20,0,9 10 11,0,134,,1272,20,0,9 10 11,0
