35801,'136e6b484c454e417465',1051,,477,40,0,91 92,0,851,,478,40,0,91 92,0
35801,'1c2e3625233d01453772',1923,,1359,40,0,91 92,0
35801,'1f5759673f12020b0a50',1503,,1360,40,0,91 92,0,414,,1361,40,0,91 92,0
35801,'3823594e52252d7f6b14',1051,,1362,40,0,91 92,0,851,,1363,40,0,91 92,0
35801,'3a511f30370a721b2433',1503,,475,40,0,91 92,0,414,,476,40,0,91 92,0
35801,'494a652c1e455e3d7c72',1348,,1364,40,0,91 92,0
35801,'4f0277002864772e6462',1005,,1365,40,0,91 92,0,817,,1366,40,0,93 94 95,0
35801,'69181125652d7e4d6a80',1923,,481,40,0,91 92,0
35801,'702c275e051204394d01',1005,,482,40,0,91 92,0,817,,483,40,0,93 94 95,0
35801,'7f443a14596255477616',1847,,1367,40,0,91 92,0
