31400,'2b037649673f32451d0b',840,,126,18,,,0
31400,'3b0d0a205721144a1f02',840,,1058,18,,,0
37900,'02070559307629202a09',827,,732,17,0,65 66 67,0
37900,'16096334352325192d1f',1415,,1503,17,0,65 66 67,0
37900,'1f5759673f12020b0a50',830,,1504,17,0,65 66 67,0
37900,'2a08755845643968295b',827,,733,17,0,65 66 67,0
37900,'2a5b3362091f52630354',716,,735,17,0,65 66 67,0,5,,736,22,0,65 66 67,0
37900,'2b037649673f32451d0b',938,,737,3,0,65 66 67,0
37900,'532f7e634a3b56246321',939,,1505,3,0,65 66 67,0
37900,'59737b0d0f044b52693e',830,,1506,17,0,65 66 67,0
37900,'69552d0660140f203513',1412,,738,17,0,65 66 67,0
37900,'7f443a14596255477616',719,,1508,17,0,65 66 67,0,5,,1509,21,0,65 66 67,0
