35801,'182e1170551a4b4f4917',1049,,477,37,0,91 92,0,810,,478,37,0,91 92,0
35801,'1c2e3625233d01453772',1920,,1359,37,0,91 92,0
35801,'1f5759673f12020b0a50',1501,,1360,37,0,91 92,0,413,,1361,37,0,91 92,0
35801,'2829557e4e6662246775',1920,,481,37,0,91 92,0
35801,'30275c4a4d721d220170',1002,,482,37,0,91 92,0,818,,483,37,0,93 94 95,0
35801,'3823594e52252d7f6b14',1049,,1362,37,0,91 92,0,810,,1363,37,0,91 92,0
35801,'494a652c1e455e3d7c72',1346,,1364,37,0,91 92,0
35801,'4f0277002864772e6462',1002,,1365,37,0,91 92,0,818,,1366,37,0,93 94 95,0
35801,'7e6273386a42064a2f0b',1501,,475,37,0,91 92,0,413,,476,37,0,91 92,0
35801,'7f443a14596255477616',1845,,1367,37,0,91 92,0
