35101,'1f5759673f12020b0a50',1945,,1176,50,0,20 21 22,0
35101,'31744f7e5638320a2d4c',1445,,1177,59,0,20 21 22,0
35101,'3823594e52252d7f6b14',1100,,1178,50,0,20 21 22,0
35101,'4f0277002864772e6462',1015,,1179,50,0,20 21 22,0,340,,1180,50,0,20 21 22,0,190,,1181,50,0,20 21 22,0
35101,'7a7c2673351c18595c18',1900,,1182,50,0,20 21 22,0
35101,'7f443a14596255477616',1921,,1184,59,0,20 21 22,0,109,,1185,50,0,20 21 22,0
35501,'033e170961301f7a0308',1008,,1662,38,0,20 21 22,0,345,,1663,38,0,20 21 22,0,370,,1661,38,0,20 21 22,0
35501,'055e00325b240c7d4777',1148,,1235,40,0,20 21 22,0,755,,1234,40,0,20 21 22,0
35501,'126535785649426e467c',1727,,1664,38,0,20 21 22,0,180,,1665,38,0,20 21 22,0
35501,'191b086669276f0a2c02',1402,,1239,38,0,20 21 22,0
35501,'210a7c3e60384f725e7c',1148,,1668,40,0,20 21 22,0,755,,1667,40,0,20 21 22,0
35501,'371d2f0f7337032c2b25',1407,,1233,38,0,20 21 22,0
35501,'3a3841530321505b7b18',1402,,1669,38,0,20 21 22,0
35501,'4f67586f291357636e2f',2003,,1671,40,0,20 21 22,0
35501,'59737b0d0f044b52693e',1403,,1675,38,0,20 21 22,0,320,,1674,38,0,20 21 22,0
35501,'5d21673510580b5d6c6e',1407,,1676,38,0,20 21 22,0
35501,'5d5f40704724192d5825',1727,,1242,38,0,20 21 22,0,175,,1243,38,0,20 21 22,0
35501,'723148100c272b183b65',1008,,1231,38,0,20 21 22,0,345,,1232,38,0,20 21 22,0,370,,1230,38,0,20 21 22,0
35501,'7360781f782d14543c3f',2003,,1237,40,0,20 21 22,0
