36500,'0a2f1e22095132130163',1630,,639,1,0,9 10 11,0
36500,'1c2e3625233d01453772',655,,1405,19,4,,0,45,,1406,1,0,9 10 11,0
36500,'1c486c5002601c4a534a',1640,,1407,1,0,9 10 11,0
36500,'2a5b3362091f52630354',610,,642,1,0,9 10 11,0
36500,'494a652c1e455e3d7c72',610,,1414,1,0,9 10 11,0
36500,'4d7a6615443531084902',655,,647,19,4,,0,45,,648,1,0,9 10 11,0
36500,'553d275f1455102c362a',1630,,1416,1,0,9 10 11,0
36500,'756c797a51436f4d0414',1640,,650,1,0,9 10 11,0
36501,'1c2e3625233d01453772',2000,,1424,1,0,132 117,0
36501,'2a08755845643968295b',1840,,655,44,4,,0
36501,'2a5b3362091f52630354',1845,,657,44,4,,0
36501,'2c14404d6d61074b6d28',1030,,1426,41,4,,0
36501,'4d7a6615443531084902',2000,,662,1,0,132 117,0
36501,'4e205279023a3e102c72',1030,,663,44,4,,0
36501,'59737b0d0f044b52693e',1840,,1431,44,4,,0
36501,'69657d056e34304a6e14',1033,,1432,44,4,,0
36501,'7b6f6f4a0e36407a261f',1030,,666,41,4,,0
36501,'7f443a14596255477616',1850,,1435,44,4,,0
