31801,'2a2423055d636f354b6d',1748,,1072,8,0,74 21,0
31801,'2f16807a52596335736c',1304,,1070,8,0,74 21,0,529,,1071,8,0,74 21,0
31901,'2a2423055d636f354b6d',1753,,1080,8,0,69 70 71,0
31901,'2f16807a52596335736c',1401,,1077,8,0,69 70 71,0,218,,1078,8,0,69 70 71,0,208,,1079,8,0,69 70 71,0
35801,'1e386a27476c5b6e1461',1803,,1367,14,0,91 92,0
35801,'1f5759673f12020b0a50',1429,,1360,14,0,91 92,0,410,,1361,14,0,91 92,0
35801,'2a2423055d636f354b6d',929,,1365,14,0,91 92,0,808,,1366,14,0,93 94 95,0
35801,'2f16807a52596335736c',1843,,1359,14,0,91 92,0
35801,'3823594e52252d7f6b14',1020,,1362,14,0,91 92,0,810,,1363,14,0,91 92,0
35801,'71472061383531535e0f',1313,,1364,14,0,91 92,0
