36500,'0e5131610429337c0530',923,,1403,11,0,9 10 11,0
36500,'1c486c5002601c4a534a',1703,,1407,10,0,9 10 11,0
36500,'1e386a27476c5b6e1461',751,,1419,25,0,9 10 11,0,659,,1418,25,0,9 10 11,0
36500,'1e7832711c690d2e452a',1659,,1416,11,0,9 10 11,0
36500,'1f5759673f12020b0a50',745,,1408,24,0,9 10 11,0
36500,'2a2423055d636f354b6d',1809,,1415,25,0,9 10 11,0
36500,'2c14404d6d61074b6d28',1235,,1409,24,0,9 10 11,0
36500,'2f16807a52596335736c',644,,1404,25,0,9 10 11,0,79,,1406,10,0,9 10 11,0
36500,'2f6b6069415f08614303',1235,,1410,25,0,9 10 11,0
36500,'31744f7e5638320a2d4c',1322,,1411,7,0,9 10 11,0
36500,'3823594e52252d7f6b14',954,,1413,25,0,9 10 11,0,853,,1412,25,0,9 10 11,0
36500,'3c550d10735a472e4755',925,,1417,12,0,9 10 11,0
36500,'71472061383531535e0f',630,,1414,10,0,9 10 11,0
