31701,'3b0d0a205721144a1f02',1150,,1065,1,0,154 155 156,0
34200,'1e386a27476c5b6e1461',738,,1090,17,0,65 18 140,0
34200,'2a2423055d636f354b6d',1428,,1088,18,0,65 18 140,0
34200,'2f16807a52596335736c',818,,1087,18,0,65 18 140,0
34200,'59737b0d0f044b52693e',743,,1089,18,0,65 18 140,0
34201,'1e386a27476c5b6e1461',1720,,1093,4,0,135 25,0
34201,'1f5759673f12020b0a50',1720,,1638,4,0,135 25,0
34201,'2f16807a52596335736c',1235,,1091,4,0,135 25,0,575,,1637,4,0,135 25,0
34201,'59737b0d0f044b52693e',1720,,1639,4,0,135 25,0
34400,'1e386a27476c5b6e1461',740,,1099,15,0,65 18 140,0
34401,'1e7832711c690d2e452a',1721,,1107,4,0,132 117,0
34401,'31744f7e5638320a2d4c',1235,,1104,4,0,132 117,0
34401,'532f7e634a3b56246321',1232,,1106,2,0,132 117,0
37900,'16096334352325192d1f',1437,,1503,23,0,65 66 67,0
37900,'1e386a27476c5b6e1461',745,,1508,23,0,65 66 67,0,7,,1509,27,0,65 66 67,0
37900,'1f5759673f12020b0a50',852,,1504,23,0,65 66 67,0
37900,'532f7e634a3b56246321',1000,,1505,8,0,65 66 67,0
37900,'59737b0d0f044b52693e',852,,1506,23,0,65 66 67,0
37901,'16096334352325192d1f',1220,,1510,3,0,126 47 48,0
37901,'1e7832711c690d2e452a',1704,,1516,3,0,114 115,0
37901,'2a2423055d636f354b6d',1704,,1513,3,0,126 47 48,0
37901,'31744f7e5638320a2d4c',1220,,1512,3,0,114 115,0
39100,'1e386a27476c5b6e1461',742,,1580,10,,,0
39100,'2f16807a52596335736c',738,,1576,13,,,0,117,,1577,10,4,,0,558,,1578,13,,,0
39100,'532f7e634a3b56246321',950,,1579,13,4,,0
39101,'1e386a27476c5b6e1461',1721,,1587,4,,,0
39101,'2f16807a52596335736c',1825,,1581,1,,,0
39101,'532f7e634a3b56246321',1230,,1584,1,,,0
39101,'59737b0d0f044b52693e',1725,,1586,4,,,0
39101,'7061714f794c79290d6c',1236,,1582,4,,,0
39200,'0665296e7e807358130c',945,,832,10,4,,0
39200,'2c5f74455e25454d432d',747,,1591,12,0,165,0
39200,'35315f0c7e2102062569',1730,,1588,12,0,165,0
39200,'3a3f4e3d72733e4d2177',1730,,1592,11,0,165,0
39200,'3f242a2f47502e255740',715,,828,11,0,165,0,105,,829,11,0,165,0,525,,830,11,0,165,0
39201,'0665296e7e807358130c',1145,,847,1,0,164,0,400,,849,1,0,164,0
39201,'2c5f74455e25454d432d',747,,1594,5,0,164,0,983,,1595,5,0,164,0
39201,'35315f0c7e2102062569',1238,,1593,5,0,164,0
39201,'3f242a2f47502e255740',1225,,845,1,0,164,0,485,,846,1,0,164,0,125,,844,1,0,164,0
39300,'1e386a27476c5b6e1461',734,,1597,24,0,167,0,5,,1598,8,0,167,0
39301,'1e7832711c690d2e452a',1725,,1601,5,0,168,0
39301,'31744f7e5638320a2d4c',1240,,1599,5,0,168,0
39400,'35315f0c7e2102062569',1338,,1607,12,4,,0
39400,'3a3f4e3d72733e4d2177',1738,,1608,12,4,,0
39400,'3f242a2f47502e255740',815,,1604,42,4,,0,390,,1605,42,4,,0,515,,1606,42,4,,0
39400,'79634f716a31375a174a',950,,1609,42,4,,0,680,,1610,42,4,,0
39401,'114a44065a5209536517',1230,,1614,1,,,0
39401,'2c5f74455e25454d432d',715,,1613,1,,,0
39401,'3f242a2f47502e255740',840,,1611,1,,,0,890,,1612,1,,,0
39401,'79634f716a31375a174a',1640,,1615,1,,,0
39501,'3f242a2f47502e255740',907,,1619,2,0,163,0,495,,1620,2,0,163,0,405,,1621,2,0,163,0
39700,'16096334352325192d1f',1448,,1622,17,,,0
39700,'1e386a27476c5b6e1461',749,,1627,17,,,0
39700,'1e7832711c690d2e452a',1643,,1625,11,,,0
39700,'2f16807a52596335736c',854,,1623,15,,,0
39700,'532f7e634a3b56246321',944,,1624,15,,,0
39700,'59737b0d0f044b52693e',749,,1626,15,,,0
39701,'16096334352325192d1f',1222,,1628,3,,,0
39701,'1e386a27476c5b6e1461',810,,1632,3,,,0,897,,1633,3,,,0
39701,'2f16807a52596335736c',1800,,1629,1,,,0
39701,'59737b0d0f044b52693e',1705,,1631,1,,,0
39800,'1e386a27476c5b6e1461',735,,1634,22,,,0
39801,'1e7832711c690d2e452a',1731,,1636,5,,,0
39801,'31744f7e5638320a2d4c',1240,,1635,5,,,0
