36200,'1c2e3625233d01453772',705,,1374,16,0,9 10 11,0,110,,1375,16,0,9 10 11,0,342,,1376,16,0,9 10 11,0,591,,1373,15,0,9 10 11,0
36200,'1f5759673f12020b0a50',936,,1377,15,0,9 10 11,0,221,,1378,15,0,9 10 11,0
36200,'7f443a14596255477616',743,,1379,15,0,9 10 11,0,193,,1380,15,0,9 10 11,0,611,,1381,11,0,9 10 11,0,98,,1382,15,0,9 10 11,0
36201,'1c2e3625233d01453772',1313,,1383,14,0,87 89,0,297,,1384,14,0,85 92,0,105,,1385,14,0,87 89,0,100,,1386,14,0,87 88,0,98,,1387,14,0,87 89,0
36201,'1f5759673f12020b0a50',1640,,1389,14,0,87 88,0,273,,1388,14,0,87 88,0
36201,'7f443a14596255477616',913,,1390,14,0,87 88,0,727,,1391,14,0,85 92,0,105,,1392,14,0,87 88,0
36900,'1c2e3625233d01453772',732,,1437,18,0,9 10 11,0,170,,1438,17,0,9 10 11,0
36900,'1f5759673f12020b0a50',1048,,1439,18,0,9 10 11,0
36900,'3823594e52252d7f6b14',933,,1440,17,0,9 10 11,0,781,,1441,17,0,9 10 11,0
36900,'494a652c1e455e3d7c72',658,,1442,17,0,9 10 11,0
36901,'1c2e3625233d01453772',1835,,1443,14,0,128 129,0,75,,1444,14,0,128 129,0
36901,'1f5759673f12020b0a50',1646,,1445,14,0,128 129,0
36901,'3823594e52252d7f6b14',1050,,1446,14,0,130 131,0,785,,1447,14,0,130 131,0
36901,'494a652c1e455e3d7c72',1318,,1448,14,0,128 129,0
36901,'7f443a14596255477616',1644,,1449,14,0,128 129,0,102,,1450,14,0,130 131,0
37300,'1c2e3625233d01453772',722,,1451,22,0,9 10 11,0,889,,1452,22,0,9 10 11,0
37300,'1f5759673f12020b0a50',840,,1453,22,0,9 10 11,0
37300,'4f0277002864772e6462',1317,,1454,22,0,9 10 11,0
37300,'7f443a14596255477616',750,,1455,22,0,9 10 11,0,90,,1456,22,0,9 10 11,0
37301,'1c2e3625233d01453772',913,,1457,14,0,143 45,0,832,,1458,14,0,143 45,0
37301,'1f5759673f12020b0a50',1450,,1459,14,0,143 45,0
37301,'31744f7e5638320a2d4c',1315,,1460,14,0,143 45,0
37301,'4f0277002864772e6462',1838,,1461,14,0,143 45,0
37301,'7f443a14596255477616',1715,,1462,14,0,143 45,0
38800,'1c2e3625233d01453772',719,,1544,19,0,9 30,0,38,,1545,21,0,9 30,0,70,,1546,19,0,9 30,0,692,,1541,21,0,9 30,0,100,,1542,17,0,9 30,0,102,,1543,21,0,9 30,0
38800,'3823594e52252d7f6b14',1648,,1547,17,0,9 30,0
38800,'4f0277002864772e6462',1119,,1549,17,0,9 30,0,200,,1548,17,0,9 30,0
38800,'7a7c2673351c18595c18',848,,1550,17,0,9 30,0
38800,'7f443a14596255477616',647,,1553,17,0,9 30,0,90,,1554,17,4,,0,5,,1555,21,0,9 30,0,112,,1556,17,0,9 30,0,798,,1551,17,0,9 30,0,169,,1552,17,0,9 30,0
38801,'1c2e3625233d01453772',825,,1560,8,0,81 25,0,100,,1561,8,0,81 25,0,380,,1562,8,0,81 82,0,150,,1563,8,0,81 25,0,255,,1557,8,0,83 84,0,100,,1558,8,0,83 84,0,96,,1559,8,0,81 82,0
38801,'1f5759673f12020b0a50',1305,,1565,8,0,81 25,0,230,,1564,8,0,81 25,0
38801,'31744f7e5638320a2d4c',1310,,1566,1,0,81 25,0
38801,'3823594e52252d7f6b14',956,,1567,8,0,81 25,0
38801,'7a7c2673351c18595c18',1826,,1568,8,0,81 25,0
38801,'7f443a14596255477616',855,,1574,8,0,81 25,0,100,,1575,8,0,81 25,0,580,,1569,8,0,81 25,0,105,,1570,8,0,81 25,0,100,,1571,8,0,81 82,0,100,,1572,8,0,81 82,0,96,,1573,8,0,81 25,0
