31400,'2b037649673f32451d0b',814,,126,5,,,0
31400,'3b0d0a205721144a1f02',814,,1058,5,,,0
39700,'16096334352325192d1f',1403,,1622,3,,,0
39700,'1c2e3625233d01453772',819,,1623,3,,,0
39700,'2a08755845643968295b',709,,903,3,,,0
39700,'2a5b3362091f52630354',654,,904,3,,,0
39700,'2b037649673f32451d0b',904,,905,3,,,0
39700,'4d7a6615443531084902',819,,906,3,,,0
39700,'532f7e634a3b56246321',904,,1624,3,,,0
39700,'59737b0d0f044b52693e',709,,1626,3,,,0
39700,'69552d0660140f203513',1403,,907,3,,,0
39700,'7f443a14596255477616',654,,1627,3,,,0
