36200,'1e386a27476c5b6e1461',810,,1379,23,0,9 10 11,0,193,,1380,23,0,9 10 11,0,609,,1381,19,0,9 10 11,0,102,,1382,23,0,9 10 11,0
36200,'1f5759673f12020b0a50',1003,,1377,23,0,9 10 11,0,219,,1378,23,0,9 10 11,0
36200,'2f16807a52596335736c',732,,1374,24,0,9 10 11,0,112,,1375,24,0,9 10 11,0,378,,1376,24,0,9 10 11,0,594,,1373,23,0,9 10 11,0
36300,'1e386a27476c5b6e1461',712,,1397,28,0,9 10 11,0,288,,1398,25,0,9 10 11,0
36300,'1f5759673f12020b0a50',1332,,1394,28,0,9 10 11,0
36300,'2f16807a52596335736c',805,,1393,28,0,9 10 11,0
36300,'3c2a73256541336f410c',1332,,1395,28,0,9 10 11,0
36300,'59737b0d0f044b52693e',1800,,1396,25,0,9 10 11,0
36500,'0e5131610429337c0530',1018,,1403,40,0,9 10 11,0
36500,'1c486c5002601c4a534a',1806,,1407,39,0,9 10 11,0
36500,'1e386a27476c5b6e1461',905,,1419,54,0,9 10 11,0,601,,1418,54,0,9 10 11,0
36500,'1e7832711c690d2e452a',1807,,1416,40,0,9 10 11,0
36500,'1f5759673f12020b0a50',837,,1408,53,0,9 10 11,0
36500,'2a2423055d636f354b6d',1911,,1415,54,0,9 10 11,0
36500,'2c14404d6d61074b6d28',1332,,1409,53,0,9 10 11,0
36500,'2f16807a52596335736c',749,,1404,54,0,9 10 11,0,80,,1406,39,0,9 10 11,0
36500,'2f6b6069415f08614303',1332,,1410,54,0,9 10 11,0
36500,'31744f7e5638320a2d4c',1415,,1411,36,0,9 10 11,0
36500,'3823594e52252d7f6b14',1054,,1413,54,0,9 10 11,0,856,,1412,54,0,9 10 11,0
36500,'3c550d10735a472e4755',1022,,1417,41,0,9 10 11,0
36500,'71472061383531535e0f',727,,1414,39,0,9 10 11,0
36900,'1f5759673f12020b0a50',1110,,1439,26,0,9 10 11,0
36900,'2f16807a52596335736c',804,,1437,26,0,9 10 11,0,116,,1438,25,0,9 10 11,0
36900,'3823594e52252d7f6b14',952,,1440,25,0,9 10 11,0,785,,1441,25,0,9 10 11,0
36900,'71472061383531535e0f',720,,1442,25,0,9 10 11,0
37300,'1e386a27476c5b6e1461',817,,1455,30,0,9 10 11,0,90,,1456,30,0,9 10 11,0
37300,'1f5759673f12020b0a50',907,,1453,30,0,9 10 11,0
37300,'2a2423055d636f354b6d',1340,,1454,30,0,9 10 11,0
37300,'2f16807a52596335736c',750,,1451,30,0,9 10 11,0,884,,1452,30,0,9 10 11,0
