35501,'033e170961301f7a0308',859,,1662,9,0,20 21 22,0,393,,1663,9,0,20 21 22,0,362,,1661,9,0,20 21 22,0
35501,'055e00325b240c7d4777',1039,,1235,11,0,20 21 22,0,715,,1234,11,0,20 21 22,0
35501,'126535785649426e467c',825,,1666,11,0,49 50,0,794,,1664,9,0,20 21 22,0,181,,1665,9,0,20 21 22,0
35501,'191b086669276f0a2c02',1254,,1239,9,0,20 21 22,0
35501,'210a7c3e60384f725e7c',1039,,1668,11,0,20 21 22,0,715,,1667,11,0,20 21 22,0
35501,'371d2f0f7337032c2b25',1259,,1233,9,0,20 21 22,0
35501,'3a3841530321505b7b18',1254,,1669,9,0,20 21 22,0
35501,'4f67586f291357636e2f',1409,,1672,9,0,72 25,0,135,,1670,9,0,49 50,0,310,,1671,11,0,20 21 22,0
35501,'566406012b1e7e430018',1054,,1673,9,0,49 50,0
35501,'59737b0d0f044b52693e',1254,,1675,9,0,20 21 22,0,360,,1674,9,0,20 21 22,0
35501,'5d21673510580b5d6c6e',1259,,1676,9,0,20 21 22,0
35501,'5d5f40704724192d5825',825,,1244,11,0,49 50,0,229,,1229,9,0,49 50,0,565,,1242,9,0,20 21 22,0,136,,1243,9,0,20 21 22,0
35501,'723148100c272b183b65',859,,1231,9,0,20 21 22,0,393,,1232,9,0,20 21 22,0,362,,1230,9,0,20 21 22,0
35501,'7360781f782d14543c3f',1409,,1238,9,0,72 25,0,135,,1236,9,0,49 50,0,310,,1237,11,0,20 21 22,0
