34201,'1e386a27476c5b6e1461',1719,,1093,3,0,135 25,0
34201,'1f5759673f12020b0a50',1719,,1638,3,0,135 25,0
34201,'2f16807a52596335736c',1234,,1091,3,0,135 25,0,575,,1637,3,0,135 25,0
34201,'59737b0d0f044b52693e',1719,,1639,3,0,135 25,0
34401,'1e7832711c690d2e452a',1720,,1107,3,0,132 117,0
34401,'31744f7e5638320a2d4c',1234,,1104,3,0,132 117,0
37900,'532f7e634a3b56246321',959,,1505,7,0,65 66 67,0
39101,'1e386a27476c5b6e1461',1720,,1587,3,,,0
39101,'59737b0d0f044b52693e',1724,,1586,3,,,0
39101,'7061714f794c79290d6c',1235,,1582,3,,,0
