35000,'0a2f1e22095132130163',1710,,239,1,0,153 92,0
35000,'112a0b7f332a564f1678',1210,,1110,2,0,60 103 104,0
35000,'16096334352325192d1f',1710,,1111,2,0,60 103 104,0
35000,'1c486c5002601c4a534a',1710,,1116,2,0,60 103 104,0
35000,'2a5b3362091f52630354',755,,249,1,0,153 92,0
35000,'31744f7e5638320a2d4c',1210,,1119,1,0,153 92,0
35000,'495e5f3d32634b3b5042',1210,,1122,2,0,60 103 104,0
35000,'4d7a6615443531084902',1210,,251,2,0,60 103 104,0,500,,253,2,0,60 103 104,0
35000,'553d275f1455102c362a',1710,,1124,1,0,153 92,0
35000,'725616403949496a5c67',1210,,256,1,0,153 92,0
35000,'7f443a14596255477616',755,,1133,1,0,153 92,0
35001,'2a5b3362091f52630354',750,,270,7,4,,0
35001,'7f443a14596255477616',750,,1155,7,4,,0
