35601,'055e00325b240c7d4777',912,,407,12,0,15 16 17,0,804,,408,12,0,15 16 17,0
35601,'075f4276790e1e273655',1416,,1276,12,0,15 16 17,0
35601,'0a3c663a7d504d200835',1531,,1277,12,0,12 13 14,0
35601,'184134507f4517151633',826,,1279,12,0,12 13 14,0
35601,'1e386a27476c5b6e1461',635,,1301,12,0,12 13 14,0,197,,1306,12,0,12 13 14,0,870,,1302,12,0,12 13 14,0,40,,1303,12,0,12 13 14,0
35601,'1f5759673f12020b0a50',646,,1284,12,0,12 13 14,0
35601,'2943795d360756687162',1246,,1278,12,0,12 13 14,0
35601,'2a2423055d636f354b6d',1931,,1289,12,0,12 13 14,0
35601,'2f16807a52596335736c',1046,,1280,12,0,12 13 14,0,370,,1281,12,0,12 13 14,0,100,,1282,12,0,12 13 14,0,390,,1283,12,0,12 13 14,0
35601,'320823102b697f311363',1416,,1285,12,0,12 13 14,0
35601,'321e5f70685c1473436a',1822,,1287,12,0,12 13 14,0
35601,'332311354b01253e3615',901,,1286,12,0,12 13 14,0
35601,'59445e7d50034e156e11',1816,,1290,12,0,12 13 14,0
35601,'59737b0d0f044b52693e',646,,1293,12,0,12 13 14,0,1010,,1291,12,0,12 13 14,0,80,,1292,12,0,12 13 14,0
35601,'61121d2d1b1669750837',912,,1294,12,0,12 13 14,0,804,,1295,12,0,12 13 14,0
35601,'634b592b186b573b6758',912,,1296,12,0,15 16 17,0,804,,1297,12,0,15 16 17,0
35601,'6d0c424c36686c087407',831,,1299,12,0,15 16 17,0,415,,1298,12,0,15 16 17,0
35601,'71472061383531535e0f',1616,,1288,12,0,12 13 14,0
35601,'7c40501f37807a467b28',1616,,1300,12,0,15 16 17,0
