35301,'0a041e0d5834764b5d6a',749,,1205,6,0,49 50,0,610,,1201,6,0,49 50,0,356,,1202,6,0,49 50,0,91,,1206,6,0,49 50,0,120,,1203,6,0,49 50,0
35301,'145c255a11476c503429',754,,1643,6,0,49 50,0,1052,,1644,6,0,49 50,0
35301,'590e110a0c1c3c7c4941',1906,,1204,6,0,49 50,0
35301,'6c79775968333e371768',1359,,1645,6,0,49 50,0,356,,1646,6,0,49 50,0,211,,1647,6,0,49 50,0
35301,'784516016b486a280f43',1906,,1648,6,0,49 50,0
35501,'033e170961301f7a0308',915,,1662,17,0,20 21 22,0,392,,1663,17,0,20 21 22,0,323,,1661,17,0,20 21 22,0
35501,'055e00325b240c7d4777',1055,,1235,19,0,20 21 22,0,755,,1234,19,0,20 21 22,0
35501,'126535785649426e467c',840,,1666,19,0,49 50,0,794,,1664,17,0,20 21 22,0,181,,1665,17,0,20 21 22,0
35501,'191b086669276f0a2c02',1309,,1239,17,0,20 21 22,0
35501,'210a7c3e60384f725e7c',1055,,1668,19,0,20 21 22,0,755,,1667,19,0,20 21 22,0
35501,'371d2f0f7337032c2b25',1314,,1233,17,0,20 21 22,0
35501,'3a3841530321505b7b18',1309,,1669,17,0,20 21 22,0
35501,'4f67586f291357636e2f',1424,,1672,17,0,72 25,0,135,,1670,17,0,49 50,0,351,,1671,19,0,20 21 22,0
35501,'566406012b1e7e430018',1109,,1673,17,0,49 50,0
35501,'59737b0d0f044b52693e',1310,,1675,17,0,20 21 22,0,320,,1674,17,0,20 21 22,0
35501,'5d21673510580b5d6c6e',1314,,1676,17,0,20 21 22,0
35501,'5d5f40704724192d5825',840,,1244,19,0,49 50,0,269,,1229,17,0,49 50,0,525,,1242,17,0,20 21 22,0,176,,1243,17,0,20 21 22,0
35501,'723148100c272b183b65',915,,1231,17,0,20 21 22,0,392,,1232,17,0,20 21 22,0,323,,1230,17,0,20 21 22,0
35501,'7360781f782d14543c3f',1424,,1238,17,0,72 25,0,135,,1236,17,0,49 50,0,351,,1237,19,0,20 21 22,0
