35701,'0d4e3278231744213640',1754,,1326,10,0,12 13 14,0
35701,'1c2e3625233d01453772',1312,,1330,10,0,12 13 14,0,290,,1327,10,0,12 13 14,0,52,,1328,10,0,12 13 14,0,288,,1329,10,0,12 13 14,0
35701,'220e7e723c71704c1463',910,,448,10,0,15 16 17,0
35701,'2a08755845643968295b',1142,,453,10,0,15 16 17,0
35701,'2d6a412e153614600940',1752,,447,10,0,12 13 14,0
35701,'320823102b697f311363',825,,1331,10,0,12 13 14,0
35701,'332311354b01253e3615',828,,1332,10,0,12 18 19,0
35701,'3823594e52252d7f6b14',1925,,1333,10,0,12 13 14,0
35701,'39416a4548121b3b4e21',1312,,463,10,0,12 13 14,0,290,,460,10,0,12 13 14,0,52,,461,10,0,12 13 14,0,288,,462,10,0,12 13 14,0
35701,'494a652c1e455e3d7c72',912,,1334,10,0,12 13 14,0,230,,1335,10,0,12 13 14,0
35701,'59445e7d50034e156e11',1752,,1336,10,0,12 13 14,0
35701,'59737b0d0f044b52693e',758,,1339,10,0,12 13 14,0,954,,1337,10,0,12 13 14,0,120,,1338,10,0,12 13 14,0
35701,'5a622e2f735638475e4f',758,,452,10,0,12 13 14,0,954,,450,10,0,12 13 14,0,120,,451,10,0,12 13 14,0
35701,'61121d2d1b1669750837',1040,,1340,10,0,12 13 14,0
35701,'634b592b186b573b6758',1040,,1341,10,0,15 16 17,0
35701,'6d0c424c36686c087407',910,,1342,10,0,15 16 17,0
35701,'765554443e157938074f',1925,,446,10,0,12 13 14,0
35701,'7c40501f37807a467b28',1142,,1343,10,0,15 16 17,0
35701,'7e6273386a42064a2f0b',825,,445,10,0,12 13 14,0
35701,'7f443a14596255477616',803,,1347,10,0,12 18 19,0,918,,1344,10,0,12 13 14,0,33,,1345,10,0,12 13 14,0,82,,1346,10,0,12 13 14,0
35701,'80152c04633e535e6600',1040,,449,10,0,15 16 17,0
