31801,'2a2423055d636f354b6d',1752,,1072,10,0,74 21,0
31801,'2f16807a52596335736c',1309,,1070,10,0,74 21,0,531,,1071,10,0,74 21,0
31901,'2a2423055d636f354b6d',1800,,1080,10,0,69 70 71,0
31901,'2f16807a52596335736c',1406,,1077,10,0,69 70 71,0,219,,1078,10,0,69 70 71,0,207,,1079,10,0,69 70 71,0
35801,'1e386a27476c5b6e1461',1810,,1367,16,0,91 92,0
35801,'1f5759673f12020b0a50',1435,,1360,16,0,91 92,0,410,,1361,16,0,91 92,0
35801,'2a2423055d636f354b6d',935,,1365,16,0,91 92,0,810,,1366,16,0,93 94 95,0
35801,'2f16807a52596335736c',1850,,1359,16,0,91 92,0
35801,'3823594e52252d7f6b14',1025,,1362,16,0,91 92,0,810,,1363,16,0,91 92,0
35801,'71472061383531535e0f',1319,,1364,16,0,91 92,0
