37600,'02070559307629202a09',823,,698,9,0,7 8,0
37600,'0a2f1e22095132130163',1803,,699,18,0,7 8,0,50,,700,18,0,7 8,0
37600,'1c2e3625233d01453772',648,,1468,9,0,7 8,0,173,,1469,17,0,7 8,0,587,,1470,9,0,7 8,0,310,,1471,9,0,7 8,0
37600,'1f5759673f12020b0a50',823,,1472,9,0,7 8,0
37600,'31744f7e5638320a2d4c',1258,,1473,18,0,7 8,0
37600,'4d7a6615443531084902',648,,701,9,0,7 8,0,175,,702,18,0,7 8,0,585,,703,9,0,7 8,0,310,,704,9,0,7 8,0
37600,'4f0277002864772e6462',703,,1474,9,0,7 8,0,215,,1475,9,0,7 8,0,235,,1476,9,0,7 8,0
37600,'52166b36781a3037644c',703,,705,9,0,7 8,0,215,,706,9,0,7 8,0,235,,707,9,0,7 8,0
37600,'553d275f1455102c362a',1807,,1477,17,0,7 8,0,51,,1478,18,0,7 8,0
37600,'725616403949496a5c67',1258,,708,18,0,7 8,0
