30500,'1c2e3625233d01453772',626,,1042,4,0,9 30,0,30,,1043,4,0,9 30,0,70,,1044,4,0,9 30,0
30500,'494a652c1e455e3d7c72',846,,1045,4,0,9 30,0,680,,1046,4,0,9 30,0
30500,'69181125652d7e4d6a80',626,,113,4,0,9 30,0,30,,114,4,0,9 30,0,70,,115,4,0,9 30,0
30500,'7f443a14596255477616',551,,1047,4,0,9 30,0
36500,'0e5131610429337c0530',925,,1403,13,0,9 10 11,0
36500,'136e6b484c454e417465',1002,,640,27,0,9 10 11,0
36500,'1c2e3625233d01453772',646,,1404,27,0,9 10 11,0,80,,1406,12,0,9 10 11,0
36500,'1c486c5002601c4a534a',1705,,1407,12,0,9 10 11,0
36500,'1f5759673f12020b0a50',748,,1408,26,0,9 10 11,0
36500,'29297c5f5e5d53030d3f',1240,,651,26,0,9 10 11,0
36500,'2c14404d6d61074b6d28',1237,,1409,26,0,9 10 11,0
36500,'2d0d0c223c38203b5e0d',1237,,1410,27,0,9 10 11,0
36500,'31744f7e5638320a2d4c',1325,,1411,9,0,9 10 11,0
36500,'3823594e52252d7f6b14',1004,,1413,27,0,9 10 11,0,813,,1412,27,0,9 10 11,0
36500,'3a511f30370a721b2433',742,,638,26,0,9 10 11,0
36500,'3f1b5e487a23197b626f',1706,,650,12,0,9 10 11,0
36500,'494a652c1e455e3d7c72',632,,1414,12,0,9 10 11,0
36500,'4f0277002864772e6462',1811,,1415,27,0,9 10 11,0
36500,'553d275f1455102c362a',1702,,1416,13,0,9 10 11,0
36500,'554b630955771e7c2224',1812,,645,27,0,9 10 11,0
36500,'5d3f35696f0f295d693b',1240,,637,27,0,9 10 11,0
36500,'69181125652d7e4d6a80',647,,646,27,0,9 10 11,0,79,,648,12,0,9 10 11,0
36500,'791e712d420e14727657',928,,1417,14,0,9 10 11,0
36500,'7f443a14596255477616',754,,1419,27,0,9 10 11,0,659,,1418,27,0,9 10 11,0
