35100,'1e386a27476c5b6e1461',603,,1172,2,0,9 10 11,0,15,,1173,2,0,9 10 11,0
35100,'1f5759673f12020b0a50',748,,1159,2,0,9 10 11,0,375,,1160,2,0,9 10 11,0
35100,'2a2423055d636f354b6d',1033,,1168,2,0,9 10 11,0,225,,1166,2,0,9 10 11,0,150,,1167,2,0,9 10 11,0
35100,'3823594e52252d7f6b14',833,,1165,2,0,9 10 11,0,785,,1164,2,0,9 10 11,0
35100,'59737b0d0f044b52693e',1123,,1171,2,0,9 10 11,0
35500,'033e170961301f7a0308',718,,1649,2,0,9 26,0
35500,'055e00325b240c7d4777',833,,1220,2,0,9 10 11,0,715,,1219,2,0,9 10 11,0
35500,'126535785649426e467c',608,,1651,2,0,9 10 11,0
35500,'210a7c3e60384f725e7c',833,,1654,2,0,9 10 11,0,715,,1653,2,0,9 10 11,0
35500,'2530772d5b5960361a09',1223,,1224,2,0,9 26,0
35500,'4f67586f291357636e2f',1223,,1658,2,0,9 26,0
35500,'59737b0d0f044b52693e',633,,1660,2,0,9 10 11,0
35500,'723148100c272b183b65',718,,1218,2,0,9 26,0
35500,'7249395f521c57637d3d',623,,1227,2,0,9 10 11,0
37500,'1e386a27476c5b6e1461',725,,1464,1,0,23 24 18,0
37501,'1e7832711c690d2e452a',1814,,1467,9,0,28 29,0
37501,'31744f7e5638320a2d4c',1224,,1466,9,0,20 21 22,0
