35701,'055e00325b240c7d4777',1123,,449,41,0,15 16 17,0
35701,'0d4e3278231744213640',1843,,1326,41,0,12 13 14,0
35701,'1c2e3625233d01453772',1354,,1330,41,0,12 13 14,0,290,,1327,41,0,12 13 14,0,99,,1328,41,0,12 13 14,0,281,,1329,41,0,12 13 14,0
35701,'320823102b697f311363',902,,1331,41,0,12 13 14,0
35701,'332311354b01253e3615',912,,1332,41,0,12 18 19,0
35701,'3823594e52252d7f6b14',2004,,1333,41,0,12 13 14,0
35701,'494a652c1e455e3d7c72',953,,1334,41,0,12 13 14,0,269,,1335,41,0,12 13 14,0
35701,'59445e7d50034e156e11',1838,,1336,41,0,12 13 14,0
35701,'59737b0d0f044b52693e',839,,1339,41,0,12 13 14,0,964,,1337,41,0,12 13 14,0,111,,1338,41,0,12 13 14,0
35701,'61121d2d1b1669750837',1123,,1340,41,0,12 13 14,0
35701,'634b592b186b573b6758',1123,,1341,41,0,15 16 17,0
35701,'6d0c424c36686c087407',949,,1342,41,0,15 16 17,0
35701,'7c40501f37807a467b28',1222,,1343,41,0,15 16 17,0
35701,'7f443a14596255477616',851,,1347,41,0,12 18 19,0,957,,1344,41,0,12 13 14,0,35,,1345,41,0,12 13 14,0,80,,1346,41,0,12 13 14,0
