35801,'02070559307629202a09',1452,,475,28,0,91 92,0,453,,476,28,0,91 92,0
35801,'1a20552b5a400f716a1b',1041,,477,28,0,91 92,0,809,,478,28,0,91 92,0
35801,'1c2e3625233d01453772',1912,,1359,28,0,91 92,0
35801,'1f5759673f12020b0a50',1452,,1360,28,0,91 92,0,453,,1361,28,0,91 92,0
35801,'2a5b3362091f52630354',1337,,479,28,0,91 92,0,499,,480,28,0,91 92,0
35801,'3823594e52252d7f6b14',1041,,1362,28,0,91 92,0,809,,1363,28,0,91 92,0
35801,'494a652c1e455e3d7c72',1337,,1364,28,0,91 92,0
35801,'4d7a6615443531084902',1912,,481,28,0,91 92,0
35801,'4f0277002864772e6462',954,,1365,28,0,91 92,0,857,,1366,28,0,93 94 95,0
35801,'52166b36781a3037644c',954,,482,28,0,91 92,0,857,,483,28,0,93 94 95,0
35801,'7f443a14596255477616',1836,,1367,28,0,91 92,0
