30400,'1c2e3625233d01453772',607,,1020,5,0,7 8,0,30,,1021,5,0,7 8,0,70,,1022,5,0,7 8,0,30,,1023,5,0,7 8,0,70,,1024,5,0,7 8,0,30,,1025,5,0,7 8,0,720,,1026,5,0,7 8,0,70,,1027,5,0,7 8,0,30,,1016,5,0,7 8,0,70,,1017,5,0,7 8,0,30,,1018,5,0,7 8,0,70,,1019,5,0,7 8,0
30400,'7f443a14596255477616',652,,1028,5,0,7 8,0
35500,'033e170961301f7a0308',757,,1649,17,0,9 26,0
35500,'055e00325b240c7d4777',912,,1220,17,0,9 10 11,0,715,,1219,17,0,9 10 11,0
35500,'126535785649426e467c',638,,1650,7,0,9 10 11,0,13,,1651,17,0,9 10 11,0
35500,'210a7c3e60384f725e7c',912,,1654,17,0,9 10 11,0,715,,1653,17,0,9 10 11,0
35500,'4f67586f291357636e2f',1151,,1657,7,0,9 26,0,152,,1658,17,0,9 26,0,338,,1656,7,0,9 26,0
35500,'566406012b1e7e430018',911,,1659,7,0,9 26,0
35500,'59737b0d0f044b52693e',712,,1660,17,0,9 10 11,0
35500,'5d5f40704724192d5825',638,,1226,7,0,9 10 11,0,68,,1227,17,0,9 10 11,0,205,,1217,7,0,9 26,0
35500,'723148100c272b183b65',757,,1218,17,0,9 26,0
35500,'7360781f782d14543c3f',1151,,1223,7,0,9 26,0,152,,1224,17,0,9 26,0,338,,1222,7,0,9 26,0
