35801,'182e1170551a4b4f4917',1043,,477,30,0,91 92,0,808,,478,30,0,91 92,0
35801,'1c2e3625233d01453772',1913,,1359,30,0,91 92,0
35801,'1f5759673f12020b0a50',1454,,1360,30,0,91 92,0,452,,1361,30,0,91 92,0
35801,'2829557e4e6662246775',1913,,481,30,0,91 92,0
35801,'30275c4a4d721d220170',955,,482,30,0,91 92,0,859,,483,30,0,93 94 95,0
35801,'3823594e52252d7f6b14',1043,,1362,30,0,91 92,0,808,,1363,30,0,91 92,0
35801,'494a652c1e455e3d7c72',1339,,1364,30,0,91 92,0
35801,'4f0277002864772e6462',955,,1365,30,0,91 92,0,859,,1366,30,0,93 94 95,0
35801,'7e6273386a42064a2f0b',1454,,475,30,0,91 92,0,452,,476,30,0,91 92,0
35801,'7f443a14596255477616',1838,,1367,30,0,91 92,0
