35600,'0a3c663a7d504d200835',1553,,1245,13,0,9 10 11,0,55,,1246,14,0,9 10 11,0
35600,'0d7c5c285a59412d315b',1758,,1247,12,0,9 10 11,0
35600,'112a0b7f332a564f1678',1233,,1248,12,0,9 10 11,0
35600,'14187635613e43612170',1443,,1249,12,0,9 10 11,0
35600,'1a223768176411647430',1803,,1250,12,0,9 10 11,0
35600,'1c2e3625233d01453772',613,,1252,12,0,9 10 11,0,320,,1251,12,0,9 10 11,0
35600,'1f5759673f12020b0a50',633,,1253,12,0,9 10 11,0
35600,'254f3e58782165334119',1233,,377,12,0,9 10 11,0
35600,'31744f7e5638320a2d4c',1233,,1254,13,0,9 10 11,0,5,,1255,13,0,9 10 11,0
35600,'3a4a044232474e33312b',1058,,381,16,0,9 10 11,0,800,,382,16,0,9 10 11,0
35600,'3a511f30370a721b2433',633,,373,12,0,9 10 11,0
35600,'4f0277002864772e6462',833,,1256,12,0,9 10 11,0
35600,'553d275f1455102c362a',1803,,1257,13,0,9 10 11,0,5,,1258,13,0,9 10 11,0
35600,'56061576073054406d39',1803,,1259,12,0,9 10 11,0
35600,'59737b0d0f044b52693e',633,,1261,12,0,9 10 11,0,80,,1262,12,0,9 10 11,0,30,,1263,12,0,9 10 11,0,960,,1260,12,0,9 10 11,0
35600,'61121d2d1b1669750837',1058,,1264,12,0,9 10 11,0,800,,1265,12,0,9 10 11,0
35600,'634b592b186b573b6758',1058,,1266,16,0,9 10 11,0,800,,1267,16,0,9 10 11,0
35600,'69181125652d7e4d6a80',613,,393,12,0,9 10 11,0,20,,384,12,0,9 10 11,0,80,,385,12,0,9 10 11,0,30,,386,12,0,9 10 11,0,190,,392,12,0,9 10 11,0,770,,383,12,0,9 10 11,0
35600,'6a233617047119584137',1233,,1268,12,0,9 10 11,0
35600,'6c047c7b6c01797a3441',1233,,380,12,0,9 10 11,0
35600,'6d0c424c36686c087407',1443,,1269,16,0,9 10 11,0,360,,1270,16,0,9 10 11,0
35600,'702c275e051204394d01',833,,394,12,0,9 10 11,0,610,,378,16,0,9 10 11,0,370,,379,16,0,9 10 11,0
35600,'7f443a14596255477616',633,,1273,12,0,9 10 11,0,80,,1274,12,0,9 10 11,0,30,,1275,12,0,9 10 11,0,965,,1271,13,0,9 10 11,0,134,,1272,13,0,9 10 11,0
