35600,'055e00325b240c7d4777',1134,,381,50,0,9 10 11,0,800,,382,50,0,9 10 11,0
35600,'0a3c663a7d504d200835',1629,,1245,47,0,9 10 11,0,15,,1246,48,0,9 10 11,0
35600,'0d7c5c285a59412d315b',1834,,1247,46,0,9 10 11,0
35600,'112a0b7f332a564f1678',1309,,1248,46,0,9 10 11,0
35600,'1a223768176411647430',1839,,1250,46,0,9 10 11,0
35600,'1e386a27476c5b6e1461',709,,1273,46,0,9 10 11,0,48,,1274,46,0,9 10 11,0,70,,1275,46,0,9 10 11,0,917,,1271,47,0,9 10 11,0,174,,1272,47,0,9 10 11,0
35600,'1e7832711c690d2e452a',1839,,1257,47,0,9 10 11,0,5,,1258,47,0,9 10 11,0
35600,'1f5759673f12020b0a50',709,,1253,46,0,9 10 11,0
35600,'2943795d360756687162',1519,,1249,46,0,9 10 11,0
35600,'2a2423055d636f354b6d',909,,1256,46,0,9 10 11,0
35600,'2a6804265d6c7a6d704c',1309,,1268,46,0,9 10 11,0
35600,'2f16807a52596335736c',649,,1252,46,0,9 10 11,0,360,,1251,46,0,9 10 11,0
35600,'31744f7e5638320a2d4c',1309,,1254,47,0,9 10 11,0,5,,1255,47,0,9 10 11,0
35600,'56061576073054406d39',1839,,1259,46,0,9 10 11,0
35600,'59737b0d0f044b52693e',709,,1261,46,0,9 10 11,0,40,,1262,46,0,9 10 11,0,70,,1263,46,0,9 10 11,0,920,,1260,46,0,9 10 11,0
35600,'61121d2d1b1669750837',1134,,1264,46,0,9 10 11,0,800,,1265,46,0,9 10 11,0
35600,'634b592b186b573b6758',1134,,1266,50,0,9 10 11,0,800,,1267,50,0,9 10 11,0
35600,'6d0c424c36686c087407',1519,,1269,50,0,9 10 11,0,320,,1270,50,0,9 10 11,0
