35101,'02070559307629202a09',1925,,302,38,0,20 21 22,0
35101,'1a20552b5a400f716a1b',1040,,303,38,0,20 21 22,0
35101,'1c2e3625233d01453772',1238,,1175,7,0,23 24 18,0
35101,'1f5759673f12020b0a50',1924,,1176,38,0,20 21 22,0
35101,'2a5b3362091f52630354',731,,308,45,0,23 24 18,0,110,,309,46,0,23 24 18,0,811,,304,38,0,23 25,0,252,,305,46,0,20 21 22,0,106,,306,38,0,20 21 22,0
35101,'2c295b0e5f4444502b59',1840,,310,38,0,20 21 22,0
35101,'31744f7e5638320a2d4c',1428,,1177,47,0,20 21 22,0
35101,'3823594e52252d7f6b14',1039,,1178,38,0,20 21 22,0
35101,'4d7a6615443531084902',1238,,311,7,0,23 24 18,0
35101,'4f0277002864772e6462',954,,1179,38,0,20 21 22,0,380,,1180,38,0,20 21 22,0,190,,1181,38,0,20 21 22,0
35101,'52166b36781a3037644c',955,,312,38,0,20 21 22,0,380,,313,38,0,20 21 22,0,190,,314,38,0,20 21 22,0
35101,'725616403949496a5c67',1429,,315,46,0,20 21 22,0
35101,'7a7c2673351c18595c18',1839,,1182,38,0,20 21 22,0
35101,'7f443a14596255477616',731,,1187,46,0,23 24 18,0,110,,1188,47,0,23 24 18,0,811,,1183,38,0,23 25,0,252,,1184,47,0,20 21 22,0,105,,1185,38,0,20 21 22,0
