35101,'02070559307629202a09',1836,,302,3,0,20 2 21 22,0
35101,'1a20552b5a400f716a1b',950,,303,3,0,20 2 21 22,0
35101,'2a5b3362091f52630354',634,,307,3,0,23 2 24 18,0,97,,309,3,0,23 2 24 18,0,819,,304,3,0,23 2 25,0,202,,305,3,0,20 2 21 22,0,169,,306,3,0,20 2 21 22,0
35101,'2c295b0e5f4444502b59',1751,,310,3,0,20 2 21 22,0
35101,'52166b36781a3037644c',905,,312,3,0,20 2 21 22,0,341,,313,3,0,20 2 21 22,0,190,,314,3,0,20 2 21 22,0
35101,'725616403949496a5c67',1327,,315,3,0,20 2 21 22,0
36201,'02070559307629202a09',1605,,584,3,0,87 2 88,0,235,,583,3,0,87 2 88,0
36201,'2a5b3362091f52630354',840,,585,3,0,87 2 88,0,765,,586,3,0,85 2 92,0,100,,587,3,0,87 2 88,0
36201,'4d7a6615443531084902',1240,,588,3,0,87 2 89,0,295,,589,3,0,85 2 92,0,105,,590,3,0,87 2 89,0,100,,591,3,0,87 2 88,0,100,,592,3,0,87 2 89,0
36301,'2a5b3362091f52630354',1303,,599,3,0,31 2 32,0,400,,600,3,0,31 2 32,0
36301,'4d7a6615443531084902',855,,601,3,0,31 2 32,0
36301,'52166b36781a3037644c',1833,,602,3,0,31 2 32,0
36501,'02070559307629202a09',1751,,652,3,0,132 2 117,0
36501,'1a20552b5a400f716a1b',904,,654,3,0,132 2 117,0,810,,653,3,0,132 2 117,0
36501,'2a08755845643968295b',1707,,655,3,0,133 2 134,0
36501,'2a5b3362091f52630354',619,,658,3,0,132 2 117,0,40,,659,3,0,135 2 25,0,951,,656,3,0,132 2 117,0,97,,657,3,0,133 2 134,0
36501,'4d7a6615443531084902',1737,,660,3,0,132 2 117,0,98,,661,3,0,133 2 134,0
36501,'4e205279023a3e102c72',905,,663,3,0,133 2 134,0
36501,'52166b36781a3037644c',1234,,664,3,0,132 2 117,0,181,,665,3,0,132 2 117,0
36501,'7b6f6f4a0e36407a261f',905,,666,3,0,133 2 134,0
36901,'02070559307629202a09',1615,,673,3,0,128 2 129,0
36901,'1a20552b5a400f716a1b',1025,,674,3,0,130 2 131,0,780,,675,3,0,130 2 131,0
36901,'2a5b3362091f52630354',1246,,676,3,0,128 2 129,0,364,,677,3,0,128 2 129,0,100,,678,3,0,130 2 131,0
36901,'4d7a6615443531084902',1755,,679,3,0,128 2 129,0,80,,680,3,0,128 2 129,0
37301,'02070559307629202a09',1418,,687,3,0,143 2 45,0
37301,'2a5b3362091f52630354',1638,,688,3,0,143 2 45,0
37301,'4d7a6615443531084902',838,,689,3,0,143 2 45,0,866,,690,3,0,143 2 45,0
37301,'52166b36781a3037644c',1804,,691,3,0,143 2 45,0
37301,'725616403949496a5c67',1243,,692,3,0,143 2 45,0
37701,'2a5b3362091f52630354',714,,727,3,0,151 2 152 24,0,1031,,728,3,0,83 2 84,0
37701,'4d7a6615443531084902',1320,,729,3,0,83 2 84,0,300,,730,3,0,83 2 84,0,230,,731,3,0,83 2 84,0
