30501,'1e386a27476c5b6e1461',1806,,1053,2,0,31 32,0
30501,'2f16807a52596335736c',1633,,1048,2,0,31 32,0,199,,1049,2,0,31 32,0,100,,1050,2,0,31 32,0
30501,'71472061383531535e0f',932,,1051,2,0,31 32,0,801,,1052,2,0,31 32,0
36301,'1e386a27476c5b6e1461',1320,,1401,10,0,31 32,0,407,,1402,10,0,31 32,0
36301,'2a2423055d636f354b6d',1855,,1400,10,0,31 32,0
36301,'2f16807a52596335736c',913,,1399,10,0,31 32,0
36501,'0e5131610429337c0530',712,,1420,10,0,135 25,0,111,,1421,10,0,166 32,0
36501,'1e386a27476c5b6e1461',630,,1436,10,0,132 117,0,992,,1434,10,0,132 117,0,103,,1435,10,0,133 134,0
36501,'1f5759673f12020b0a50',1807,,1425,10,0,132 117,0
36501,'2a2423055d636f354b6d',1252,,1429,10,0,132 117,0,180,,1430,10,0,132 117,0
36501,'2c14404d6d61074b6d28',923,,1426,10,0,133 134,0
36501,'2f16807a52596335736c',1756,,1422,10,0,132 117,0,95,,1423,10,0,133 134,0
36501,'3823594e52252d7f6b14',911,,1428,10,0,132 117,0,809,,1427,10,0,132 117,0
36501,'3c550d10735a472e4755',712,,1433,10,0,135 25,0
36501,'484f0e366a041c114e35',923,,1432,10,0,133 134,0
36501,'59737b0d0f044b52693e',1724,,1431,10,0,133 134,0
38801,'1e386a27476c5b6e1461',833,,1574,2,0,81 25,0,100,,1575,2,0,81 25,0,580,,1569,2,0,81 25,0,100,,1570,2,0,81 25,0,100,,1571,2,0,81 82,0,100,,1572,2,0,81 82,0,100,,1573,2,0,81 25,0
38801,'1f5759673f12020b0a50',1243,,1565,2,0,81 25,0,270,,1564,2,0,81 25,0
38801,'2f16807a52596335736c',803,,1560,2,0,81 25,0,100,,1561,2,0,81 25,0,340,,1562,2,0,81 82,0,190,,1563,2,0,81 25,0,210,,1557,2,0,83 84,0,100,,1558,2,0,83 84,0,100,,1559,2,0,81 82,0
38801,'3823594e52252d7f6b14',933,,1567,2,0,81 25,0
38801,'7a7c2673351c18595c18',1803,,1568,2,0,81 25,0
