37601,'112a0b7f332a564f1678',1306,,1479,2,0,116 117 118 119,0
37601,'1e386a27476c5b6e1461',712,,1490,2,0,120 10 11,0
37601,'1e7832711c690d2e452a',1752,,1487,2,0,116 117 118 119,0
37601,'2a2423055d636f354b6d',1842,,1486,2,0,116 117 118 119,0
37601,'2a6804265d6c7a6d704c',1306,,1489,2,0,116 117 118 119,0
37601,'2f16807a52596335736c',757,,1481,2,0,116 117 118 119,0,890,,1482,2,0,120 10 11,0,269,,1480,2,0,116 117 118 119,0
37601,'31744f7e5638320a2d4c',1307,,1483,2,0,116 117 118 119,0,34,,1484,2,0,116 117 118 119,0,410,,1485,2,0,116 117 118 119,0
37601,'59737b0d0f044b52693e',1751,,1488,2,0,116 117 118 119,0
38101,'16096334352325192d1f',1250,,1524,2,0,5 6,0
38101,'2f16807a52596335736c',755,,1525,2,0,5 6,0,895,,1526,2,0,5 6,0,100,,1527,2,0,5 6,0,80,,1528,2,0,5 6,0
