35100,'02070559307629202a09',757,,285,7,0,9 10 11,0,375,,286,7,0,9 10 11,0
35100,'1a20552b5a400f716a1b',842,,290,7,0,9 10 11,0,785,,289,7,0,9 10 11,0
35100,'1f5759673f12020b0a50',757,,1159,7,0,9 10 11,0,375,,1160,7,0,9 10 11,0
35100,'2a08755845643968295b',1132,,291,7,0,9 10 11,0
35100,'2a5b3362091f52630354',612,,292,7,0,9 10 11,0,16,,293,7,0,9 10 11,0
35100,'3823594e52252d7f6b14',842,,1165,7,0,9 10 11,0,785,,1164,7,0,9 10 11,0
35100,'4f0277002864772e6462',1042,,1168,7,0,9 10 11,0,267,,1166,7,0,9 10 11,0,110,,1167,7,0,9 10 11,0
35100,'52166b36781a3037644c',1042,,298,7,0,9 10 11,0,267,,296,7,0,9 10 11,0,110,,297,7,0,9 10 11,0
35100,'59737b0d0f044b52693e',1132,,1171,7,0,9 10 11,0
35100,'7f443a14596255477616',612,,1172,7,0,9 10 11,0,16,,1173,7,0,9 10 11,0
37500,'2a5b3362091f52630354',734,,693,11,0,23 24 18,0,1,,694,7,0,23 24 18,0
37500,'7f443a14596255477616',734,,1463,11,0,23 24 18,0,1,,1464,7,0,23 24 18,0
