35800,'02070559307629202a09',744,,464,5,0,9 10 11,0,497,,465,6,0,9 10 11,0
35800,'1a20552b5a400f716a1b',844,,466,5,0,9 10 11,0
35800,'1c2e3625233d01453772',1229,,1348,5,0,9 10 11,0
35800,'1f5759673f12020b0a50',744,,1349,5,0,9 10 11,0,497,,1350,6,0,9 10 11,0
35800,'2a08755845643968295b',644,,467,6,0,9 10 11,0
35800,'2a5b3362091f52630354',624,,468,5,0,9 10 11,0,20,,469,6,0,9 10 11,0,60,,470,5,0,9 10 11,0,155,,471,5,0,9 10 11,0
35800,'2c295b0e5f4444502b59',1644,,472,5,0,9 10 11,0
35800,'3823594e52252d7f6b14',844,,1351,5,0,9 10 11,0
35800,'494a652c1e455e3d7c72',624,,1352,5,0,9 10 11,0
35800,'4d7a6615443531084902',1229,,473,5,0,9 10 11,0
35800,'4f0277002864772e6462',1544,,1353,5,0,9 10 11,0
35800,'52166b36781a3037644c',1544,,474,5,0,9 10 11,0
35800,'59737b0d0f044b52693e',644,,1354,6,0,9 10 11,0
35800,'7a7c2673351c18595c18',1644,,1355,5,0,9 10 11,0
35800,'7f443a14596255477616',644,,1356,6,0,9 10 11,0,60,,1357,5,0,9 10 11,0,155,,1358,5,0,9 10 11,0
