31401,'2b037649673f32451d0b',1233,,127,10,,,0
31401,'3b0d0a205721144a1f02',1233,,1059,10,,,0
32000,'2a5b3362091f52630354',737,,149,7,0,136 10 52,0
32000,'3c046c2a04663d195765',737,,150,7,0,136 10 52,0
37901,'0a2f1e22095132130163',1745,,740,16,0,114 115,0
37901,'16096334352325192d1f',1300,,1510,15,0,126 47 48,0
37901,'31744f7e5638320a2d4c',1300,,1512,15,0,114 115,0
37901,'4f0277002864772e6462',1745,,1513,15,0,126 47 48,0
37901,'52166b36781a3037644c',1742,,742,16,0,126 47 48,0
37901,'553d275f1455102c362a',1745,,1516,15,0,114 115,0
37901,'69552d0660140f203513',1258,,743,16,0,126 47 48,0
37901,'725616403949496a5c67',1258,,745,16,0,114 115,0
