35100,'1e386a27476c5b6e1461',717,,1172,50,0,9 10 11,0,32,,1173,58,0,9 10 11,0,261,,1174,46,0,9 10 11,0
35100,'1e7832711c690d2e452a',1911,,1169,46,0,9 10 11,0
35100,'1f5759673f12020b0a50',851,,1159,50,0,9 10 11,0,377,,1160,50,0,9 10 11,0
35100,'2a2423055d636f354b6d',1143,,1168,50,0,9 10 11,0,267,,1166,50,0,9 10 11,0,110,,1167,50,0,9 10 11,0
35100,'31744f7e5638320a2d4c',1303,,1163,38,0,9 10 11,0,12,,1161,46,0,9 10 11,0
35100,'3823594e52252d7f6b14',931,,1165,50,0,9 10 11,0,795,,1164,50,0,9 10 11,0
35100,'59737b0d0f044b52693e',1228,,1171,50,0,9 10 11,0
36200,'1e386a27476c5b6e1461',816,,1379,26,0,9 10 11,0,193,,1380,26,0,9 10 11,0,607,,1381,22,0,9 10 11,0,103,,1382,26,0,9 10 11,0
36200,'1f5759673f12020b0a50',1009,,1377,26,0,9 10 11,0,217,,1378,26,0,9 10 11,0
36200,'2f16807a52596335736c',738,,1374,27,0,9 10 11,0,113,,1375,27,0,9 10 11,0,375,,1376,27,0,9 10 11,0,595,,1373,26,0,9 10 11,0
36300,'1e386a27476c5b6e1461',718,,1397,31,0,9 10 11,0,289,,1398,28,0,9 10 11,0
36300,'1f5759673f12020b0a50',1338,,1394,31,0,9 10 11,0
36300,'2f16807a52596335736c',811,,1393,31,0,9 10 11,0
36300,'3c2a73256541336f410c',1338,,1395,31,0,9 10 11,0
36300,'59737b0d0f044b52693e',1807,,1396,28,0,9 10 11,0
36500,'0e5131610429337c0530',1022,,1403,43,0,9 10 11,0
36500,'1c486c5002601c4a534a',1813,,1407,42,0,9 10 11,0
36500,'1e386a27476c5b6e1461',911,,1419,57,0,9 10 11,0,598,,1418,57,0,9 10 11,0
36500,'1e7832711c690d2e452a',1815,,1416,43,0,9 10 11,0
36500,'1f5759673f12020b0a50',841,,1408,56,0,9 10 11,0
36500,'2a2423055d636f354b6d',1916,,1415,57,0,9 10 11,0
36500,'2c14404d6d61074b6d28',1336,,1409,56,0,9 10 11,0
36500,'2f16807a52596335736c',755,,1404,57,0,9 10 11,0,80,,1406,42,0,9 10 11,0
36500,'2f6b6069415f08614303',1336,,1410,57,0,9 10 11,0
36500,'31744f7e5638320a2d4c',1420,,1411,39,0,9 10 11,0
36500,'3823594e52252d7f6b14',1057,,1413,57,0,9 10 11,0,859,,1412,57,0,9 10 11,0
36500,'3c550d10735a472e4755',1026,,1417,44,0,9 10 11,0
36500,'71472061383531535e0f',731,,1414,42,0,9 10 11,0
36900,'1f5759673f12020b0a50',1115,,1439,29,0,9 10 11,0
36900,'2f16807a52596335736c',810,,1437,29,0,9 10 11,0,115,,1438,28,0,9 10 11,0
36900,'3823594e52252d7f6b14',956,,1440,28,0,9 10 11,0,790,,1441,28,0,9 10 11,0
36900,'71472061383531535e0f',725,,1442,28,0,9 10 11,0
37300,'1e386a27476c5b6e1461',822,,1455,33,0,9 10 11,0,90,,1456,33,0,9 10 11,0
37300,'1f5759673f12020b0a50',912,,1453,33,0,9 10 11,0
37300,'2a2423055d636f354b6d',1346,,1454,33,0,9 10 11,0
37300,'2f16807a52596335736c',756,,1451,33,0,9 10 11,0,884,,1452,33,0,9 10 11,0
37700,'0428793f447876305975',1815,,1491,13,0,9 10 11,0
37700,'1e386a27476c5b6e1461',722,,1496,17,0,9 10 11,0
37700,'2f16807a52596335736c',832,,1492,17,0,9 10 11,0,95,,1493,17,0,9 10 11,0,595,,1494,17,0,9 10 11,0
37700,'416039027b4e59137846',1708,,1495,13,0,9 10 11,0
