35100,'1f5759673f12020b0a50',853,,1159,51,0,9 10 11,0,377,,1160,51,0,9 10 11,0
35100,'31744f7e5638320a2d4c',1305,,1163,39,0,9 10 11,0,12,,1161,47,0,9 10 11,0
35100,'3823594e52252d7f6b14',933,,1165,51,0,9 10 11,0,795,,1164,51,0,9 10 11,0
35100,'4f0277002864772e6462',1145,,1168,51,0,9 10 11,0,268,,1166,51,0,9 10 11,0,110,,1167,51,0,9 10 11,0
35100,'553d275f1455102c362a',1913,,1169,47,0,9 10 11,0
35100,'59737b0d0f044b52693e',1230,,1171,51,0,9 10 11,0
35100,'7f443a14596255477616',718,,1172,51,0,9 10 11,0,32,,1173,59,0,9 10 11,0,262,,1174,47,0,9 10 11,0
36200,'1c2e3625233d01453772',739,,1374,28,0,9 10 11,0,113,,1375,28,0,9 10 11,0,375,,1376,28,0,9 10 11,0,595,,1373,27,0,9 10 11,0
36200,'1f5759673f12020b0a50',1010,,1377,27,0,9 10 11,0,217,,1378,27,0,9 10 11,0
36200,'7f443a14596255477616',817,,1379,27,0,9 10 11,0,193,,1380,27,0,9 10 11,0,607,,1381,23,0,9 10 11,0,103,,1382,27,0,9 10 11,0
36300,'1c2e3625233d01453772',812,,1393,32,0,9 10 11,0
36300,'1f5759673f12020b0a50',1339,,1394,32,0,9 10 11,0
36300,'44487e3c3e7f21570e19',1339,,1395,32,0,9 10 11,0
36300,'59737b0d0f044b52693e',1808,,1396,29,0,9 10 11,0
36300,'7f443a14596255477616',719,,1397,32,0,9 10 11,0,289,,1398,29,0,9 10 11,0
36500,'0e5131610429337c0530',1023,,1403,44,0,9 10 11,0
36500,'1c2e3625233d01453772',757,,1404,58,0,9 10 11,0,80,,1406,43,0,9 10 11,0
36500,'1c486c5002601c4a534a',1814,,1407,43,0,9 10 11,0
36500,'1f5759673f12020b0a50',842,,1408,57,0,9 10 11,0
36500,'2c14404d6d61074b6d28',1337,,1409,57,0,9 10 11,0
36500,'2d0d0c223c38203b5e0d',1337,,1410,58,0,9 10 11,0
36500,'31744f7e5638320a2d4c',1422,,1411,40,0,9 10 11,0
36500,'3823594e52252d7f6b14',1058,,1413,58,0,9 10 11,0,859,,1412,58,0,9 10 11,0
36500,'494a652c1e455e3d7c72',732,,1414,43,0,9 10 11,0
36500,'4f0277002864772e6462',1917,,1415,58,0,9 10 11,0
36500,'553d275f1455102c362a',1817,,1416,44,0,9 10 11,0
36500,'791e712d420e14727657',1027,,1417,45,0,9 10 11,0
36500,'7f443a14596255477616',912,,1419,58,0,9 10 11,0,597,,1418,58,0,9 10 11,0
36900,'1c2e3625233d01453772',812,,1437,30,0,9 10 11,0,114,,1438,29,0,9 10 11,0
36900,'1f5759673f12020b0a50',1117,,1439,30,0,9 10 11,0
36900,'3823594e52252d7f6b14',957,,1440,29,0,9 10 11,0,790,,1441,29,0,9 10 11,0
36900,'494a652c1e455e3d7c72',727,,1442,29,0,9 10 11,0
37300,'1c2e3625233d01453772',759,,1451,34,0,9 10 11,0,882,,1452,34,0,9 10 11,0
37300,'1f5759673f12020b0a50',915,,1453,34,0,9 10 11,0
37300,'4f0277002864772e6462',1347,,1454,34,0,9 10 11,0
37300,'7f443a14596255477616',825,,1455,34,0,9 10 11,0,90,,1456,34,0,9 10 11,0
37700,'06693a797f7b73176b39',1820,,1491,14,0,9 10 11,0
37700,'1c2e3625233d01453772',835,,1492,18,0,9 10 11,0,95,,1493,18,0,9 10 11,0,595,,1494,18,0,9 10 11,0
37700,'416039027b4e59137846',1711,,1495,14,0,9 10 11,0
37700,'7f443a14596255477616',725,,1496,18,0,9 10 11,0
