35700,'0a3c663a7d504d200835',1642,,1307,2,0,9 10 11,0
35700,'1a20552b5a400f716a1b',902,,428,2,0,9 10 11,0
35700,'1c2e3625233d01453772',612,,1309,2,0,9 10 11,0,390,,1310,2,0,9 10 11,0,500,,1308,2,0,9 10 11,0
35700,'220e7e723c71704c1463',642,,431,2,0,9 10 11,0,680,,429,6,0,9 10 11,0,395,,430,6,0,9 10 11,0
35700,'295d5e0567072f655d20',1747,,432,6,0,9 10 11,0
35700,'2a08755845643968295b',702,,433,2,0,9 10 11,0,20,,434,2,0,9 10 11,0
35700,'2a5b3362091f52630354',632,,437,2,0,9 10 11,0,20,,438,2,0,9 10 11,0,70,,439,2,0,9 10 11,0,600,,435,4,0,9 10 11,0,395,,436,2,0,9 10 11,0
35700,'320823102b697f311363',1322,,1311,2,0,9 10 11,0
35700,'3823594e52252d7f6b14',902,,1312,2,0,9 10 11,0
35700,'3f575e1f5f6d63575f07',632,,1313,2,0,9 10 11,0
35700,'416039027b4e59137846',1312,,1314,2,0,9 10 11,0
35700,'494a652c1e455e3d7c72',1322,,1315,4,0,9 10 11,0,395,,1316,2,0,9 10 11,0
35700,'4d7a6615443531084902',612,,441,2,0,9 10 11,0,390,,442,2,0,9 10 11,0,500,,440,2,0,9 10 11,0
35700,'59445e7d50034e156e11',632,,1317,2,0,9 10 11,0
35700,'59737b0d0f044b52693e',652,,1318,2,0,9 10 11,0,70,,1319,2,0,9 10 11,0
35700,'61121d2d1b1669750837',1747,,1320,2,0,9 10 11,0
35700,'634b592b186b573b6758',1747,,1321,6,0,9 10 11,0
35700,'693b6416011017175f3d',1312,,443,2,0,9 10 11,0,330,,444,2,0,9 10 11,0
35700,'6d0c424c36686c087407',1322,,1322,6,0,9 10 11,0,395,,1323,6,0,9 10 11,0
35700,'7f443a14596255477616',652,,1324,2,0,9 10 11,0,70,,1325,2,0,9 10 11,0
