35400,'2f16807a52596335736c',615,,1207,1,0,9 26,0,600,,1211,1,0,9 26,0
35501,'033e170961301f7a0308',930,,1662,25,0,20 21 22,0,391,,1663,25,0,20 21 22,0,324,,1661,25,0,20 21 22,0
35501,'055e00325b240c7d4777',1110,,1235,27,0,20 21 22,0,715,,1234,27,0,20 21 22,0
35501,'12050f054d0a0f53752f',1324,,1239,25,0,20 21 22,0
35501,'126535785649426e467c',854,,1666,27,0,49 50,0,795,,1664,25,0,20 21 22,0,180,,1665,25,0,20 21 22,0
35501,'210a7c3e60384f725e7c',1110,,1668,27,0,20 21 22,0,715,,1667,27,0,20 21 22,0
35501,'2530772d5b5960361a09',1614,,1236,25,0,49 50,0,311,,1237,27,0,20 21 22,0
35501,'371d2f0f7337032c2b25',1329,,1233,25,0,20 21 22,0
35501,'3a3841530321505b7b18',1324,,1669,25,0,20 21 22,0
35501,'4f67586f291357636e2f',1614,,1670,25,0,49 50,0,311,,1671,27,0,20 21 22,0
35501,'566406012b1e7e430018',1124,,1673,25,0,49 50,0
35501,'59737b0d0f044b52693e',1325,,1675,25,0,20 21 22,0,320,,1674,25,0,20 21 22,0
35501,'5d21673510580b5d6c6e',1329,,1676,25,0,20 21 22,0
35501,'723148100c272b183b65',930,,1231,25,0,20 21 22,0,391,,1232,25,0,20 21 22,0,324,,1230,25,0,20 21 22,0
35501,'7249395f521c57637d3d',854,,1244,27,0,49 50,0,270,,1229,25,0,49 50,0,525,,1242,25,0,20 21 22,0,175,,1243,25,0,20 21 22,0
37500,'1e386a27476c5b6e1461',655,,1463,1,0,23 24 18,0
