35600,'02070559307629202a09',654,,373,31,0,9 10 11,0
35600,'0a2f1e22095132130163',1824,,374,32,0,9 10 11,0,5,,375,32,0,9 10 11,0
35600,'0a3c663a7d504d200835',1614,,1245,32,0,9 10 11,0,15,,1246,33,0,9 10 11,0
35600,'0d7c5c285a59412d315b',1819,,1247,31,0,9 10 11,0
35600,'112a0b7f332a564f1678',1254,,1248,31,0,9 10 11,0
35600,'14187635613e43612170',1504,,1249,31,0,9 10 11,0
35600,'1a223768176411647430',1824,,1250,31,0,9 10 11,0
35600,'1c2e3625233d01453772',635,,1252,31,0,9 10 11,0,319,,1251,31,0,9 10 11,0
35600,'1c42311e025d3b40504f',1729,,376,32,0,9 10 11,0
35600,'1f5759673f12020b0a50',654,,1253,31,0,9 10 11,0
35600,'200a2d69427732221f48',1254,,377,31,0,9 10 11,0
35600,'220e7e723c71704c1463',1504,,378,35,0,9 10 11,0,330,,379,35,0,9 10 11,0
35600,'2752046f425a49721d09',1254,,380,31,0,9 10 11,0
35600,'295d5e0567072f655d20',1119,,381,35,0,9 10 11,0,800,,382,35,0,9 10 11,0
35600,'2a08755845643968295b',654,,384,31,0,9 10 11,0,80,,385,31,0,9 10 11,0,70,,386,31,0,9 10 11,0,920,,383,31,0,9 10 11,0
35600,'2a5b3362091f52630354',654,,389,31,0,9 10 11,0,85,,390,31,0,9 10 11,0,70,,391,31,0,9 10 11,0,695,,387,31,0,9 10 11,0,399,,388,32,0,9 10 11,0
35600,'31744f7e5638320a2d4c',1254,,1254,32,0,9 10 11,0,5,,1255,32,0,9 10 11,0
35600,'4d7a6615443531084902',635,,393,31,0,9 10 11,0,319,,392,31,0,9 10 11,0
35600,'4f0277002864772e6462',854,,1256,31,0,9 10 11,0
35600,'52166b36781a3037644c',854,,394,31,0,9 10 11,0
35600,'553d275f1455102c362a',1824,,1257,32,0,9 10 11,0,5,,1258,32,0,9 10 11,0
35600,'56061576073054406d39',1824,,1259,31,0,9 10 11,0
35600,'59737b0d0f044b52693e',654,,1261,31,0,9 10 11,0,80,,1262,31,0,9 10 11,0,70,,1263,31,0,9 10 11,0,920,,1260,31,0,9 10 11,0
35600,'61121d2d1b1669750837',1119,,1264,31,0,9 10 11,0,800,,1265,31,0,9 10 11,0
35600,'634b592b186b573b6758',1119,,1266,35,0,9 10 11,0,800,,1267,35,0,9 10 11,0
35600,'693b6416011017175f3d',1614,,395,32,0,9 10 11,0,15,,396,33,0,9 10 11,0,100,,397,33,0,9 10 11,0
35600,'6a233617047119584137',1254,,1268,31,0,9 10 11,0
35600,'6d0c424c36686c087407',1504,,1269,35,0,9 10 11,0,320,,1270,35,0,9 10 11,0
35600,'725616403949496a5c67',1254,,398,32,0,9 10 11,0,5,,399,32,0,9 10 11,0,565,,401,31,0,9 10 11,0
35600,'7f443a14596255477616',654,,1273,31,0,9 10 11,0,85,,1274,31,0,9 10 11,0,70,,1275,31,0,9 10 11,0,920,,1271,32,0,9 10 11,0,174,,1272,32,0,9 10 11,0
