35800,'136e6b484c454e417465',833,,466,2,0,9 10 11,0
35800,'1c2e3625233d01453772',1218,,1348,2,0,9 10 11,0
35800,'1f5759673f12020b0a50',733,,1349,2,0,9 10 11,0,497,,1350,3,0,9 10 11,0
35800,'3823594e52252d7f6b14',833,,1351,2,0,9 10 11,0
35800,'3a511f30370a721b2433',733,,464,2,0,9 10 11,0,497,,465,3,0,9 10 11,0
35800,'494a652c1e455e3d7c72',613,,1352,2,0,9 10 11,0
35800,'4d5937526b3b473f041c',1633,,472,2,0,9 10 11,0
35800,'4f0277002864772e6462',1533,,1353,2,0,9 10 11,0
35800,'59737b0d0f044b52693e',633,,1354,3,0,9 10 11,0
35800,'69181125652d7e4d6a80',633,,467,3,0,9 10 11,0,585,,473,2,0,9 10 11,0
35800,'702c275e051204394d01',1533,,474,2,0,9 10 11,0
35800,'7a7c2673351c18595c18',1633,,1355,2,0,9 10 11,0
35800,'7f443a14596255477616',633,,1356,3,0,9 10 11,0,20,,1357,2,0,9 10 11,0,195,,1358,2,0,9 10 11,0
