31900,'2a2423055d636f354b6d',1256,,1076,15,0,9 68 38,0
31900,'2f16807a52596335736c',638,,1073,14,0,9 68 38,0,83,,1074,15,0,9 68 38,0,117,,1075,14,0,9 68 38,0
35800,'1e386a27476c5b6e1461',655,,1356,19,0,9 10 11,0,60,,1357,18,0,9 10 11,0,195,,1358,18,0,9 10 11,0
35800,'1f5759673f12020b0a50',755,,1349,18,0,9 10 11,0,497,,1350,19,0,9 10 11,0
35800,'2a2423055d636f354b6d',1555,,1353,18,0,9 10 11,0
35800,'2f16807a52596335736c',1240,,1348,18,0,9 10 11,0
35800,'3823594e52252d7f6b14',855,,1351,18,0,9 10 11,0
35800,'59737b0d0f044b52693e',655,,1354,19,0,9 10 11,0
35800,'71472061383531535e0f',635,,1352,18,0,9 10 11,0
35800,'7a7c2673351c18595c18',1655,,1355,18,0,9 10 11,0
