35801,'02070559307629202a09',1455,,475,31,0,91 92,0,451,,476,31,0,91 92,0
35801,'1a20552b5a400f716a1b',1044,,477,31,0,91 92,0,807,,478,31,0,91 92,0
35801,'1c2e3625233d01453772',1914,,1359,31,0,91 92,0
35801,'1f5759673f12020b0a50',1455,,1360,31,0,91 92,0,451,,1361,31,0,91 92,0
35801,'2a5b3362091f52630354',1340,,479,31,0,91 92,0,499,,480,31,0,91 92,0
35801,'3823594e52252d7f6b14',1044,,1362,31,0,91 92,0,807,,1363,31,0,91 92,0
35801,'494a652c1e455e3d7c72',1340,,1364,31,0,91 92,0
35801,'4d7a6615443531084902',1914,,481,31,0,91 92,0
35801,'4f0277002864772e6462',956,,1365,31,0,91 92,0,858,,1366,31,0,93 94 95,0
35801,'52166b36781a3037644c',956,,482,31,0,91 92,0,858,,483,31,0,93 94 95,0
35801,'7f443a14596255477616',1839,,1367,31,0,91 92,0
