35001,'02070559307629202a09',1750,,260,9,0,105 2 10 52,0
35001,'0a2f1e22095132130163',1712,,261,9,0,144 2 25,0,8,,262,10,0,144 2 25,0,100,,263,10,0,144 2 25,0,20,,265,9,0,144 2 25,0
35001,'2a08755845643968295b',1712,,266,9,0,144 2 25,0,38,,267,9,0,144 2 25,0,70,,268,9,0,144 2 25,0
35001,'2a5b3362091f52630354',1750,,269,9,0,144 2 25,0
35001,'4d7a6615443531084902',840,,277,9,0,144 2 25,0,590,,273,9,0,105 2 10 52,0,195,,274,9,0,105 2 10 52,0,290,,276,9,0,144 2 25,0
35001,'725616403949496a5c67',1248,,284,10,0,145 2 146,0,92,,279,9,0,144 2 25,0,372,,280,9,0,144 2 25,0,108,,281,9,0,144 2 25,0
38301,'0a2f1e22095132130163',1635,,769,9,0,147 2 117,0
38301,'2a5b3362091f52630354',739,,770,9,0,147 2 117,0
38301,'4d7a6615443531084902',1840,,771,9,0,63 2 21 64,0
38301,'52166b36781a3037644c',1259,,772,9,0,63 2 21 64,0
