31001,'2d754f17311a6a76795e',1150,,1055,8,0,55 40,0
31001,'7e0f6d0161517025331a',1150,,123,8,0,55 40,0
38300,'02070559307629202a09',723,,762,14,0,9 35 36 37 38,0
38300,'1c2e3625233d01453772',1413,,1530,14,0,9 35 36 37 38,0
38300,'1f5759673f12020b0a50',723,,1531,14,0,9 35 36 37 38,0
38300,'2a08755845643968295b',723,,763,14,0,9 35 36 37 38,0
38300,'2a5b3362091f52630354',710,,765,14,0,9 35 36 37 38,0
38300,'4d7a6615443531084902',1413,,768,14,0,9 35 36 37 38,0
38300,'59737b0d0f044b52693e',723,,1533,14,0,9 35 36 37 38,0
38300,'7f443a14596255477616',710,,1535,14,0,9 35 36 37 38,0
