35601,'055e00325b240c7d4777',957,,407,51,0,15 16 17,0,801,,408,51,0,15 16 17,0
35601,'075f4276790e1e273655',1458,,1276,51,0,15 16 17,0
35601,'0a3c663a7d504d200835',1613,,1277,51,0,12 13 14,0
35601,'184134507f4517151633',908,,1279,51,0,12 13 14,0
35601,'1e386a27476c5b6e1461',718,,1305,2,0,12 13 14,0,197,,1306,51,0,12 13 14,0,833,,1302,51,0,12 13 14,0,80,,1303,51,0,12 13 14,0
35601,'1f5759673f12020b0a50',728,,1284,51,0,12 13 14,0
35601,'2943795d360756687162',1328,,1278,51,0,12 13 14,0
35601,'2a2423055d636f354b6d',2013,,1289,51,0,12 13 14,0
35601,'2f16807a52596335736c',1128,,1280,51,0,12 13 14,0,330,,1281,51,0,12 13 14,0,100,,1282,51,0,12 13 14,0,390,,1283,51,0,12 13 14,0
35601,'320823102b697f311363',1458,,1285,51,0,12 13 14,0
35601,'321e5f70685c1473436a',1908,,1287,51,0,12 13 14,0
35601,'332311354b01253e3615',943,,1286,51,0,12 13 14,0
35601,'59445e7d50034e156e11',1858,,1290,51,0,12 13 14,0
35601,'59737b0d0f044b52693e',728,,1293,51,0,12 13 14,0,1010,,1291,51,0,12 13 14,0,80,,1292,51,0,12 13 14,0
35601,'61121d2d1b1669750837',957,,1294,51,0,12 13 14,0,801,,1295,51,0,12 13 14,0
35601,'634b592b186b573b6758',957,,1296,51,0,15 16 17,0,801,,1297,51,0,15 16 17,0
35601,'6d0c424c36686c087407',913,,1299,51,0,15 16 17,0,415,,1298,51,0,15 16 17,0
35601,'71472061383531535e0f',1658,,1288,51,0,12 13 14,0
35601,'7c40501f37807a467b28',1658,,1300,51,0,15 16 17,0
