35400,'1c2e3625233d01453772',621,,1207,4,0,9 26,0,600,,1211,4,0,9 26,0
35501,'033e170961301f7a0308',938,,1662,28,0,20 21 22,0,389,,1663,28,0,20 21 22,0,326,,1661,28,0,20 21 22,0
35501,'055e00325b240c7d4777',1118,,1235,30,0,20 21 22,0,715,,1234,30,0,20 21 22,0
35501,'126535785649426e467c',900,,1666,30,0,49 50,0,755,,1664,28,0,20 21 22,0,180,,1665,28,0,20 21 22,0
35501,'191b086669276f0a2c02',1330,,1239,28,0,20 21 22,0
35501,'210a7c3e60384f725e7c',1118,,1668,30,0,20 21 22,0,715,,1667,30,0,20 21 22,0
35501,'371d2f0f7337032c2b25',1335,,1233,28,0,20 21 22,0
35501,'3a3841530321505b7b18',1330,,1669,28,0,20 21 22,0
35501,'4f67586f291357636e2f',1620,,1670,28,0,49 50,0,313,,1671,30,0,20 21 22,0
35501,'566406012b1e7e430018',1130,,1673,28,0,49 50,0
35501,'59737b0d0f044b52693e',1333,,1675,28,0,20 21 22,0,320,,1674,28,0,20 21 22,0
35501,'5d21673510580b5d6c6e',1335,,1676,28,0,20 21 22,0
35501,'5d5f40704724192d5825',900,,1244,30,0,49 50,0,230,,1229,28,0,49 50,0,525,,1242,28,0,20 21 22,0,175,,1243,28,0,20 21 22,0
35501,'723148100c272b183b65',938,,1231,28,0,20 21 22,0,389,,1232,28,0,20 21 22,0,326,,1230,28,0,20 21 22,0
35501,'7360781f782d14543c3f',1620,,1236,28,0,49 50,0,313,,1237,30,0,20 21 22,0
37500,'7f443a14596255477616',701,,1463,4,0,23 24 18,0
