31801,'2a2423055d636f354b6d',1746,,1072,7,0,74 21,0
31801,'2f16807a52596335736c',1303,,1070,7,0,74 21,0,529,,1071,7,0,74 21,0
31901,'2a2423055d636f354b6d',1752,,1080,7,0,69 70 71,0
31901,'2f16807a52596335736c',1400,,1077,7,0,69 70 71,0,218,,1078,7,0,69 70 71,0,208,,1079,7,0,69 70 71,0
35801,'1e386a27476c5b6e1461',1802,,1367,13,0,91 92,0
35801,'1f5759673f12020b0a50',1428,,1360,13,0,91 92,0,410,,1361,13,0,91 92,0
35801,'2a2423055d636f354b6d',928,,1365,13,0,91 92,0,808,,1366,13,0,93 94 95,0
35801,'2f16807a52596335736c',1842,,1359,13,0,91 92,0
35801,'3823594e52252d7f6b14',1019,,1362,13,0,91 92,0,810,,1363,13,0,91 92,0
35801,'71472061383531535e0f',1312,,1364,13,0,91 92,0
