35401,'1c2e3625233d01453772',1406,,1212,31,0,28 29,0,550,,1214,31,0,28 29,0
35401,'59737b0d0f044b52693e',1903,,1215,31,0,28 29,0
35401,'7f443a14596255477616',1911,,1216,31,0,28 29,0
35500,'033e170961301f7a0308',753,,1649,15,0,9 26,0
35500,'055e00325b240c7d4777',908,,1220,15,0,9 10 11,0,715,,1219,15,0,9 10 11,0
35500,'126535785649426e467c',633,,1650,5,0,9 10 11,0,13,,1651,15,0,9 10 11,0
35500,'210a7c3e60384f725e7c',908,,1654,15,0,9 10 11,0,715,,1653,15,0,9 10 11,0
35500,'4f67586f291357636e2f',1147,,1657,5,0,9 26,0,112,,1658,15,0,9 26,0,378,,1656,5,0,9 26,0
35500,'566406012b1e7e430018',907,,1659,5,0,9 26,0
35500,'59737b0d0f044b52693e',708,,1660,15,0,9 10 11,0
35500,'5d5f40704724192d5825',633,,1226,5,0,9 10 11,0,68,,1227,15,0,9 10 11,0,206,,1217,5,0,9 26,0
35500,'723148100c272b183b65',753,,1218,15,0,9 26,0
35500,'7360781f782d14543c3f',1147,,1223,5,0,9 26,0,112,,1224,15,0,9 26,0,378,,1222,5,0,9 26,0
37501,'31744f7e5638320a2d4c',1253,,1465,22,0,28 29,0
37501,'553d275f1455102c362a',1846,,1467,22,0,28 29,0
