35401,'1e386a27476c5b6e1461',1915,,1216,32,4,,0
35401,'2f16807a52596335736c',1410,,1212,32,4,,0,590,,1214,32,4,,0
35401,'59737b0d0f044b52693e',1907,,1215,32,4,,0
35500,'033e170961301f7a0308',756,,1649,16,0,9 26,0
35500,'055e00325b240c7d4777',911,,1220,16,0,9 10 11,0,715,,1219,16,0,9 10 11,0
35500,'126535785649426e467c',636,,1650,6,0,9 10 11,0,13,,1651,16,0,9 10 11,0
35500,'210a7c3e60384f725e7c',911,,1654,16,0,9 10 11,0,715,,1653,16,0,9 10 11,0
35500,'2530772d5b5960361a09',1150,,1223,6,0,9 26,0,152,,1224,16,0,9 26,0,338,,1222,6,0,9 26,0
35500,'4f67586f291357636e2f',1150,,1657,6,0,9 26,0,152,,1658,16,0,9 26,0,338,,1656,6,0,9 26,0
35500,'566406012b1e7e430018',910,,1659,6,0,9 26,0
35500,'59737b0d0f044b52693e',711,,1660,16,0,9 10 11,0
35500,'723148100c272b183b65',756,,1218,16,0,9 26,0
35500,'7249395f521c57637d3d',636,,1226,6,0,9 10 11,0,68,,1227,16,0,9 10 11,0,206,,1217,6,0,9 26,0
37501,'1e7832711c690d2e452a',1850,,1467,23,4,,0
37501,'31744f7e5638320a2d4c',1257,,1465,23,4,,0
