35601,'055e00325b240c7d4777',935,,407,33,0,15 16 17,0,803,,408,33,0,15 16 17,0
35601,'075f4276790e1e273655',1438,,1276,33,0,15 16 17,0
35601,'0a3c663a7d504d200835',1553,,1277,33,0,12 13 14,0
35601,'184134507f4517151633',848,,1279,33,0,12 13 14,0
35601,'1e386a27476c5b6e1461',658,,1301,33,0,12 13 14,0,195,,1306,33,0,12 13 14,0,875,,1302,33,0,12 13 14,0,80,,1303,33,0,12 13 14,0
35601,'1f5759673f12020b0a50',708,,1284,33,0,12 13 14,0
35601,'2943795d360756687162',1308,,1278,33,0,12 13 14,0
35601,'2a2423055d636f354b6d',1953,,1289,33,0,12 13 14,0
35601,'2f16807a52596335736c',1108,,1280,33,0,12 13 14,0,330,,1281,33,0,12 13 14,0,100,,1282,33,0,12 13 14,0,390,,1283,33,0,12 13 14,0
35601,'320823102b697f311363',1438,,1285,33,0,12 13 14,0
35601,'321e5f70685c1473436a',1848,,1287,33,0,12 13 14,0
35601,'332311354b01253e3615',923,,1286,33,0,12 13 14,0
35601,'59445e7d50034e156e11',1838,,1290,33,0,12 13 14,0
35601,'59737b0d0f044b52693e',708,,1293,33,0,12 13 14,0,1010,,1291,33,0,12 13 14,0,40,,1292,33,0,12 13 14,0
35601,'61121d2d1b1669750837',935,,1294,33,0,12 13 14,0,803,,1295,33,0,12 13 14,0
35601,'634b592b186b573b6758',935,,1296,33,0,15 16 17,0,803,,1297,33,0,15 16 17,0
35601,'6d0c424c36686c087407',853,,1299,33,0,15 16 17,0,455,,1298,33,0,15 16 17,0
35601,'71472061383531535e0f',1638,,1288,33,0,12 13 14,0
35601,'7c40501f37807a467b28',1638,,1300,33,0,15 16 17,0
