35500,'033e170961301f7a0308',827,,1649,33,0,9 26,0
35500,'055e00325b240c7d4777',942,,1220,33,0,9 10 11,0,715,,1219,33,0,9 10 11,0
35500,'126535785649426e467c',712,,1650,23,0,9 10 11,0,13,,1651,33,0,9 10 11,0,107,,1652,12,0,9 26,0
35500,'210a7c3e60384f725e7c',942,,1654,33,0,9 10 11,0,715,,1653,33,0,9 10 11,0
35500,'4f67586f291357636e2f',1222,,1657,23,0,9 26,0,110,,1658,33,0,9 26,0,118,,1655,12,0,9 26,0,262,,1656,23,0,9 26,0
35500,'566406012b1e7e430018',942,,1659,23,0,9 26,0
35500,'59737b0d0f044b52693e',741,,1660,33,0,9 10 11,0
35500,'5d5f40704724192d5825',712,,1226,23,0,9 10 11,0,28,,1227,33,0,9 10 11,0,92,,1228,12,0,9 26,0,110,,1217,23,0,9 26,0
35500,'723148100c272b183b65',827,,1218,33,0,9 26,0
35500,'7360781f782d14543c3f',1222,,1223,23,0,9 26,0,110,,1224,33,0,9 26,0,118,,1221,12,0,9 26,0,262,,1222,23,0,9 26,0
