35601,'075f4276790e1e273655',1426,,1276,21,0,15 16 17,0
35601,'0a3c663a7d504d200835',1541,,1277,21,0,12 13 14,0
35601,'14187635613e43612170',1256,,1278,21,0,12 13 14,0
35601,'184134507f4517151633',836,,1279,21,0,12 13 14,0
35601,'1c2e3625233d01453772',1056,,1280,21,0,12 13 14,0,370,,1281,21,0,12 13 14,0,100,,1282,21,0,12 13 14,0,390,,1283,21,0,12 13 14,0
35601,'1f5759673f12020b0a50',656,,1284,21,0,12 13 14,0
35601,'320823102b697f311363',1426,,1285,21,0,12 13 14,0
35601,'332311354b01253e3615',911,,1286,21,0,12 13 14,0
35601,'3a4a044232474e33312b',922,,407,21,0,15 16 17,0,804,,408,21,0,15 16 17,0
35601,'3a511f30370a721b2433',656,,403,21,0,12 13 14,0,755,,402,21,0,15 16 17,0
35601,'3f575e1f5f6d63575f07',1836,,1287,21,0,12 13 14,0
35601,'494a652c1e455e3d7c72',1626,,1288,21,0,12 13 14,0
35601,'4f0277002864772e6462',1941,,1289,21,0,12 13 14,0
35601,'59445e7d50034e156e11',1826,,1290,21,0,12 13 14,0
35601,'59737b0d0f044b52693e',656,,1293,21,0,12 13 14,0,1050,,1291,21,0,12 13 14,0,40,,1292,21,0,12 13 14,0
35601,'61121d2d1b1669750837',922,,1294,21,0,12 13 14,0,804,,1295,21,0,12 13 14,0
35601,'634b592b186b573b6758',922,,1296,21,0,15 16 17,0,804,,1297,21,0,15 16 17,0
35601,'69181125652d7e4d6a80',656,,412,21,0,12 13 14,0,570,,422,21,0,12 13 14,0,200,,423,21,0,12 13 14,0,100,,424,21,0,12 13 14,0,100,,409,21,0,15 16 17,0,80,,410,21,0,12 13 14,0,40,,411,21,0,12 13 14,0,170,,425,21,0,12 13 14,0
35601,'6d0c424c36686c087407',841,,1299,21,0,15 16 17,0,415,,1298,21,0,15 16 17,0
35601,'702c275e051204394d01',841,,406,21,0,15 16 17,0,415,,404,21,0,15 16 17,0,570,,405,21,0,12 13 14,0,115,,426,21,0,12 13 14,0
35601,'7c40501f37807a467b28',1626,,1300,21,0,15 16 17,0
35601,'7f443a14596255477616',646,,1301,21,0,12 13 14,0,198,,1306,21,0,12 13 14,0,872,,1302,21,0,12 13 14,0,40,,1303,21,0,12 13 14,0
