35701,'02070559307629202a09',917,,445,48,0,12 13 14,0
35701,'0d4e3278231744213640',1857,,1326,48,0,12 13 14,0
35701,'1a20552b5a400f716a1b',2017,,446,48,0,12 13 14,0
35701,'1c2e3625233d01453772',1407,,1330,48,0,12 13 14,0,250,,1327,48,0,12 13 14,0,100,,1328,48,0,12 13 14,0,280,,1329,48,0,12 13 14,0
35701,'220e7e723c71704c1463',1001,,448,48,0,15 16 17,0,851,,447,48,0,12 13 14,0
35701,'295d5e0567072f655d20',1134,,449,48,0,15 16 17,0
35701,'2a08755845643968295b',852,,452,48,0,12 13 14,0,383,,453,48,0,15 16 17,0,582,,450,48,0,12 13 14,0,110,,451,48,0,12 13 14,0
35701,'2a5b3362091f52630354',905,,457,48,0,12 18 19,0,101,,458,48,0,12 13 14,0,229,,459,48,0,12 13 14,0,587,,454,48,0,12 13 14,0,83,,455,48,0,12 13 14,0,31,,456,48,0,12 13 14,0
35701,'320823102b697f311363',917,,1331,48,0,12 13 14,0
35701,'332311354b01253e3615',927,,1332,48,0,12 18 19,0
35701,'3823594e52252d7f6b14',2017,,1333,48,0,12 13 14,0
35701,'494a652c1e455e3d7c72',1006,,1334,48,0,12 13 14,0,229,,1335,48,0,12 13 14,0
35701,'4d7a6615443531084902',1407,,463,48,0,12 13 14,0,250,,460,48,0,12 13 14,0,100,,461,48,0,12 13 14,0,280,,462,48,0,12 13 14,0
35701,'59445e7d50034e156e11',1852,,1336,48,0,12 13 14,0
35701,'59737b0d0f044b52693e',852,,1339,48,0,12 13 14,0,965,,1337,48,0,12 13 14,0,110,,1338,48,0,12 13 14,0
35701,'61121d2d1b1669750837',1133,,1340,48,0,12 13 14,0
35701,'634b592b186b573b6758',1134,,1341,48,0,15 16 17,0
35701,'6d0c424c36686c087407',1001,,1342,48,0,15 16 17,0
35701,'7c40501f37807a467b28',1235,,1343,48,0,15 16 17,0
35701,'7f443a14596255477616',905,,1347,48,0,12 18 19,0,917,,1344,48,0,12 13 14,0,83,,1345,48,0,12 13 14,0,31,,1346,48,0,12 13 14,0
