35501,'033e170961301f7a0308',858,,1662,8,0,20 21 22,0,393,,1663,8,0,20 21 22,0,362,,1661,8,0,20 21 22,0
35501,'055e00325b240c7d4777',1038,,1235,10,0,20 21 22,0,715,,1234,10,0,20 21 22,0
35501,'126535785649426e467c',823,,1666,10,0,49 50,0,795,,1664,8,0,20 21 22,0,140,,1665,8,0,20 21 22,0
35501,'191b086669276f0a2c02',1253,,1239,8,0,20 21 22,0
35501,'210a7c3e60384f725e7c',1038,,1668,10,0,20 21 22,0,715,,1667,10,0,20 21 22,0
35501,'371d2f0f7337032c2b25',1258,,1233,8,0,20 21 22,0
35501,'3a3841530321505b7b18',1253,,1669,8,0,20 21 22,0
35501,'4f67586f291357636e2f',1408,,1672,8,0,72 25,0,135,,1670,8,0,49 50,0,310,,1671,10,0,20 21 22,0
35501,'566406012b1e7e430018',1053,,1673,8,0,49 50,0
35501,'59737b0d0f044b52693e',1253,,1675,8,0,20 21 22,0,360,,1674,8,0,20 21 22,0
35501,'5d21673510580b5d6c6e',1258,,1676,8,0,20 21 22,0
35501,'5d5f40704724192d5825',823,,1244,10,0,49 50,0,230,,1229,8,0,49 50,0,565,,1242,8,0,20 21 22,0,135,,1243,8,0,20 21 22,0
35501,'723148100c272b183b65',858,,1231,8,0,20 21 22,0,393,,1232,8,0,20 21 22,0,362,,1230,8,0,20 21 22,0
35501,'7360781f782d14543c3f',1408,,1238,8,0,72 25,0,135,,1236,8,0,49 50,0,310,,1237,10,0,20 21 22,0
