36201,'1e386a27476c5b6e1461',842,,1390,4,0,87 88,0,765,,1391,4,0,85 92,0,100,,1392,4,0,87 88,0
36201,'1f5759673f12020b0a50',1607,,1389,4,0,87 88,0,235,,1388,4,0,87 88,0
36201,'2f16807a52596335736c',1242,,1383,4,0,87 89,0,295,,1384,4,0,85 92,0,105,,1385,4,0,87 89,0,100,,1386,4,0,87 88,0,100,,1387,4,0,87 89,0
36301,'1e386a27476c5b6e1461',1306,,1401,4,0,31 32,0,401,,1402,4,0,31 32,0
36301,'2a2423055d636f354b6d',1837,,1400,4,0,31 32,0
36301,'2f16807a52596335736c',857,,1399,4,0,31 32,0
36501,'0e5131610429337c0530',700,,1420,4,0,135 25,0,107,,1421,4,0,166 32,0
36501,'1e386a27476c5b6e1461',620,,1436,4,0,132 117,0,987,,1434,4,0,132 117,0,100,,1435,4,0,133 134,0
36501,'1f5759673f12020b0a50',1753,,1425,4,0,132 117,0
36501,'2a2423055d636f354b6d',1237,,1429,4,0,132 117,0,180,,1430,4,0,132 117,0
36501,'2c14404d6d61074b6d28',907,,1426,4,0,133 134,0
36501,'2f16807a52596335736c',1737,,1422,4,0,132 117,0,100,,1423,4,0,133 134,0
36501,'3823594e52252d7f6b14',900,,1428,4,0,132 117,0,805,,1427,4,0,132 117,0
36501,'3c550d10735a472e4755',700,,1433,4,0,135 25,0
36501,'484f0e366a041c114e35',907,,1432,4,0,133 134,0
36501,'59737b0d0f044b52693e',1707,,1431,4,0,133 134,0
36901,'1e386a27476c5b6e1461',1612,,1449,4,0,128 129,0,100,,1450,4,0,130 131,0
36901,'1f5759673f12020b0a50',1617,,1445,4,0,128 129,0
36901,'2f16807a52596335736c',1757,,1443,4,0,128 129,0,80,,1444,4,0,128 129,0
36901,'3823594e52252d7f6b14',1027,,1446,4,0,130 131,0,780,,1447,4,0,130 131,0
36901,'71472061383531535e0f',1247,,1448,4,0,128 129,0
37301,'1e386a27476c5b6e1461',1642,,1462,4,0,143 45,0
37301,'1f5759673f12020b0a50',1420,,1459,4,0,143 45,0
37301,'2a2423055d636f354b6d',1807,,1461,4,0,143 45,0
37301,'2f16807a52596335736c',842,,1457,4,0,143 45,0,865,,1458,4,0,143 45,0
37301,'31744f7e5638320a2d4c',1247,,1460,4,0,143 45,0
