35601,'055e00325b240c7d4777',940,,407,38,0,15 16 17,0,802,,408,38,0,15 16 17,0
35601,'075f4276790e1e273655',1442,,1276,38,0,15 16 17,0
35601,'0a3c663a7d504d200835',1557,,1277,38,0,12 13 14,0
35601,'184134507f4517151633',852,,1279,38,0,12 13 14,0
35601,'1e386a27476c5b6e1461',702,,1301,38,0,12 13 14,0,156,,1306,38,0,12 13 14,0,874,,1302,38,0,12 13 14,0,80,,1303,38,0,12 13 14,0
35601,'1f5759673f12020b0a50',712,,1284,38,0,12 13 14,0
35601,'2943795d360756687162',1312,,1278,38,0,12 13 14,0
35601,'2a2423055d636f354b6d',1957,,1289,38,0,12 13 14,0
35601,'2f16807a52596335736c',1112,,1280,38,0,12 13 14,0,330,,1281,38,0,12 13 14,0,100,,1282,38,0,12 13 14,0,390,,1283,38,0,12 13 14,0
35601,'320823102b697f311363',1442,,1285,38,0,12 13 14,0
35601,'321e5f70685c1473436a',1852,,1287,38,0,12 13 14,0
35601,'332311354b01253e3615',927,,1286,38,0,12 13 14,0
35601,'59445e7d50034e156e11',1842,,1290,38,0,12 13 14,0
35601,'59737b0d0f044b52693e',712,,1293,38,0,12 13 14,0,1010,,1291,38,0,12 13 14,0,80,,1292,38,0,12 13 14,0
35601,'61121d2d1b1669750837',940,,1294,38,0,12 13 14,0,802,,1295,38,0,12 13 14,0
35601,'634b592b186b573b6758',940,,1296,38,0,15 16 17,0,802,,1297,38,0,15 16 17,0
35601,'6d0c424c36686c087407',857,,1299,38,0,15 16 17,0,455,,1298,38,0,15 16 17,0
35601,'71472061383531535e0f',1642,,1288,38,0,12 13 14,0
35601,'7c40501f37807a467b28',1642,,1300,38,0,15 16 17,0
