30100,'1e386a27476c5b6e1461',645,,944,2,0,9 26,0,58,,945,5,0,9 26,0,5,,946,5,0,9 26,0
30100,'2f16807a52596335736c',617,,938,5,0,9 26,0,30,,939,5,0,9 26,0,71,,940,5,0,9 26,0,30,,941,5,0,9 26,0,70,,942,5,0,9 26,0,27,,943,5,0,9 26,0,770,,932,5,0,9 26,0,30,,933,5,0,9 26,0,70,,934,5,0,9 26,0,30,,935,5,0,9 26,0,70,,936,5,0,9 26,0,30,,937,5,0,9 26,0
35100,'1e386a27476c5b6e1461',623,,1172,15,0,9 10 11,0,17,,1173,15,0,9 10 11,0,263,,1174,3,0,9 10 11,0
35100,'1e7832711c690d2e452a',1803,,1169,3,0,9 10 11,0
35100,'1f5759673f12020b0a50',808,,1159,15,0,9 10 11,0,333,,1160,15,0,9 10 11,0
35100,'2a2423055d636f354b6d',1053,,1168,15,0,9 10 11,0,267,,1166,15,0,9 10 11,0,110,,1167,15,0,9 10 11,0
35100,'2f16807a52596335736c',1247,,1158,3,0,9 26,0
35100,'31744f7e5638320a2d4c',1213,,1163,3,0,9 10 11,0
35100,'3823594e52252d7f6b14',852,,1165,15,0,9 10 11,0,785,,1164,15,0,9 10 11,0
35100,'59737b0d0f044b52693e',1141,,1171,15,0,9 10 11,0
