35801,'02070559307629202a09',1459,,475,35,0,91 92,0,452,,476,35,0,91 92,0
35801,'1a20552b5a400f716a1b',1047,,477,35,0,91 92,0,809,,478,35,0,91 92,0
35801,'1c2e3625233d01453772',1918,,1359,35,0,91 92,0
35801,'1f5759673f12020b0a50',1459,,1360,35,0,91 92,0,452,,1361,35,0,91 92,0
35801,'2a5b3362091f52630354',1344,,479,35,0,91 92,0,499,,480,35,0,91 92,0
35801,'3823594e52252d7f6b14',1047,,1362,35,0,91 92,0,809,,1363,35,0,91 92,0
35801,'494a652c1e455e3d7c72',1344,,1364,35,0,91 92,0
35801,'4d7a6615443531084902',1918,,481,35,0,91 92,0
35801,'4f0277002864772e6462',1000,,1365,35,0,91 92,0,818,,1366,35,0,93 94 95,0
35801,'52166b36781a3037644c',1000,,482,35,0,91 92,0,818,,483,35,0,93 94 95,0
35801,'7f443a14596255477616',1843,,1367,35,0,91 92,0
