31401,'2b037649673f32451d0b',1230,,127,9,,,0
31401,'3b0d0a205721144a1f02',1230,,1059,9,,,0
32000,'2a5b3362091f52630354',732,,149,6,0,136 10 52,0
32000,'3c046c2a04663d195765',732,,150,6,0,136 10 52,0
37901,'0a2f1e22095132130163',1745,,740,15,0,114 115,0
37901,'16096334352325192d1f',1259,,1510,14,0,126 47 48,0
37901,'31744f7e5638320a2d4c',1259,,1512,14,0,114 115,0
37901,'4f0277002864772e6462',1744,,1513,14,0,126 47 48,0
37901,'52166b36781a3037644c',1741,,742,15,0,126 47 48,0
37901,'553d275f1455102c362a',1744,,1516,14,0,114 115,0
37901,'69552d0660140f203513',1257,,743,15,0,126 47 48,0
37901,'725616403949496a5c67',1258,,745,15,0,114 115,0
