35701,'055e00325b240c7d4777',1042,,449,12,0,15 16 17,0
35701,'0d4e3278231744213640',1758,,1326,12,0,12 13 14,0
35701,'1c2e3625233d01453772',1316,,1330,12,0,12 13 14,0,290,,1327,12,0,12 13 14,0,52,,1328,12,0,12 13 14,0,288,,1329,12,0,12 13 14,0
35701,'320823102b697f311363',827,,1331,12,0,12 13 14,0
35701,'332311354b01253e3615',831,,1332,12,0,12 18 19,0
35701,'3823594e52252d7f6b14',1927,,1333,12,0,12 13 14,0
35701,'494a652c1e455e3d7c72',916,,1334,12,0,12 13 14,0,230,,1335,12,0,12 13 14,0
35701,'59445e7d50034e156e11',1756,,1336,12,0,12 13 14,0
35701,'59737b0d0f044b52693e',801,,1339,12,0,12 13 14,0,915,,1337,12,0,12 13 14,0,120,,1338,12,0,12 13 14,0
35701,'61121d2d1b1669750837',1042,,1340,12,0,12 13 14,0
35701,'634b592b186b573b6758',1042,,1341,12,0,15 16 17,0
35701,'6d0c424c36686c087407',912,,1342,12,0,15 16 17,0
35701,'7c40501f37807a467b28',1146,,1343,12,0,15 16 17,0
35701,'7f443a14596255477616',807,,1347,12,0,12 18 19,0,919,,1344,12,0,12 13 14,0,32,,1345,12,0,12 13 14,0,82,,1346,12,0,12 13 14,0
