31900,'2a2423055d636f354b6d',1259,,1076,17,0,9 68 38,0
31900,'2f16807a52596335736c',641,,1073,16,0,9 68 38,0,83,,1074,17,0,9 68 38,0,117,,1075,16,0,9 68 38,0
35800,'1e386a27476c5b6e1461',657,,1356,21,0,9 10 11,0,60,,1357,20,0,9 10 11,0,195,,1358,20,0,9 10 11,0
35800,'1f5759673f12020b0a50',756,,1349,20,0,9 10 11,0,498,,1350,21,0,9 10 11,0
35800,'2a2423055d636f354b6d',1557,,1353,20,0,9 10 11,0
35800,'2f16807a52596335736c',1242,,1348,20,0,9 10 11,0
35800,'3823594e52252d7f6b14',856,,1351,20,0,9 10 11,0
35800,'59737b0d0f044b52693e',657,,1354,21,0,9 10 11,0
35800,'71472061383531535e0f',637,,1352,20,0,9 10 11,0
35800,'7a7c2673351c18595c18',1657,,1355,20,0,9 10 11,0
