35101,'02070559307629202a09',1855,,302,14,0,20 21 22,0
35101,'1a20552b5a400f716a1b',1010,,303,14,0,20 21 22,0
35101,'1f5759673f12020b0a50',1855,,1176,14,0,20 21 22,0
35101,'2a5b3362091f52630354',650,,307,14,0,23 24 18,0,105,,309,14,0,23 24 18,0,860,,304,14,0,23 25,0,206,,305,14,0,20 21 22,0,119,,306,14,0,20 21 22,0
35101,'2c295b0e5f4444502b59',1810,,310,14,0,20 21 22,0
35101,'31744f7e5638320a2d4c',1347,,1177,14,0,20 21 22,0
35101,'3823594e52252d7f6b14',1010,,1178,14,0,20 21 22,0
35101,'4f0277002864772e6462',925,,1179,14,0,20 21 22,0,380,,1180,14,0,20 21 22,0,150,,1181,14,0,20 21 22,0
35101,'52166b36781a3037644c',925,,312,14,0,20 21 22,0,380,,313,14,0,20 21 22,0,150,,314,14,0,20 21 22,0
35101,'725616403949496a5c67',1347,,315,14,0,20 21 22,0
35101,'7a7c2673351c18595c18',1810,,1182,14,0,20 21 22,0
35101,'7f443a14596255477616',650,,1186,14,0,23 24 18,0,105,,1188,14,0,23 24 18,0,860,,1183,14,0,23 25,0,206,,1184,14,0,20 21 22,0,119,,1185,14,0,20 21 22,0
