35701,'02070559307629202a09',847,,445,26,0,12 13 14,0
35701,'0d4e3278231744213640',1826,,1326,26,0,12 13 14,0
35701,'1a20552b5a400f716a1b',1947,,446,26,0,12 13 14,0
35701,'1c2e3625233d01453772',1337,,1330,26,0,12 13 14,0,290,,1327,26,0,12 13 14,0,98,,1328,26,0,12 13 14,0,282,,1329,26,0,12 13 14,0
35701,'220e7e723c71704c1463',932,,448,26,0,15 16 17,0,889,,447,26,0,12 13 14,0
35701,'295d5e0567072f655d20',1105,,449,26,0,15 16 17,0
35701,'2a08755845643968295b',822,,452,26,0,12 13 14,0,385,,453,26,0,15 16 17,0,539,,450,26,0,12 13 14,0,111,,451,26,0,12 13 14,0
35701,'2a5b3362091f52630354',833,,457,26,0,12 18 19,0,104,,458,26,0,12 13 14,0,270,,459,26,0,12 13 14,0,543,,454,26,0,12 13 14,0,76,,455,26,0,12 13 14,0,78,,456,26,0,12 13 14,0
35701,'320823102b697f311363',847,,1331,26,0,12 13 14,0
35701,'332311354b01253e3615',855,,1332,26,0,12 18 19,0
35701,'3823594e52252d7f6b14',1947,,1333,26,0,12 13 14,0
35701,'494a652c1e455e3d7c72',937,,1334,26,0,12 13 14,0,270,,1335,26,0,12 13 14,0
35701,'4d7a6615443531084902',1337,,463,26,0,12 13 14,0,290,,460,26,0,12 13 14,0,98,,461,26,0,12 13 14,0,282,,462,26,0,12 13 14,0
35701,'59445e7d50034e156e11',1821,,1336,26,0,12 13 14,0
35701,'59737b0d0f044b52693e',822,,1339,26,0,12 13 14,0,924,,1337,26,0,12 13 14,0,111,,1338,26,0,12 13 14,0
35701,'61121d2d1b1669750837',1105,,1340,26,0,12 13 14,0
35701,'634b592b186b573b6758',1105,,1341,26,0,15 16 17,0
35701,'6d0c424c36686c087407',932,,1342,26,0,15 16 17,0
35701,'7c40501f37807a467b28',1207,,1343,26,0,15 16 17,0
35701,'7f443a14596255477616',833,,1347,26,0,12 18 19,0,917,,1344,26,0,12 13 14,0,76,,1345,26,0,12 13 14,0,78,,1346,26,0,12 13 14,0
