35600,'02070559307629202a09',653,,373,30,0,9 10 11,0
35600,'0a2f1e22095132130163',1823,,374,31,0,9 10 11,0,5,,375,31,0,9 10 11,0
35600,'0a3c663a7d504d200835',1613,,1245,31,0,9 10 11,0,15,,1246,32,0,9 10 11,0
35600,'0d7c5c285a59412d315b',1818,,1247,30,0,9 10 11,0
35600,'112a0b7f332a564f1678',1253,,1248,30,0,9 10 11,0
35600,'14187635613e43612170',1503,,1249,30,0,9 10 11,0
35600,'1a223768176411647430',1823,,1250,30,0,9 10 11,0
35600,'1c2e3625233d01453772',633,,1252,30,0,9 10 11,0,320,,1251,30,0,9 10 11,0
35600,'1c42311e025d3b40504f',1728,,376,31,0,9 10 11,0
35600,'1f5759673f12020b0a50',653,,1253,30,0,9 10 11,0
35600,'200a2d69427732221f48',1253,,377,30,0,9 10 11,0
35600,'220e7e723c71704c1463',1503,,378,34,0,9 10 11,0,330,,379,34,0,9 10 11,0
35600,'2752046f425a49721d09',1253,,380,30,0,9 10 11,0
35600,'295d5e0567072f655d20',1118,,381,34,0,9 10 11,0,800,,382,34,0,9 10 11,0
35600,'2a08755845643968295b',653,,384,30,0,9 10 11,0,80,,385,30,0,9 10 11,0,70,,386,30,0,9 10 11,0,920,,383,30,0,9 10 11,0
35600,'2a5b3362091f52630354',653,,389,30,0,9 10 11,0,85,,390,30,0,9 10 11,0,70,,391,30,0,9 10 11,0,695,,387,30,0,9 10 11,0,399,,388,31,0,9 10 11,0
35600,'31744f7e5638320a2d4c',1253,,1254,31,0,9 10 11,0,5,,1255,31,0,9 10 11,0
35600,'4d7a6615443531084902',633,,393,30,0,9 10 11,0,320,,392,30,0,9 10 11,0
35600,'4f0277002864772e6462',853,,1256,30,0,9 10 11,0
35600,'52166b36781a3037644c',853,,394,30,0,9 10 11,0
35600,'553d275f1455102c362a',1823,,1257,31,0,9 10 11,0,5,,1258,31,0,9 10 11,0
35600,'56061576073054406d39',1823,,1259,30,0,9 10 11,0
35600,'59737b0d0f044b52693e',653,,1261,30,0,9 10 11,0,80,,1262,30,0,9 10 11,0,70,,1263,30,0,9 10 11,0,920,,1260,30,0,9 10 11,0
35600,'61121d2d1b1669750837',1118,,1264,30,0,9 10 11,0,800,,1265,30,0,9 10 11,0
35600,'634b592b186b573b6758',1118,,1266,34,0,9 10 11,0,800,,1267,34,0,9 10 11,0
35600,'693b6416011017175f3d',1613,,395,31,0,9 10 11,0,15,,396,32,0,9 10 11,0,100,,397,32,0,9 10 11,0
35600,'6a233617047119584137',1253,,1268,30,0,9 10 11,0
35600,'6d0c424c36686c087407',1503,,1269,34,0,9 10 11,0,320,,1270,34,0,9 10 11,0
35600,'725616403949496a5c67',1253,,398,31,0,9 10 11,0,5,,399,31,0,9 10 11,0,565,,401,30,0,9 10 11,0
35600,'7f443a14596255477616',653,,1273,30,0,9 10 11,0,85,,1274,30,0,9 10 11,0,70,,1275,30,0,9 10 11,0,920,,1271,31,0,9 10 11,0,174,,1272,31,0,9 10 11,0
