35100,'136e6b484c454e417465',847,,290,12,0,9 10 11,0,785,,289,12,0,9 10 11,0
35100,'1f5759673f12020b0a50',803,,1159,12,0,9 10 11,0,333,,1160,12,0,9 10 11,0
35100,'3823594e52252d7f6b14',847,,1165,12,0,9 10 11,0,785,,1164,12,0,9 10 11,0
35100,'3a511f30370a721b2433',803,,285,12,0,9 10 11,0,333,,286,12,0,9 10 11,0
35100,'4f0277002864772e6462',1048,,1168,12,0,9 10 11,0,267,,1166,12,0,9 10 11,0,110,,1167,12,0,9 10 11,0
35100,'59737b0d0f044b52693e',1136,,1171,12,0,9 10 11,0
35100,'69181125652d7e4d6a80',1136,,291,12,0,9 10 11,0
35100,'702c275e051204394d01',1048,,298,12,0,9 10 11,0,267,,296,12,0,9 10 11,0,110,,297,12,0,9 10 11,0
35100,'7f443a14596255477616',617,,1172,12,0,9 10 11,0,17,,1173,12,0,9 10 11,0
37500,'7f443a14596255477616',739,,1464,12,0,23 24 18,0
