35701,'055e00325b240c7d4777',1057,,449,20,0,15 16 17,0
35701,'0d4e3278231744213640',1817,,1326,20,0,12 13 14,0
35701,'1c2e3625233d01453772',1331,,1330,20,0,12 13 14,0,290,,1327,20,0,12 13 14,0,96,,1328,20,0,12 13 14,0,284,,1329,20,0,12 13 14,0
35701,'320823102b697f311363',841,,1331,20,0,12 13 14,0
35701,'332311354b01253e3615',847,,1332,20,0,12 18 19,0
35701,'3823594e52252d7f6b14',1941,,1333,20,0,12 13 14,0
35701,'494a652c1e455e3d7c72',931,,1334,20,0,12 13 14,0,270,,1335,20,0,12 13 14,0
35701,'59445e7d50034e156e11',1812,,1336,20,0,12 13 14,0
35701,'59737b0d0f044b52693e',816,,1339,20,0,12 13 14,0,921,,1337,20,0,12 13 14,0,114,,1338,20,0,12 13 14,0
35701,'61121d2d1b1669750837',1057,,1340,20,0,12 13 14,0
35701,'634b592b186b573b6758',1057,,1341,20,0,15 16 17,0
35701,'6d0c424c36686c087407',926,,1342,20,0,15 16 17,0
35701,'7c40501f37807a467b28',1201,,1343,20,0,15 16 17,0
35701,'7f443a14596255477616',826,,1347,20,0,12 18 19,0,916,,1344,20,0,12 13 14,0,75,,1345,20,0,12 13 14,0,40,,1346,20,0,12 13 14,0
