34201,'1e386a27476c5b6e1461',1732,,1093,7,0,135 25,0
34201,'1f5759673f12020b0a50',1732,,1638,7,0,135 25,0
34201,'2f16807a52596335736c',1247,,1091,7,0,135 25,0,575,,1637,7,0,135 25,0
34201,'59737b0d0f044b52693e',1732,,1639,7,0,135 25,0
34401,'1e7832711c690d2e452a',1737,,1107,7,0,132 117,0
34401,'31744f7e5638320a2d4c',1247,,1104,7,0,132 117,0
34401,'7061714f794c79290d6c',1510,,1103,3,0,132 117,0
39101,'1e386a27476c5b6e1461',1737,,1587,7,,,0
39101,'1e7832711c690d2e452a',1723,,1585,4,,,0
39101,'2f16807a52596335736c',1831,,1581,4,,,0
39101,'31744f7e5638320a2d4c',1243,,1583,4,,,0
39101,'532f7e634a3b56246321',1236,,1584,4,,,0
39101,'59737b0d0f044b52693e',1737,,1586,7,,,0
39101,'7061714f794c79290d6c',1250,,1582,7,,,0
