35501,'033e170961301f7a0308',940,,1662,29,0,20 21 22,0,388,,1663,29,0,20 21 22,0,327,,1661,29,0,20 21 22,0
35501,'055e00325b240c7d4777',1120,,1235,31,0,20 21 22,0,715,,1234,31,0,20 21 22,0
35501,'126535785649426e467c',902,,1666,31,0,49 50,0,755,,1664,29,0,20 21 22,0,180,,1665,29,0,20 21 22,0
35501,'191b086669276f0a2c02',1332,,1239,29,0,20 21 22,0
35501,'210a7c3e60384f725e7c',1120,,1668,31,0,20 21 22,0,715,,1667,31,0,20 21 22,0
35501,'371d2f0f7337032c2b25',1337,,1233,29,0,20 21 22,0
35501,'3a3841530321505b7b18',1332,,1669,29,0,20 21 22,0
35501,'4f67586f291357636e2f',1622,,1670,29,0,49 50,0,313,,1671,31,0,20 21 22,0
35501,'566406012b1e7e430018',1132,,1673,29,0,49 50,0
35501,'59737b0d0f044b52693e',1335,,1675,29,0,20 21 22,0,320,,1674,29,0,20 21 22,0
35501,'5d21673510580b5d6c6e',1337,,1676,29,0,20 21 22,0
35501,'5d5f40704724192d5825',902,,1244,31,0,49 50,0,230,,1229,29,0,49 50,0,525,,1242,29,0,20 21 22,0,175,,1243,29,0,20 21 22,0
35501,'723148100c272b183b65',940,,1231,29,0,20 21 22,0,388,,1232,29,0,20 21 22,0,327,,1230,29,0,20 21 22,0
35501,'7360781f782d14543c3f',1622,,1236,29,0,49 50,0,313,,1237,31,0,20 21 22,0
37500,'7f443a14596255477616',702,,1463,5,0,23 24 18,0
