31800,'2a2423055d636f354b6d',1331,,1069,41,0,9 68 38,0
31800,'2f16807a52596335736c',717,,1067,41,0,9 68 38,0,83,,1068,41,0,9 68 38,0
31900,'2a2423055d636f354b6d',1328,,1076,32,0,9 68 38,0
31900,'2f16807a52596335736c',711,,1073,31,0,9 68 38,0,43,,1074,32,0,9 68 38,0,157,,1075,31,0,9 68 38,0
35800,'1e386a27476c5b6e1461',731,,1356,36,0,9 10 11,0,23,,1357,35,0,9 10 11,0,192,,1358,35,0,9 10 11,0
35800,'1f5759673f12020b0a50',823,,1349,35,0,9 10 11,0,497,,1350,36,0,9 10 11,0
35800,'2a2423055d636f354b6d',1623,,1353,35,0,9 10 11,0
35800,'2f16807a52596335736c',1309,,1348,35,0,9 10 11,0
35800,'3823594e52252d7f6b14',920,,1351,35,0,9 10 11,0
35800,'59737b0d0f044b52693e',725,,1354,36,0,9 10 11,0
35800,'71472061383531535e0f',707,,1352,35,0,9 10 11,0
35800,'7a7c2673351c18595c18',1723,,1355,35,0,9 10 11,0
