35700,'055e00325b240c7d4777',1837,,432,39,0,9 10 11,0
35700,'0a3c663a7d504d200835',1731,,1307,35,0,9 10 11,0
35700,'1e386a27476c5b6e1461',750,,1324,35,0,9 10 11,0,67,,1325,35,0,9 10 11,0
35700,'2f16807a52596335736c',703,,1309,35,0,9 10 11,0,348,,1310,35,0,9 10 11,0,500,,1308,35,0,9 10 11,0
35700,'320823102b697f311363',1411,,1311,35,0,9 10 11,0
35700,'321e5f70685c1473436a',728,,1313,35,0,9 10 11,0
35700,'3823594e52252d7f6b14',948,,1312,35,0,9 10 11,0
35700,'416039027b4e59137846',1401,,1314,35,0,9 10 11,0
35700,'59445e7d50034e156e11',722,,1317,35,0,9 10 11,0
35700,'59737b0d0f044b52693e',742,,1318,35,0,9 10 11,0,67,,1319,35,0,9 10 11,0
35700,'61121d2d1b1669750837',1837,,1320,35,0,9 10 11,0
35700,'634b592b186b573b6758',1837,,1321,39,0,9 10 11,0
35700,'6d0c424c36686c087407',1411,,1322,39,0,9 10 11,0,393,,1323,39,0,9 10 11,0
35700,'71472061383531535e0f',1411,,1315,37,0,9 10 11,0,396,,1316,35,0,9 10 11,0
