35501,'033e170961301f7a0308',854,,1662,4,0,20 21 22,0,393,,1663,4,0,20 21 22,0,362,,1661,4,0,20 21 22,0
35501,'055e00325b240c7d4777',1034,,1235,6,0,20 21 22,0,715,,1234,6,0,20 21 22,0
35501,'126535785649426e467c',819,,1666,6,0,49 50,0,795,,1664,4,0,20 21 22,0,140,,1665,4,0,20 21 22,0
35501,'191b086669276f0a2c02',1249,,1239,4,0,20 21 22,0
35501,'210a7c3e60384f725e7c',1034,,1668,6,0,20 21 22,0,715,,1667,6,0,20 21 22,0
35501,'371d2f0f7337032c2b25',1254,,1233,4,0,20 21 22,0
35501,'3a3841530321505b7b18',1249,,1669,4,0,20 21 22,0
35501,'4f67586f291357636e2f',1404,,1672,4,0,72 25,0,135,,1670,4,0,49 50,0,310,,1671,6,0,20 21 22,0
35501,'566406012b1e7e430018',1049,,1673,4,0,49 50,0
35501,'59737b0d0f044b52693e',1249,,1675,4,0,20 21 22,0,360,,1674,4,0,20 21 22,0
35501,'5d21673510580b5d6c6e',1254,,1676,4,0,20 21 22,0
35501,'5d5f40704724192d5825',819,,1244,6,0,49 50,0,230,,1229,4,0,49 50,0,565,,1242,4,0,20 21 22,0,135,,1243,4,0,20 21 22,0
35501,'723148100c272b183b65',854,,1231,4,0,20 21 22,0,393,,1232,4,0,20 21 22,0,362,,1230,4,0,20 21 22,0
35501,'7360781f782d14543c3f',1404,,1238,4,0,72 25,0,135,,1236,4,0,49 50,0,310,,1237,6,0,20 21 22,0
