34201,'1e386a27476c5b6e1461',1808,,1093,19,0,135 25,0
34201,'1f5759673f12020b0a50',1808,,1638,21,0,135 25,0
34201,'2f16807a52596335736c',1324,,1091,21,0,135 25,0,535,,1637,21,0,135 25,0
34201,'59737b0d0f044b52693e',1808,,1639,21,0,135 25,0
36500,'1e386a27476c5b6e1461',708,,1419,13,0,9 10 11,0,627,,1418,13,0,9 10 11,0
36500,'1f5759673f12020b0a50',708,,1408,13,0,9 10 11,0
36500,'2a2423055d636f354b6d',1730,,1415,13,0,9 10 11,0
36500,'2c14404d6d61074b6d28',1155,,1409,13,0,9 10 11,0
36500,'2f16807a52596335736c',608,,1404,13,0,9 10 11,0,31,,1405,13,0,133 134,0
36500,'2f6b6069415f08614303',1155,,1410,13,0,9 10 11,0
36500,'3823594e52252d7f6b14',921,,1413,13,0,9 10 11,0,804,,1412,13,0,9 10 11,0
