36500,'0e5131610429337c0530',934,,1403,21,0,9 10 11,0
36500,'1c2e3625233d01453772',657,,1404,35,0,9 10 11,0,77,,1406,20,0,9 10 11,0
36500,'1c486c5002601c4a534a',1713,,1407,20,0,9 10 11,0
36500,'1e10375f42313a246a18',658,,646,35,0,9 10 11,0,78,,648,20,0,9 10 11,0
36500,'1f5759673f12020b0a50',757,,1408,34,0,9 10 11,0
36500,'2173665b1e6d5b0e5d56',750,,638,34,0,9 10 11,0
36500,'2c14404d6d61074b6d28',1245,,1409,34,0,9 10 11,0
36500,'2d0d0c223c38203b5e0d',1245,,1410,35,0,9 10 11,0
36500,'2d255822185d30510a3a',1713,,650,20,0,9 10 11,0
36500,'31744f7e5638320a2d4c',1332,,1411,17,0,9 10 11,0
36500,'3823594e52252d7f6b14',1013,,1413,35,0,9 10 11,0,814,,1412,35,0,9 10 11,0
36500,'494a652c1e455e3d7c72',641,,1414,20,0,9 10 11,0
36500,'4f0277002864772e6462',1822,,1415,35,0,9 10 11,0
36500,'553d275f1455102c362a',1710,,1416,21,0,9 10 11,0
36500,'6056725b48181c6e6072',1247,,651,34,0,9 10 11,0
36500,'657c421e081b56557239',1013,,640,35,0,9 10 11,0
36500,'6b5439562b0c5d5d150b',1247,,637,35,0,9 10 11,0
36500,'72177c3f1052604b1313',1823,,645,35,0,9 10 11,0
36500,'791e712d420e14727657',937,,1417,22,0,9 10 11,0
36500,'7f443a14596255477616',802,,1419,35,0,9 10 11,0,617,,1418,35,0,9 10 11,0
