35100,'1f5759673f12020b0a50',800,,1159,9,0,9 10 11,0,334,,1160,9,0,9 10 11,0
35100,'2a08755845643968295b',1134,,291,9,0,9 10 11,0
35100,'300d603a345a5010103b',1044,,298,9,0,9 10 11,0,268,,296,9,0,9 10 11,0,110,,297,9,0,9 10 11,0
35100,'3823594e52252d7f6b14',844,,1165,9,0,9 10 11,0,785,,1164,9,0,9 10 11,0
35100,'4f0277002864772e6462',1044,,1168,9,0,9 10 11,0,268,,1166,9,0,9 10 11,0,110,,1167,9,0,9 10 11,0
35100,'59737b0d0f044b52693e',1134,,1171,9,0,9 10 11,0
35100,'5c112750394b6b07283a',800,,285,9,0,9 10 11,0,334,,286,9,0,9 10 11,0
35100,'75034b1d5a2e41380d0c',845,,290,9,0,9 10 11,0,785,,289,9,0,9 10 11,0
35100,'7f443a14596255477616',614,,1172,9,0,9 10 11,0,17,,1173,9,0,9 10 11,0
37500,'7f443a14596255477616',736,,1463,13,0,23 24 18,0,1,,1464,9,0,23 24 18,0
