36501,'0e5131610429337c0530',843,,1420,46,0,135 25,0
36501,'182e1170551a4b4f4917',1033,,654,45,0,132 117,0,814,,653,45,0,132 117,0
36501,'1c2e3625233d01453772',1926,,1422,45,0,132 117,0,88,,1424,5,0,132 117,0
36501,'1f5759673f12020b0a50',1932,,1425,45,0,132 117,0
36501,'2829557e4e6662246775',1919,,660,45,0,132 117,0,95,,662,5,0,132 117,0
36501,'30275c4a4d721d220170',1405,,664,45,0,132 117,0,147,,665,45,0,132 117,0
36501,'3823594e52252d7f6b14',1033,,1428,45,0,132 117,0,814,,1427,45,0,132 117,0
36501,'4f0277002864772e6462',1408,,1429,45,0,132 117,0,142,,1430,45,0,132 117,0
36501,'791e712d420e14727657',838,,1433,47,0,135 25,0
36501,'7e6273386a42064a2f0b',1932,,652,45,0,132 117,0
36501,'7f443a14596255477616',754,,1436,45,0,132 117,0,994,,1434,45,0,132 117,0
