35001,'02070559307629202a09',1753,,260,13,0,105 10 52,0
35001,'0a2f1e22095132130163',1719,,261,13,0,144 25,0,8,,262,14,0,144 25,0,98,,263,14,0,144 25,0,20,,265,13,0,144 25,0
35001,'1c2e3625233d01453772',843,,1138,13,0,144 25,0,590,,1134,13,0,105 10 52,0,199,,1135,13,0,105 10 52,0,286,,1137,13,0,144 25,0
35001,'1f5759673f12020b0a50',1753,,1140,13,0,105 10 52,0
35001,'2a08755845643968295b',1719,,266,13,0,144 25,0,34,,267,13,0,144 25,0,70,,268,13,0,144 25,0
35001,'2a5b3362091f52630354',1757,,269,13,0,144 25,0
35001,'31744f7e5638320a2d4c',1258,,1144,13,0,144 25,0,85,,1145,13,0,144 25,0,376,,1141,13,0,144 25,0,106,,1142,13,0,144 25,0
35001,'4d7a6615443531084902',843,,277,13,0,144 25,0,590,,273,13,0,105 10 52,0,196,,274,13,0,105 10 52,0,289,,276,13,0,144 25,0
35001,'553d275f1455102c362a',1719,,1146,13,0,144 25,0,8,,1147,13,0,144 25,0,96,,1148,13,0,144 25,0,22,,1150,13,0,144 25,0
35001,'59737b0d0f044b52693e',1719,,1151,13,0,144 25,0,34,,1152,13,0,144 25,0,70,,1153,13,0,144 25,0
35001,'725616403949496a5c67',1253,,284,14,0,145 146,0,90,,279,13,0,144 25,0,376,,280,13,0,144 25,0,106,,281,13,0,144 25,0
35001,'7f443a14596255477616',1757,,1154,13,0,144 25,0
38301,'0a2f1e22095132130163',1638,,769,13,0,147 117,0
38301,'1c2e3625233d01453772',1844,,1536,13,0,63 21 64,0
38301,'2a5b3362091f52630354',742,,770,13,0,147 117,0
38301,'4d7a6615443531084902',1844,,771,13,0,63 21 64,0
38301,'4f0277002864772e6462',1302,,1537,13,0,63 21 64,0
38301,'52166b36781a3037644c',1302,,772,13,0,63 21 64,0
38301,'553d275f1455102c362a',1638,,1538,13,0,147 117,0
38301,'6a79251b17087f247c2d',742,,1539,13,0,147 117,0
38301,'6e63331c083228186b3c',942,,1540,13,0,147 117,0
