35700,'1c2e3625233d01453772',718,,1309,42,0,9 10 11,0,384,,1310,42,0,9 10 11,0,510,,1308,42,0,9 10 11,0
35700,'220e7e723c71704c1463',1422,,429,46,0,9 10 11,0,395,,430,46,0,9 10 11,0
35700,'2d6a412e153614600940',742,,431,42,0,9 10 11,0
35700,'320823102b697f311363',1422,,1311,42,0,9 10 11,0
35700,'3823594e52252d7f6b14',957,,1312,42,0,9 10 11,0
35700,'3f575e1f5f6d63575f07',752,,1313,42,0,9 10 11,0
35700,'416039027b4e59137846',1412,,1314,42,0,9 10 11,0
35700,'494a652c1e455e3d7c72',1422,,1315,44,0,9 10 11,0,405,,1316,42,0,9 10 11,0
35700,'59445e7d50034e156e11',732,,1317,42,0,9 10 11,0
35700,'59737b0d0f044b52693e',802,,1318,42,0,9 10 11,0,20,,1319,42,0,9 10 11,0
35700,'5a622e2f735638475e4f',812,,433,42,0,9 10 11,0,10,,434,42,0,9 10 11,0
35700,'5f3a5d635165645c1e2c',718,,441,42,0,9 10 11,0,384,,442,42,0,9 10 11,0,510,,440,42,0,9 10 11,0
35700,'61121d2d1b1669750837',1847,,1320,42,0,9 10 11,0
35700,'634b592b186b573b6758',1847,,1321,46,0,9 10 11,0
35700,'657c421e081b56557239',957,,428,42,0,9 10 11,0
35700,'6d0c424c36686c087407',1422,,1322,46,0,9 10 11,0,395,,1323,46,0,9 10 11,0
35700,'7f443a14596255477616',817,,1324,42,0,9 10 11,0,30,,1325,42,0,9 10 11,0
35700,'80152c04633e535e6600',1847,,432,46,0,9 10 11,0
35800,'1c2e3625233d01453772',1325,,1348,40,0,9 10 11,0
35800,'1f5759673f12020b0a50',842,,1349,40,0,9 10 11,0,495,,1350,41,0,9 10 11,0
35800,'3823594e52252d7f6b14',934,,1351,40,0,9 10 11,0
35800,'3d657754244e040d6c47',1742,,472,40,0,9 10 11,0
35800,'49363c5c560d0d713513',842,,464,40,0,9 10 11,0,495,,465,41,0,9 10 11,0
35800,'494a652c1e455e3d7c72',721,,1352,40,0,9 10 11,0
35800,'4f0277002864772e6462',1642,,1353,40,0,9 10 11,0
35800,'59737b0d0f044b52693e',743,,1354,41,0,9 10 11,0
35800,'5a622e2f735638475e4f',743,,467,41,0,9 10 11,0
35800,'5e7c480b705d7d2d5e1b',1642,,474,40,0,9 10 11,0
35800,'5f3a5d635165645c1e2c',1325,,473,40,0,9 10 11,0
35800,'657c421e081b56557239',934,,466,40,0,9 10 11,0
35800,'7a7c2673351c18595c18',1742,,1355,40,0,9 10 11,0
35800,'7f443a14596255477616',754,,1356,41,0,9 10 11,0,68,,1357,40,0,9 10 11,0,187,,1358,40,0,9 10 11,0
