35600,'055e00325b240c7d4777',1059,,381,17,0,9 10 11,0,800,,382,17,0,9 10 11,0
35600,'0a3c663a7d504d200835',1554,,1245,14,0,9 10 11,0,55,,1246,15,0,9 10 11,0
35600,'0d7c5c285a59412d315b',1759,,1247,13,0,9 10 11,0
35600,'112a0b7f332a564f1678',1234,,1248,13,0,9 10 11,0
35600,'1a223768176411647430',1804,,1250,13,0,9 10 11,0
35600,'1e386a27476c5b6e1461',634,,1273,13,0,9 10 11,0,80,,1274,13,0,9 10 11,0,30,,1275,13,0,9 10 11,0,965,,1271,14,0,9 10 11,0,134,,1272,14,0,9 10 11,0
35600,'1e7832711c690d2e452a',1804,,1257,14,0,9 10 11,0,5,,1258,14,0,9 10 11,0
35600,'1f5759673f12020b0a50',634,,1253,13,0,9 10 11,0
35600,'2943795d360756687162',1444,,1249,13,0,9 10 11,0
35600,'2a2423055d636f354b6d',834,,1256,13,0,9 10 11,0
35600,'2a6804265d6c7a6d704c',1234,,1268,13,0,9 10 11,0
35600,'2f16807a52596335736c',614,,1252,13,0,9 10 11,0,320,,1251,13,0,9 10 11,0
35600,'31744f7e5638320a2d4c',1234,,1254,14,0,9 10 11,0,5,,1255,14,0,9 10 11,0
35600,'56061576073054406d39',1804,,1259,13,0,9 10 11,0
35600,'59737b0d0f044b52693e',634,,1261,13,0,9 10 11,0,80,,1262,13,0,9 10 11,0,30,,1263,13,0,9 10 11,0,960,,1260,13,0,9 10 11,0
35600,'61121d2d1b1669750837',1059,,1264,13,0,9 10 11,0,800,,1265,13,0,9 10 11,0
35600,'634b592b186b573b6758',1059,,1266,17,0,9 10 11,0,800,,1267,17,0,9 10 11,0
35600,'6d0c424c36686c087407',1444,,1269,17,0,9 10 11,0,360,,1270,17,0,9 10 11,0
