36501,'0e5131610429337c0530',717,,1420,13,0,135 25,0,115,,1421,13,0,166 32,0
36501,'1e386a27476c5b6e1461',634,,1436,13,0,132 117,0,995,,1434,13,0,132 117,0,105,,1435,13,0,133 134,0
36501,'1f5759673f12020b0a50',1816,,1425,13,0,132 117,0
36501,'2a2423055d636f354b6d',1257,,1429,13,0,132 117,0,180,,1430,13,0,132 117,0
36501,'2c14404d6d61074b6d28',932,,1426,13,0,133 134,0
36501,'2f16807a52596335736c',1808,,1422,13,0,132 117,0,51,,1423,13,0,133 134,0
36501,'3823594e52252d7f6b14',915,,1428,13,0,132 117,0,810,,1427,13,0,132 117,0
36501,'3c550d10735a472e4755',717,,1433,13,0,135 25,0
36501,'484f0e366a041c114e35',932,,1432,13,0,133 134,0
36501,'59737b0d0f044b52693e',1731,,1431,13,0,133 134,0
