35501,'033e170961301f7a0308',924,,1662,21,0,20 21 22,0,391,,1663,21,0,20 21 22,0,324,,1661,21,0,20 21 22,0
35501,'055e00325b240c7d4777',1104,,1235,23,0,20 21 22,0,715,,1234,23,0,20 21 22,0
35501,'126535785649426e467c',848,,1666,23,0,49 50,0,794,,1664,21,0,20 21 22,0,181,,1665,21,0,20 21 22,0
35501,'191b086669276f0a2c02',1317,,1239,21,0,20 21 22,0
35501,'210a7c3e60384f725e7c',1104,,1668,23,0,20 21 22,0,715,,1667,23,0,20 21 22,0
35501,'371d2f0f7337032c2b25',1322,,1233,21,0,20 21 22,0
35501,'3a3841530321505b7b18',1317,,1669,21,0,20 21 22,0
35501,'4f67586f291357636e2f',1607,,1670,21,0,49 50,0,312,,1671,23,0,20 21 22,0
35501,'566406012b1e7e430018',1117,,1673,21,0,49 50,0
35501,'59737b0d0f044b52693e',1319,,1675,21,0,20 21 22,0,320,,1674,21,0,20 21 22,0
35501,'5d21673510580b5d6c6e',1322,,1676,21,0,20 21 22,0
35501,'5d5f40704724192d5825',848,,1244,23,0,49 50,0,269,,1229,21,0,49 50,0,525,,1242,21,0,20 21 22,0,176,,1243,21,0,20 21 22,0
35501,'723148100c272b183b65',924,,1231,21,0,20 21 22,0,391,,1232,21,0,20 21 22,0,324,,1230,21,0,20 21 22,0
35501,'7360781f782d14543c3f',1607,,1236,21,0,49 50,0,312,,1237,23,0,20 21 22,0
