39400,'012705765b230d454c07',1552,,1603,29,,,0
39400,'3f242a2f47502e255740',742,,1604,29,,,0,390,,1605,29,,,0,515,,1606,29,,,0
39400,'79634f716a31375a174a',917,,1609,29,,,0,640,,1610,29,,,0
39401,'114a44065a5209536517',1303,,1614,14,,,0
39401,'3f242a2f47502e255740',913,,1611,14,,,0,890,,1612,14,,,0
39401,'79634f716a31375a174a',1713,,1615,14,,,0
39500,'3f242a2f47502e255740',821,,1616,13,0,161,0,310,,1617,13,0,161,0,510,,1618,13,0,161,0
39501,'3f242a2f47502e255740',937,,1619,12,0,163,0,495,,1620,12,0,163,0,405,,1621,12,0,163,0
39800,'1e386a27476c5b6e1461',655,,1634,10,,,0
39801,'1e7832711c690d2e452a',1814,,1636,17,,,0
39801,'31744f7e5638320a2d4c',1323,,1635,17,,,0
