32400,'0256087a1a1f412c504d',649,,155,18,0,51 10 52 2 29,0
32400,'4e3f30715c2160755238',1259,,1081,18,0,51 10 52 2 29,0
35900,'0256087a1a1f412c504d',644,,497,22,0,51 10 52 2 29,0,169,,498,22,0,51 10 52 2 29,0,730,,499,22,0,51 10 52 2 29,0,180,,496,22,0,51 10 52 2 29,0
35900,'15654b067e2d595e4e1b',858,,485,22,0,51 10 52 2 29,0
35900,'1f20331a6a701f3b5355',743,,500,22,0,51 10 52 2 29,0,405,,501,22,0,51 10 52 2 29,0,195,,502,22,0,51 10 52 2 29,0
35900,'462e370b72021849012d',1658,,484,22,0,51 10 52 2 29,0
35900,'4e3f30715c2160755238',710,,1369,22,0,51 10 52 2 29,0,1133,,1368,22,0,51 10 52 2 29,0
36000,'0256087a1a1f412c504d',716,,531,16,0,51 10 52 2 29,0,26,,532,16,0,51 10 52 2 29,0,988,,533,16,0,51 10 52 2 29,0
36000,'1443632b3566627b2e20',1150,,1370,16,0,51 10 52 2 29,0
36000,'1f20331a6a701f3b5355',857,,535,16,0,51 10 52 2 29,0,245,,536,11,0,51 10 52 2 29,0,755,,537,16,0,51 10 52 2 29,0
36000,'58290a4d0c2868096f76',947,,523,11,0,51 10 52 2 29,0,910,,522,11,0,51 10 52 2 29,0
36000,'66083f326a5e49151d1c',1150,,534,16,0,51 10 52 2 29,0
36100,'0256087a1a1f412c504d',643,,558,21,0,51 10 52 2 29,0,415,,559,21,0,51 10 52 2 29,0
36100,'1f20331a6a701f3b5355',1258,,561,21,0,51 10 52 2 29,0
36100,'462e370b72021849012d',1543,,551,21,0,51 10 52 2 29,0
36100,'4e3f30715c2160755238',743,,1371,21,0,51 10 52 2 29,0,800,,1372,21,0,51 10 52 2 29,0
36100,'58290a4d0c2868096f76',853,,552,21,0,51 10 52 2 29,0
36100,'66083f326a5e49151d1c',743,,560,21,0,51 10 52 2 29,0
36400,'0256087a1a1f412c504d',713,,613,7,0,51 10 52 2 29,0,30,,614,7,0,51 10 52 2 29,0,74,,615,7,0,51 10 52 2 29,0,905,,616,7,0,51 10 52 2 29,0,101,,617,7,0,51 10 52 2 29,0
36400,'15654b067e2d595e4e1b',859,,604,7,0,51 10 52 2 29,0
36400,'1f20331a6a701f3b5355',1343,,618,7,0,51 10 52 2 29,0,200,,619,7,0,51 10 52 2 29,0
36400,'58290a4d0c2868096f76',1553,,603,7,0,51 10 52 2 29,0
