34200,'1e386a27476c5b6e1461',711,,1090,9,0,65 18 140,0
34200,'2a2423055d636f354b6d',1402,,1088,9,0,65 18 140,0
34200,'2f16807a52596335736c',752,,1087,9,0,65 18 140,0
34200,'59737b0d0f044b52693e',717,,1089,9,0,65 18 140,0
34401,'112a0b7f332a564f1678',1306,,1100,1,0,132 117,0
34401,'1f5759673f12020b0a50',1754,,1102,1,0,132 117,0
34401,'2f16807a52596335736c',1844,,1101,1,0,132 117,0
34401,'31744f7e5638320a2d4c',1754,,1105,1,0,132 117,0
34401,'59737b0d0f044b52693e',1754,,1109,1,0,132 117,0
34401,'6d172c0d3d7d4159370f',1306,,1108,1,0,132 117,0
36501,'1e386a27476c5b6e1461',810,,1436,54,0,132 117,0,995,,1434,54,0,132 117,0
36501,'1f5759673f12020b0a50',1950,,1425,54,0,132 117,0
36501,'2a2423055d636f354b6d',1425,,1429,54,0,132 117,0,182,,1430,54,0,132 117,0
36501,'2f16807a52596335736c',1940,,1422,54,0,132 117,0,92,,1424,14,0,132 117,0
36501,'3823594e52252d7f6b14',1050,,1428,54,0,132 117,0,855,,1427,54,0,132 117,0
