30500,'1e386a27476c5b6e1461',540,,1047,1,0,9 30,0
30500,'2f16807a52596335736c',615,,1042,1,0,9 30,0,30,,1043,1,0,9 30,0,70,,1044,1,0,9 30,0
30500,'71472061383531535e0f',835,,1045,1,0,9 30,0,680,,1046,1,0,9 30,0
30501,'1e386a27476c5b6e1461',1923,,1053,28,4,,0
30501,'2f16807a52596335736c',1745,,1048,28,4,,0,195,,1049,28,4,,0,90,,1050,28,4,,0
30501,'71472061383531535e0f',1030,,1051,28,4,,0,820,,1052,28,4,,0
36300,'1e386a27476c5b6e1461',610,,1397,1,0,9 10 11,0,290,,1398,1,0,9 10 11,0
36300,'1f5759673f12020b0a50',1230,,1394,1,0,9 10 11,0
36300,'2f16807a52596335736c',640,,1393,1,0,9 10 11,0
36300,'3c2a73256541336f410c',1230,,1395,1,0,9 10 11,0
36300,'59737b0d0f044b52693e',1700,,1396,1,0,9 10 11,0
36301,'1e386a27476c5b6e1461',1412,,1401,34,4,,0,418,,1402,30,4,,0
36301,'2a2423055d636f354b6d',1950,,1400,34,4,,0
36301,'2f16807a52596335736c',1005,,1399,30,4,,0
36400,'114a44065a5209536517',1320,,618,1,0,51 10 52 2 29,0,200,,619,1,0,51 10 52 2 29,0
36400,'3f242a2f47502e255740',650,,613,1,0,51 10 52 2 29,0,70,,614,1,0,51 10 52 2 29,0,30,,615,1,0,51 10 52 2 29,0,905,,616,1,0,51 10 52 2 29,0,145,,617,1,0,51 10 52 2 29,0
36400,'3f4d67570e29103a1e70',1530,,603,1,0,51 10 52 2 29,0
36400,'4a0603184e160563480a',835,,604,1,0,51 10 52 2 29,0
36401,'114a44065a5209536517',1240,,635,8,4,,0,605,,636,8,4,,0
36401,'3f242a2f47502e255740',835,,631,8,4,,0,100,,632,8,4,,0,810,,633,8,4,,0,200,,634,8,4,,0
36401,'3f4d67570e29103a1e70',1805,,620,8,4,,0
36401,'4a0603184e160563480a',1040,,621,8,4,,0,595,,622,8,4,,0
