36500,'00746f10327b7c6a3879',1247,,637,36,0,9 10 11,0
36500,'02070559307629202a09',750,,638,35,0,9 10 11,0
36500,'0a2f1e22095132130163',1713,,639,22,0,9 10 11,0
36500,'0e5131610429337c0530',935,,1403,22,0,9 10 11,0
36500,'1a20552b5a400f716a1b',1013,,640,36,0,9 10 11,0
36500,'1c2e3625233d01453772',658,,1404,36,0,9 10 11,0,77,,1406,21,0,9 10 11,0
36500,'1c486c5002601c4a534a',1714,,1407,21,0,9 10 11,0
36500,'1f5759673f12020b0a50',758,,1408,35,0,9 10 11,0
36500,'2a5b3362091f52630354',639,,642,21,0,9 10 11,0,164,,643,36,0,9 10 11,0,131,,644,23,0,9 10 11,0,486,,641,36,0,9 10 11,0
36500,'2c14404d6d61074b6d28',1246,,1409,35,0,9 10 11,0
36500,'2d0d0c223c38203b5e0d',1246,,1410,36,0,9 10 11,0
36500,'310c545b6d5159571c44',1823,,645,36,0,9 10 11,0
36500,'31744f7e5638320a2d4c',1332,,1411,18,0,9 10 11,0
36500,'3823594e52252d7f6b14',1013,,1413,36,0,9 10 11,0,815,,1412,36,0,9 10 11,0
36500,'494a652c1e455e3d7c72',642,,1414,21,0,9 10 11,0
36500,'4d7a6615443531084902',658,,646,36,0,9 10 11,0,78,,648,21,0,9 10 11,0
36500,'4f0277002864772e6462',1823,,1415,36,0,9 10 11,0
36500,'553d275f1455102c362a',1711,,1416,22,0,9 10 11,0
36500,'725616403949496a5c67',1332,,649,18,0,9 10 11,0
36500,'756c797a51436f4d0414',1713,,650,21,0,9 10 11,0
36500,'791e712d420e14727657',938,,1417,23,0,9 10 11,0
36500,'7b6f6f4a0e36407a261f',1247,,651,35,0,9 10 11,0
36500,'7f443a14596255477616',803,,1419,36,0,9 10 11,0,617,,1418,36,0,9 10 11,0
