36201,'02070559307629202a09',1623,,584,10,0,87 88,0,235,,583,10,0,87 88,0
36201,'1c2e3625233d01453772',1258,,1383,10,0,87 89,0,295,,1384,10,0,85 92,0,106,,1385,10,0,87 89,0,99,,1386,10,0,87 88,0,100,,1387,10,0,87 89,0
36201,'1f5759673f12020b0a50',1623,,1389,10,0,87 88,0,235,,1388,10,0,87 88,0
36201,'2a5b3362091f52630354',858,,585,10,0,87 88,0,765,,586,10,0,85 92,0,100,,587,10,0,87 88,0
36201,'4d7a6615443531084902',1258,,588,10,0,87 89,0,295,,589,10,0,85 92,0,105,,590,10,0,87 89,0,100,,591,10,0,87 88,0,100,,592,10,0,87 89,0
36201,'7f443a14596255477616',858,,1390,10,0,87 88,0,765,,1391,10,0,85 92,0,100,,1392,10,0,87 88,0
36901,'02070559307629202a09',1631,,673,10,0,128 129,0
36901,'1a20552b5a400f716a1b',1038,,674,10,0,130 131,0,780,,675,10,0,130 131,0
36901,'1c2e3625233d01453772',1814,,1443,10,0,128 129,0,39,,1444,10,0,128 129,0
36901,'1f5759673f12020b0a50',1631,,1445,10,0,128 129,0
36901,'2a5b3362091f52630354',1302,,676,10,0,128 129,0,326,,677,10,0,128 129,0,100,,678,10,0,130 131,0
36901,'3823594e52252d7f6b14',1038,,1446,10,0,130 131,0,783,,1447,10,0,130 131,0
36901,'494a652c1e455e3d7c72',1302,,1448,10,0,128 129,0
36901,'4d7a6615443531084902',1816,,679,10,0,128 129,0,37,,680,10,0,128 129,0
36901,'7f443a14596255477616',1628,,1449,10,0,128 129,0,100,,1450,10,0,130 131,0
37301,'02070559307629202a09',1435,,687,10,0,143 45,0
37301,'1c2e3625233d01453772',855,,1457,10,0,143 45,0,868,,1458,10,0,143 45,0
37301,'1f5759673f12020b0a50',1435,,1459,10,0,143 45,0
37301,'2a5b3362091f52630354',1655,,688,10,0,143 45,0
37301,'31744f7e5638320a2d4c',1300,,1460,10,0,143 45,0
37301,'4d7a6615443531084902',855,,689,10,0,143 45,0,868,,690,10,0,143 45,0
37301,'4f0277002864772e6462',1823,,1461,10,0,143 45,0
37301,'52166b36781a3037644c',1821,,691,10,0,143 45,0
37301,'725616403949496a5c67',1300,,692,10,0,143 45,0
37301,'7f443a14596255477616',1659,,1462,10,0,143 45,0
