35000,'112a0b7f332a564f1678',1238,,1110,15,0,60 103 104,0
35000,'16096334352325192d1f',1737,,1111,15,0,60 103 104,0
35000,'1c2e3625233d01453772',635,,1114,7,0,9 35 36 37 38,0,76,,1115,13,0,9 35 36 37 38,0,140,,1112,13,0,9 35 36 37 38,0,684,,1113,7,0,9 35 36 37 38,0
35000,'1c486c5002601c4a534a',1737,,1116,15,0,60 103 104,0
35000,'1f5759673f12020b0a50',825,,1117,13,0,9 35 36 37 38,0
35000,'31744f7e5638320a2d4c',1248,,1118,17,0,60 103 104,0,73,,1120,15,0,60 103 104,0
35000,'39416a4548121b3b4e21',635,,254,7,0,9 35 36 37 38,0,76,,255,13,0,9 35 36 37 38,0,140,,250,13,0,9 35 36 37 38,0,387,,251,15,0,60 103 104,0,297,,252,7,0,9 35 36 37 38,0,202,,253,15,0,60 103 104,0
35000,'495e5f3d32634b3b5042',1238,,1122,15,0,60 103 104,0
35000,'553d275f1455102c362a',1747,,1123,17,0,60 103 104,0,71,,1125,15,0,60 103 104,0
35000,'59737b0d0f044b52693e',755,,1127,7,0,9 35 36 37 38,0
35000,'5a622e2f735638475e4f',755,,243,7,0,9 35 36 37 38,0
35000,'7e6273386a42064a2f0b',825,,238,13,0,9 35 36 37 38,0
35000,'7f443a14596255477616',610,,1128,7,0,9 35 36 37 38,0,45,,1129,7,0,9 35 36 37 38,0,45,,1130,7,0,9 35 36 37 38,0,52,,1132,8,0,9 35 36 37 38,0
