35601,'075f4276790e1e273655',1519,,1276,60,0,15 16 17,0
35601,'3a4a044232474e33312b',1019,,407,60,0,15 16 17,0,800,,408,60,0,15 16 17,0
35601,'3a511f30370a721b2433',1504,,402,60,0,15 16 17,0
35601,'634b592b186b573b6758',1019,,1296,60,0,15 16 17,0,800,,1297,60,0,15 16 17,0
35601,'69181125652d7e4d6a80',1719,,409,60,0,15 16 17,0
35601,'6d0c424c36686c087407',934,,1299,60,0,15 16 17,0,415,,1298,60,0,15 16 17,0
35601,'702c275e051204394d01',934,,406,60,0,15 16 17,0,415,,404,60,0,15 16 17,0
35601,'7c40501f37807a467b28',1719,,1300,60,0,15 16 17,0
35701,'3a4a044232474e33312b',1144,,449,52,0,15 16 17,0
35701,'634b592b186b573b6758',1144,,1341,52,0,15 16 17,0
35701,'69181125652d7e4d6a80',1249,,453,52,0,15 16 17,0
35701,'6d0c424c36686c087407',1014,,1342,52,0,15 16 17,0
35701,'702c275e051204394d01',1014,,448,52,0,15 16 17,0
35701,'7c40501f37807a467b28',1249,,1343,52,0,15 16 17,0
