35100,'02070559307629202a09',832,,285,33,0,9 10 11,0,373,,286,33,0,9 10 11,0
35100,'0a2f1e22095132130163',1843,,287,28,0,9 10 11,0
35100,'1a20552b5a400f716a1b',914,,290,33,0,9 10 11,0,788,,289,33,0,9 10 11,0
35100,'1f5759673f12020b0a50',832,,1159,33,0,9 10 11,0,373,,1160,33,0,9 10 11,0
35100,'2a08755845643968295b',1205,,291,33,0,9 10 11,0
35100,'2a5b3362091f52630354',651,,292,33,0,9 10 11,0,66,,293,40,0,9 10 11,0,222,,294,28,0,9 10 11,0
35100,'31744f7e5638320a2d4c',1240,,1163,21,0,9 10 11,0,9,,1161,29,0,9 10 11,0
35100,'3823594e52252d7f6b14',914,,1165,33,0,9 10 11,0,788,,1164,33,0,9 10 11,0
35100,'4f0277002864772e6462',1120,,1168,33,0,9 10 11,0,227,,1166,33,0,9 10 11,0,110,,1167,33,0,9 10 11,0
35100,'52166b36781a3037644c',1120,,298,33,0,9 10 11,0,227,,296,33,0,9 10 11,0,110,,297,33,0,9 10 11,0
35100,'553d275f1455102c362a',1843,,1169,29,0,9 10 11,0
35100,'59737b0d0f044b52693e',1205,,1171,33,0,9 10 11,0
35100,'725616403949496a5c67',1240,,301,21,0,9 10 11,0,9,,299,28,0,9 10 11,0
35100,'7f443a14596255477616',651,,1172,33,0,9 10 11,0,66,,1173,41,0,9 10 11,0,222,,1174,29,0,9 10 11,0
