35700,'055e00325b240c7d4777',1842,,432,43,0,9 10 11,0
35700,'1e386a27476c5b6e1461',801,,1324,39,0,9 10 11,0,29,,1325,39,0,9 10 11,0
35700,'2f16807a52596335736c',711,,1309,39,0,9 10 11,0,346,,1310,39,0,9 10 11,0,547,,1308,39,0,9 10 11,0
35700,'320823102b697f311363',1417,,1311,39,0,9 10 11,0
35700,'321e5f70685c1473436a',740,,1313,39,0,9 10 11,0
35700,'3823594e52252d7f6b14',952,,1312,39,0,9 10 11,0
35700,'416039027b4e59137846',1407,,1314,39,0,9 10 11,0
35700,'59445e7d50034e156e11',728,,1317,39,0,9 10 11,0
35700,'59737b0d0f044b52693e',749,,1318,39,0,9 10 11,0,65,,1319,39,0,9 10 11,0
35700,'61121d2d1b1669750837',1842,,1320,39,0,9 10 11,0
35700,'634b592b186b573b6758',1842,,1321,43,0,9 10 11,0
35700,'6d0c424c36686c087407',1417,,1322,43,0,9 10 11,0,395,,1323,43,0,9 10 11,0
35700,'71472061383531535e0f',1417,,1315,41,0,9 10 11,0,402,,1316,39,0,9 10 11,0
