35801,'1c2e3625233d01453772',1933,,1359,43,0,91 92,0
35801,'1f5759673f12020b0a50',1514,,1360,43,0,91 92,0,415,,1361,43,0,91 92,0
35801,'3823594e52252d7f6b14',1102,,1362,43,0,91 92,0,812,,1363,43,0,91 92,0
35801,'39416a4548121b3b4e21',1933,,481,43,0,91 92,0
35801,'494a652c1e455e3d7c72',1359,,1364,43,0,91 92,0
35801,'4a3e0d44711c226a7b13',1016,,482,43,0,91 92,0,817,,483,43,0,93 94 95,0
35801,'4f0277002864772e6462',1016,,1365,43,0,91 92,0,817,,1366,43,0,93 94 95,0
35801,'765554443e157938074f',1102,,477,43,0,91 92,0,812,,478,43,0,91 92,0
35801,'7e6273386a42064a2f0b',1514,,475,43,0,91 92,0,415,,476,43,0,91 92,0
35801,'7f443a14596255477616',1858,,1367,43,0,91 92,0
