35501,'033e170961301f7a0308',908,,1662,14,0,20 21 22,0,393,,1663,14,0,20 21 22,0,322,,1661,14,0,20 21 22,0
35501,'055e00325b240c7d4777',1048,,1235,16,0,20 21 22,0,755,,1234,16,0,20 21 22,0
35501,'12050f054d0a0f53752f',1303,,1239,14,0,20 21 22,0
35501,'126535785649426e467c',834,,1666,16,0,49 50,0,794,,1664,14,0,20 21 22,0,181,,1665,14,0,20 21 22,0
35501,'210a7c3e60384f725e7c',1048,,1668,16,0,20 21 22,0,755,,1667,16,0,20 21 22,0
35501,'2530772d5b5960361a09',1418,,1238,14,0,72 25,0,135,,1236,14,0,49 50,0,350,,1237,16,0,20 21 22,0
35501,'371d2f0f7337032c2b25',1308,,1233,14,0,20 21 22,0
35501,'3a3841530321505b7b18',1303,,1669,14,0,20 21 22,0
35501,'4f67586f291357636e2f',1418,,1672,14,0,72 25,0,135,,1670,14,0,49 50,0,350,,1671,16,0,20 21 22,0
35501,'566406012b1e7e430018',1103,,1673,14,0,49 50,0
35501,'59737b0d0f044b52693e',1303,,1675,14,0,20 21 22,0,320,,1674,14,0,20 21 22,0
35501,'5d21673510580b5d6c6e',1308,,1676,14,0,20 21 22,0
35501,'723148100c272b183b65',908,,1231,14,0,20 21 22,0,393,,1232,14,0,20 21 22,0,322,,1230,14,0,20 21 22,0
35501,'7249395f521c57637d3d',834,,1244,16,0,49 50,0,269,,1229,14,0,49 50,0,525,,1242,14,0,20 21 22,0,176,,1243,14,0,20 21 22,0
