39300,'2a5b3362091f52630354',725,,852,4,0,160,0
39300,'2b037649673f32451d0b',938,,853,19,0,160,0
39300,'7f443a14596255477616',725,,1598,4,0,160,0
39400,'0a2f1e22095132130163',1720,,861,7,,,0
39400,'35315f0c7e2102062569',1320,,1607,7,,,0
39400,'5e507c283847542b3f60',1720,,1608,7,,,0
39400,'725616403949496a5c67',1320,,871,7,,,0
39500,'1443632b3566627b2e20',840,,1616,20,0,161,0,310,,1617,20,0,161,0,550,,1618,20,0,161,0
39500,'2a08755845643968295b',727,,882,19,0,161,0,108,,883,20,0,161,0,205,,884,20,0,161,0,460,,885,20,0,161,0,200,,886,20,0,161,0
39500,'2a5b3362091f52630354',727,,887,19,0,161,0,108,,888,20,0,161,0,205,,889,20,0,161,0,460,,890,20,0,161,0,200,,891,20,0,161,0
39800,'2a5b3362091f52630354',720,,914,19,,,0
39800,'7f443a14596255477616',720,,1634,19,,,0
