34201,'1c2e3625233d01453772',1258,,1091,11,0,135 25,0,576,,1092,11,0,135 25,0
34201,'3a511f30370a721b2433',1749,,217,12,0,135 25,0
34201,'4f0277002864772e6462',1744,,1093,11,0,135 25,0
34201,'69181125652d7e4d6a80',1258,,220,12,0,135 25,0,491,,218,12,0,135 25,0,85,,221,12,0,135 25,0
34401,'20694715463639414353',1521,,1103,7,0,132 117,0
34401,'31744f7e5638320a2d4c',1258,,1104,11,0,132 117,0
34401,'4b011b4b727a36540459',1521,,237,8,0,132 117,0
34401,'532f7e634a3b56246321',1303,,1106,8,0,132 117,0
34401,'553d275f1455102c362a',1749,,1107,11,0,132 117,0
34401,'68174b1f17562a355a6f',1303,,232,8,0,132 117,0
