35600,'055e00325b240c7d4777',1117,,381,33,0,9 10 11,0,800,,382,33,0,9 10 11,0
35600,'0a3c663a7d504d200835',1612,,1245,30,0,9 10 11,0,15,,1246,31,0,9 10 11,0
35600,'0d7c5c285a59412d315b',1817,,1247,29,0,9 10 11,0
35600,'112a0b7f332a564f1678',1252,,1248,29,0,9 10 11,0
35600,'1a223768176411647430',1822,,1250,29,0,9 10 11,0
35600,'1e386a27476c5b6e1461',652,,1273,29,0,9 10 11,0,85,,1274,29,0,9 10 11,0,70,,1275,29,0,9 10 11,0,920,,1271,30,0,9 10 11,0,174,,1272,30,0,9 10 11,0
35600,'1e7832711c690d2e452a',1822,,1257,30,0,9 10 11,0,5,,1258,30,0,9 10 11,0
35600,'1f5759673f12020b0a50',652,,1253,29,0,9 10 11,0
35600,'2943795d360756687162',1502,,1249,29,0,9 10 11,0
35600,'2a2423055d636f354b6d',852,,1256,29,0,9 10 11,0
35600,'2a6804265d6c7a6d704c',1252,,1268,29,0,9 10 11,0
35600,'2f16807a52596335736c',632,,1252,29,0,9 10 11,0,320,,1251,29,0,9 10 11,0
35600,'31744f7e5638320a2d4c',1252,,1254,30,0,9 10 11,0,5,,1255,30,0,9 10 11,0
35600,'56061576073054406d39',1822,,1259,29,0,9 10 11,0
35600,'59737b0d0f044b52693e',652,,1261,29,0,9 10 11,0,80,,1262,29,0,9 10 11,0,70,,1263,29,0,9 10 11,0,920,,1260,29,0,9 10 11,0
35600,'61121d2d1b1669750837',1117,,1264,29,0,9 10 11,0,800,,1265,29,0,9 10 11,0
35600,'634b592b186b573b6758',1117,,1266,33,0,9 10 11,0,800,,1267,33,0,9 10 11,0
35600,'6d0c424c36686c087407',1502,,1269,33,0,9 10 11,0,320,,1270,33,0,9 10 11,0
