35600,'055e00325b240c7d4777',1053,,381,11,0,9 10 11,0,800,,382,11,0,9 10 11,0
35600,'0a3c663a7d504d200835',1548,,1245,8,0,9 10 11,0,55,,1246,9,0,9 10 11,0
35600,'0d7c5c285a59412d315b',1753,,1247,7,0,9 10 11,0
35600,'112a0b7f332a564f1678',1228,,1248,7,0,9 10 11,0
35600,'1a223768176411647430',1758,,1250,7,0,9 10 11,0
35600,'1e386a27476c5b6e1461',628,,1273,7,0,9 10 11,0,80,,1274,7,0,9 10 11,0,30,,1275,7,0,9 10 11,0,920,,1271,8,0,9 10 11,0,175,,1272,8,0,9 10 11,0
35600,'1e7832711c690d2e452a',1758,,1258,8,0,9 10 11,0
35600,'1f5759673f12020b0a50',628,,1253,7,0,9 10 11,0
35600,'2943795d360756687162',1438,,1249,7,0,9 10 11,0
35600,'2a2423055d636f354b6d',828,,1256,7,0,9 10 11,0
35600,'2a6804265d6c7a6d704c',1228,,1268,7,0,9 10 11,0
35600,'2f16807a52596335736c',608,,1252,7,0,9 10 11,0,320,,1251,7,0,9 10 11,0
35600,'31744f7e5638320a2d4c',1228,,1255,8,0,9 10 11,0
35600,'56061576073054406d39',1758,,1259,7,0,9 10 11,0
35600,'59737b0d0f044b52693e',628,,1261,7,0,9 10 11,0,80,,1262,7,0,9 10 11,0,30,,1263,7,0,9 10 11,0,920,,1260,7,0,9 10 11,0
35600,'61121d2d1b1669750837',1053,,1264,7,0,9 10 11,0,800,,1265,7,0,9 10 11,0
35600,'634b592b186b573b6758',1053,,1266,11,0,9 10 11,0,800,,1267,11,0,9 10 11,0
35600,'6d0c424c36686c087407',1438,,1269,11,0,9 10 11,0,320,,1270,11,0,9 10 11,0
