35501,'033e170961301f7a0308',849,,1662,3,0,20 21 22,0,395,,1663,3,0,20 21 22,0,360,,1661,3,0,20 21 22,0
35501,'055e00325b240c7d4777',1029,,1235,5,0,20 21 22,0,715,,1234,5,0,20 21 22,0
35501,'12050f054d0a0f53752f',1245,,1239,3,0,20 21 22,0
35501,'126535785649426e467c',811,,1666,5,0,49 50,0,799,,1664,3,0,20 21 22,0,136,,1665,3,0,20 21 22,0
35501,'210a7c3e60384f725e7c',1029,,1668,5,0,20 21 22,0,715,,1667,5,0,20 21 22,0
35501,'2530772d5b5960361a09',1400,,1238,3,0,72 25,0,135,,1236,3,0,49 50,0,309,,1237,5,0,20 21 22,0
35501,'371d2f0f7337032c2b25',1250,,1233,3,0,20 21 22,0
35501,'3a3841530321505b7b18',1245,,1669,3,0,20 21 22,0
35501,'4f67586f291357636e2f',1400,,1672,3,0,72 25,0,135,,1670,3,0,49 50,0,309,,1671,5,0,20 21 22,0
35501,'566406012b1e7e430018',1045,,1673,3,0,49 50,0
35501,'59737b0d0f044b52693e',1244,,1675,3,0,20 21 22,0,360,,1674,3,0,20 21 22,0
35501,'5d21673510580b5d6c6e',1250,,1676,3,0,20 21 22,0
35501,'723148100c272b183b65',849,,1231,3,0,20 21 22,0,395,,1232,3,0,20 21 22,0,360,,1230,3,0,20 21 22,0
35501,'7249395f521c57637d3d',811,,1244,5,0,49 50,0,234,,1229,3,0,49 50,0,565,,1242,3,0,20 21 22,0,131,,1243,3,0,20 21 22,0
