35101,'02070559307629202a09',1849,,302,11,0,20 21 22,0
35101,'1a20552b5a400f716a1b',1004,,303,11,0,20 21 22,0
35101,'1f5759673f12020b0a50',1849,,1176,11,0,20 21 22,0
35101,'2a5b3362091f52630354',645,,307,11,0,23 24 18,0,103,,309,11,0,23 24 18,0,858,,304,11,0,23 25,0,205,,305,11,0,20 21 22,0,123,,306,11,0,20 21 22,0
35101,'2c295b0e5f4444502b59',1804,,310,11,0,20 21 22,0
35101,'31744f7e5638320a2d4c',1341,,1177,11,0,20 21 22,0
35101,'3823594e52252d7f6b14',1004,,1178,11,0,20 21 22,0
35101,'4f0277002864772e6462',919,,1179,11,0,20 21 22,0,340,,1180,11,0,20 21 22,0,190,,1181,11,0,20 21 22,0
35101,'52166b36781a3037644c',919,,312,11,0,20 21 22,0,340,,313,11,0,20 21 22,0,190,,314,11,0,20 21 22,0
35101,'725616403949496a5c67',1341,,315,11,0,20 21 22,0
35101,'7a7c2673351c18595c18',1804,,1182,11,0,20 21 22,0
35101,'7f443a14596255477616',645,,1186,11,0,23 24 18,0,103,,1188,11,0,23 24 18,0,858,,1183,11,0,23 25,0,205,,1184,11,0,20 21 22,0,123,,1185,11,0,20 21 22,0
