39700,'0a2f1e22095132130163',1619,,902,5,,,0
39700,'16096334352325192d1f',1424,,1622,11,,,0
39700,'1c2e3625233d01453772',836,,1623,11,,,0
39700,'2a08755845643968295b',731,,903,11,,,0
39700,'2a5b3362091f52630354',720,,904,11,,,0
39700,'2b037649673f32451d0b',926,,905,11,,,0
39700,'4d7a6615443531084902',836,,906,11,,,0
39700,'532f7e634a3b56246321',926,,1624,11,,,0
39700,'553d275f1455102c362a',1619,,1625,5,,,0
39700,'59737b0d0f044b52693e',731,,1626,11,,,0
39700,'69552d0660140f203513',1424,,907,11,,,0
39700,'7f443a14596255477616',719,,1627,11,,,0
