39300,'2a5b3362091f52630354',724,,851,21,0,160,0,5,,852,5,0,160,0
39300,'2b037649673f32451d0b',942,,853,20,0,160,0
39300,'7f443a14596255477616',724,,1597,21,0,160,0,5,,1598,5,0,160,0
39400,'0a2f1e22095132130163',1723,,861,8,,,0
39400,'35315f0c7e2102062569',1323,,1607,8,,,0
39400,'5e507c283847542b3f60',1723,,1608,8,,,0
39400,'725616403949496a5c67',1323,,871,8,,,0
39500,'1443632b3566627b2e20',843,,1616,21,0,161,0,310,,1617,21,0,161,0,550,,1618,21,0,161,0
39500,'2a08755845643968295b',728,,882,20,0,161,0,110,,883,21,0,161,0,205,,884,21,0,161,0,460,,885,21,0,161,0,200,,886,21,0,161,0
39500,'2a5b3362091f52630354',728,,887,20,0,161,0,110,,888,21,0,161,0,205,,889,21,0,161,0,460,,890,21,0,161,0,200,,891,21,0,161,0
39800,'2a5b3362091f52630354',726,,914,20,,,0
39800,'7f443a14596255477616',726,,1634,20,,,0
