35601,'055e00325b240c7d4777',959,,407,53,0,15 16 17,0,841,,408,53,0,15 16 17,0
35601,'075f4276790e1e273655',1500,,1276,53,0,15 16 17,0
35601,'0a3c663a7d504d200835',1615,,1277,53,0,12 13 14,0
35601,'184134507f4517151633',910,,1279,53,0,12 13 14,0
35601,'1e386a27476c5b6e1461',720,,1305,4,0,12 13 14,0,197,,1306,53,0,12 13 14,0,833,,1302,53,0,12 13 14,0,80,,1303,53,0,12 13 14,0
35601,'1f5759673f12020b0a50',730,,1284,53,0,12 13 14,0
35601,'2943795d360756687162',1330,,1278,53,0,12 13 14,0
35601,'2a2423055d636f354b6d',2015,,1289,53,0,12 13 14,0
35601,'2f16807a52596335736c',1130,,1280,53,0,12 13 14,0,370,,1281,53,0,12 13 14,0,100,,1282,53,0,12 13 14,0,350,,1283,53,0,12 13 14,0
35601,'320823102b697f311363',1500,,1285,53,0,12 13 14,0
35601,'321e5f70685c1473436a',1910,,1287,53,0,12 13 14,0
35601,'332311354b01253e3615',945,,1286,53,0,12 13 14,0
35601,'59445e7d50034e156e11',1900,,1290,53,0,12 13 14,0
35601,'59737b0d0f044b52693e',730,,1293,53,0,12 13 14,0,1010,,1291,53,0,12 13 14,0,80,,1292,53,0,12 13 14,0
35601,'61121d2d1b1669750837',959,,1294,53,0,12 13 14,0,841,,1295,53,0,12 13 14,0
35601,'634b592b186b573b6758',959,,1296,53,0,15 16 17,0,841,,1297,53,0,15 16 17,0
35601,'6d0c424c36686c087407',915,,1299,53,0,15 16 17,0,415,,1298,53,0,15 16 17,0
35601,'71472061383531535e0f',1700,,1288,53,0,12 13 14,0
35601,'7c40501f37807a467b28',1700,,1300,53,0,15 16 17,0
