36300,'02070559307629202a09',1314,,593,20,0,9 10 11,0
36300,'1c2e3625233d01453772',737,,1393,20,0,9 10 11,0
36300,'1f5759673f12020b0a50',1317,,1394,20,0,9 10 11,0
36300,'296b622873433b653522',1314,,594,20,0,9 10 11,0
36300,'2a08755845643968295b',1743,,595,17,0,9 10 11,0
36300,'2a5b3362091f52630354',654,,596,20,0,9 10 11,0,285,,597,17,0,9 10 11,0
36300,'44487e3c3e7f21570e19',1317,,1395,20,0,9 10 11,0
36300,'4d7a6615443531084902',734,,598,20,0,9 10 11,0
36300,'59737b0d0f044b52693e',1742,,1396,17,0,9 10 11,0
36300,'7f443a14596255477616',657,,1397,20,0,9 10 11,0,285,,1398,17,0,9 10 11,0
