31801,'2a2423055d636f354b6d',1741,,1072,4,0,74 21,0
31801,'2f16807a52596335736c',1259,,1070,4,0,74 21,0,571,,1071,4,0,74 21,0
31901,'2a2423055d636f354b6d',1749,,1080,4,0,69 70 71,0
31901,'2f16807a52596335736c',1357,,1077,4,0,69 70 71,0,257,,1078,4,0,69 70 71,0,209,,1079,4,0,69 70 71,0
35801,'1e386a27476c5b6e1461',1758,,1367,10,0,91 92,0
35801,'1f5759673f12020b0a50',1425,,1360,10,0,91 92,0,410,,1361,10,0,91 92,0
35801,'2a2423055d636f354b6d',925,,1365,10,0,91 92,0,807,,1366,10,0,93 94 95,0
35801,'2f16807a52596335736c',1838,,1359,10,0,91 92,0
35801,'3823594e52252d7f6b14',1017,,1362,10,0,91 92,0,810,,1363,10,0,91 92,0
35801,'71472061383531535e0f',1309,,1364,10,0,91 92,0
