35600,'02070559307629202a09',649,,373,26,0,9 10 11,0
35600,'0a2f1e22095132130163',1819,,374,27,0,9 10 11,0,5,,375,27,0,9 10 11,0
35600,'1c42311e025d3b40504f',1724,,376,27,0,9 10 11,0
35600,'200a2d69427732221f48',1249,,377,26,0,9 10 11,0
35600,'220e7e723c71704c1463',1459,,378,30,0,9 10 11,0,370,,379,30,0,9 10 11,0
35600,'2752046f425a49721d09',1249,,380,26,0,9 10 11,0
35600,'295d5e0567072f655d20',1114,,381,30,0,9 10 11,0,800,,382,30,0,9 10 11,0
35600,'2a08755845643968295b',649,,384,26,0,9 10 11,0,80,,385,26,0,9 10 11,0,30,,386,26,0,9 10 11,0,960,,383,26,0,9 10 11,0
35600,'2a5b3362091f52630354',649,,389,26,0,9 10 11,0,83,,390,26,0,9 10 11,0,70,,391,26,0,9 10 11,0,657,,387,26,0,9 10 11,0,399,,388,27,0,9 10 11,0
35600,'4d7a6615443531084902',629,,393,26,0,9 10 11,0,320,,392,26,0,9 10 11,0
35600,'52166b36781a3037644c',849,,394,26,0,9 10 11,0
35600,'693b6416011017175f3d',1609,,395,27,0,9 10 11,0,15,,396,28,0,9 10 11,0,100,,397,28,0,9 10 11,0
35600,'725616403949496a5c67',1249,,398,27,0,9 10 11,0,5,,399,27,0,9 10 11,0,565,,401,26,0,9 10 11,0
