35001,'02070559307629202a09',1747,,260,6,0,105 2 10 52,0
35001,'0a2f1e22095132130163',1708,,261,6,0,144 2 25,0,9,,262,7,0,144 2 25,0,101,,263,7,0,144 2 25,0,19,,265,6,0,144 2 25,0
35001,'2a08755845643968295b',1708,,266,6,0,144 2 25,0,39,,267,6,0,144 2 25,0,70,,268,6,0,144 2 25,0
35001,'2a5b3362091f52630354',1747,,269,6,0,144 2 25,0
35001,'4d7a6615443531084902',837,,277,6,0,144 2 25,0,590,,273,6,0,105 2 10 52,0,195,,274,6,0,105 2 10 52,0,290,,276,6,0,144 2 25,0
35001,'725616403949496a5c67',1246,,284,7,0,145 2 146,0,91,,279,6,0,144 2 25,0,371,,280,6,0,144 2 25,0,109,,281,6,0,144 2 25,0
38301,'0a2f1e22095132130163',1632,,769,6,0,147 2 117,0
38301,'2a5b3362091f52630354',736,,770,6,0,147 2 117,0
38301,'4d7a6615443531084902',1837,,771,6,0,63 2 21 64,0
38301,'52166b36781a3037644c',1256,,772,6,0,63 2 21 64,0
