36300,'02070559307629202a09',1315,,593,22,0,9 10 11,0
36300,'1c2e3625233d01453772',743,,1393,22,0,9 10 11,0
36300,'1f5759673f12020b0a50',1321,,1394,22,0,9 10 11,0
36300,'296b622873433b653522',1315,,594,22,0,9 10 11,0
36300,'2a08755845643968295b',1744,,595,19,0,9 10 11,0
36300,'2a5b3362091f52630354',655,,596,22,0,9 10 11,0,285,,597,19,0,9 10 11,0
36300,'44487e3c3e7f21570e19',1321,,1395,22,0,9 10 11,0
36300,'4d7a6615443531084902',739,,598,22,0,9 10 11,0
36300,'59737b0d0f044b52693e',1747,,1396,19,0,9 10 11,0
36300,'7f443a14596255477616',701,,1397,22,0,9 10 11,0,246,,1398,19,0,9 10 11,0
