37301,'02070559307629202a09',1521,,687,28,0,143 45,0
37301,'1c2e3625233d01453772',942,,1457,28,0,143 45,0,890,,1458,28,0,143 45,0
37301,'1f5759673f12020b0a50',1521,,1459,28,0,143 45,0
37301,'2a5b3362091f52630354',1757,,688,28,0,143 45,0
37301,'31744f7e5638320a2d4c',1353,,1460,28,0,143 45,0
37301,'4d7a6615443531084902',942,,689,28,0,143 45,0,890,,690,28,0,143 45,0
37301,'4f0277002864772e6462',1911,,1461,28,0,143 45,0
37301,'52166b36781a3037644c',1911,,691,28,0,143 45,0
37301,'725616403949496a5c67',1353,,692,28,0,143 45,0
37301,'7f443a14596255477616',1757,,1462,28,0,143 45,0
