35600,'02070559307629202a09',659,,373,36,0,9 2 10 11,0
35600,'0a2f1e22095132130163',1829,,374,37,0,9 2 10 11,0,5,,375,37,0,9 2 10 11,0
35600,'1c42311e025d3b40504f',1734,,376,37,0,9 2 10 11,0
35600,'200a2d69427732221f48',1259,,377,36,0,9 2 10 11,0
35600,'220e7e723c71704c1463',1509,,378,40,0,9 2 10 11,0,330,,379,40,0,9 2 10 11,0
35600,'2752046f425a49721d09',1259,,380,36,0,9 2 10 11,0
35600,'295d5e0567072f655d20',1124,,381,40,0,9 2 10 11,0,800,,382,40,0,9 2 10 11,0
35600,'2a08755845643968295b',659,,384,36,0,9 2 10 11,0,80,,385,36,0,9 2 10 11,0,70,,386,36,0,9 2 10 11,0,920,,383,36,0,9 2 10 11,0
35600,'2a5b3362091f52630354',659,,389,36,0,9 2 10 11,0,86,,390,36,0,9 2 10 11,0,70,,391,36,0,9 2 10 11,0,694,,387,36,0,9 2 10 11,0,399,,388,37,0,9 2 10 11,0
35600,'4d7a6615443531084902',639,,393,36,0,9 2 10 11,0,320,,392,36,0,9 2 10 11,0
35600,'52166b36781a3037644c',859,,394,36,0,9 2 10 11,0
35600,'693b6416011017175f3d',1619,,395,37,0,9 2 10 11,0,15,,396,38,0,9 2 10 11,0,100,,397,38,0,9 2 10 11,0
35600,'725616403949496a5c67',1259,,398,37,0,9 2 10 11,0,45,,399,37,0,9 2 10 11,0,525,,401,36,0,9 2 10 11,0
