34400,'1e386a27476c5b6e1461',702,,1099,2,0,65 18 140,0
34400,'2a2423055d636f354b6d',1354,,1096,2,0,158 159,0
34400,'2f16807a52596335736c',744,,1094,2,0,158 159,0
34400,'532f7e634a3b56246321',852,,1097,2,0,65 66 67,0
34400,'59737b0d0f044b52693e',709,,1098,2,0,158 159,0
34400,'7061714f794c79290d6c',902,,1095,2,0,65 66 67,0
36500,'1e386a27476c5b6e1461',646,,1419,2,0,9 10 11,0,665,,1418,2,0,9 10 11,0
36500,'1f5759673f12020b0a50',646,,1408,2,0,9 10 11,0
36500,'2a2423055d636f354b6d',1706,,1415,2,0,9 10 11,0
36500,'2c14404d6d61074b6d28',1131,,1409,2,0,9 10 11,0
36500,'2f16807a52596335736c',546,,1404,2,0,9 10 11,0,70,,1405,2,0,133 134,0
36500,'2f6b6069415f08614303',1131,,1410,2,0,9 10 11,0
36500,'3823594e52252d7f6b14',856,,1413,2,0,9 10 11,0,845,,1412,2,0,9 10 11,0
