36500,'00746f10327b7c6a3879',1301,,637,43,0,9 10 11,0
36500,'02070559307629202a09',806,,638,42,0,9 10 11,0
36500,'0a2f1e22095132130163',1730,,639,29,0,9 10 11,0
36500,'0e5131610429337c0530',952,,1403,29,0,9 10 11,0
36500,'1a20552b5a400f716a1b',1030,,640,43,0,9 10 11,0
36500,'1c2e3625233d01453772',711,,1404,43,0,9 10 11,0,42,,1406,28,0,9 10 11,0
36500,'1c486c5002601c4a534a',1732,,1407,28,0,9 10 11,0
36500,'1f5759673f12020b0a50',811,,1408,42,0,9 10 11,0
36500,'2a5b3362091f52630354',655,,642,28,0,9 10 11,0,166,,643,43,0,9 10 11,0,130,,644,30,0,9 10 11,0,485,,641,43,0,9 10 11,0
36500,'2c14404d6d61074b6d28',1305,,1409,42,0,9 10 11,0
36500,'2d0d0c223c38203b5e0d',1305,,1410,43,0,9 10 11,0
36500,'310c545b6d5159571c44',1835,,645,43,0,9 10 11,0
36500,'31744f7e5638320a2d4c',1345,,1411,25,0,9 10 11,0
36500,'3823594e52252d7f6b14',1030,,1413,43,0,9 10 11,0,814,,1412,43,0,9 10 11,0
36500,'494a652c1e455e3d7c72',659,,1414,28,0,9 10 11,0
36500,'4d7a6615443531084902',711,,646,43,0,9 10 11,0,43,,648,28,0,9 10 11,0
36500,'4f0277002864772e6462',1835,,1415,43,0,9 10 11,0
36500,'553d275f1455102c362a',1730,,1416,29,0,9 10 11,0
36500,'725616403949496a5c67',1345,,649,25,0,9 10 11,0
36500,'756c797a51436f4d0414',1726,,650,28,0,9 10 11,0
36500,'791e712d420e14727657',955,,1417,30,0,9 10 11,0
36500,'7b6f6f4a0e36407a261f',1301,,651,42,0,9 10 11,0
36500,'7f443a14596255477616',821,,1419,43,0,9 10 11,0,615,,1418,43,0,9 10 11,0
