35701,'0d4e3278231744213640',1838,,1326,38,0,12 13 14,0
35701,'136e6b484c454e417465',1959,,446,38,0,12 13 14,0
35701,'1c2e3625233d01453772',1349,,1330,38,0,12 13 14,0,290,,1327,38,0,12 13 14,0,99,,1328,38,0,12 13 14,0,280,,1329,38,0,12 13 14,0
35701,'320823102b697f311363',859,,1331,38,0,12 13 14,0
35701,'332311354b01253e3615',908,,1332,38,0,12 18 19,0
35701,'3823594e52252d7f6b14',1959,,1333,38,0,12 13 14,0
35701,'3a4a044232474e33312b',1118,,449,38,0,15 16 17,0
35701,'3a511f30370a721b2433',859,,445,38,0,12 13 14,0
35701,'494a652c1e455e3d7c72',949,,1334,38,0,12 13 14,0,269,,1335,38,0,12 13 14,0
35701,'59445e7d50034e156e11',1833,,1336,38,0,12 13 14,0
35701,'59737b0d0f044b52693e',834,,1339,38,0,12 13 14,0,924,,1337,38,0,12 13 14,0,151,,1338,38,0,12 13 14,0
35701,'61121d2d1b1669750837',1118,,1340,38,0,12 13 14,0
35701,'634b592b186b573b6758',1118,,1341,38,0,15 16 17,0
35701,'69181125652d7e4d6a80',834,,452,38,0,12 13 14,0,384,,453,38,0,15 16 17,0,131,,463,38,0,12 13 14,0,290,,460,38,0,12 13 14,0,99,,461,38,0,12 13 14,0,20,,450,38,0,12 13 14,0,151,,451,38,0,12 13 14,0,109,,462,38,0,12 13 14,0
35701,'6d0c424c36686c087407',943,,1342,38,0,15 16 17,0
35701,'702c275e051204394d01',943,,448,38,0,15 16 17,0,890,,447,38,0,12 13 14,0
35701,'7c40501f37807a467b28',1218,,1343,38,0,15 16 17,0
35701,'7f443a14596255477616',847,,1347,38,0,12 18 19,0,956,,1344,38,0,12 13 14,0,35,,1345,38,0,12 13 14,0,80,,1346,38,0,12 13 14,0
