30401,'1c2e3625233d01453772',711,,1033,3,0,46 47 48,0,30,,1034,3,0,46 47 48,0,70,,1035,3,0,46 47 48,0,30,,1036,3,0,46 47 48,0,70,,1037,3,0,46 47 48,0,720,,1038,3,0,46 47 48,0,70,,1039,3,0,46 47 48,0,30,,1040,3,0,46 47 48,0,70,,1029,3,0,46 47 48,0,30,,1030,3,0,46 47 48,0,70,,1031,3,0,46 47 48,0,30,,1032,3,0,46 47 48,0
30401,'553d275f1455102c362a',1746,,1041,3,0,46 47 48,0
35301,'0a041e0d5834764b5d6a',746,,1205,4,0,49 50,0,610,,1201,4,0,49 50,0,355,,1202,4,0,49 50,0,91,,1206,4,0,49 50,0,119,,1203,4,0,49 50,0
35301,'145c255a11476c503429',751,,1643,4,0,49 50,0,1051,,1644,4,0,49 50,0
35301,'590e110a0c1c3c7c4941',1902,,1204,4,0,49 50,0
35301,'6c79775968333e371768',1356,,1645,4,0,49 50,0,355,,1646,4,0,49 50,0,210,,1647,4,0,49 50,0
35301,'784516016b486a280f43',1902,,1648,4,0,49 50,0
35501,'033e170961301f7a0308',910,,1662,15,0,20 21 22,0,393,,1663,15,0,20 21 22,0,322,,1661,15,0,20 21 22,0
35501,'055e00325b240c7d4777',1050,,1235,17,0,20 21 22,0,755,,1234,17,0,20 21 22,0
35501,'126535785649426e467c',836,,1666,17,0,49 50,0,794,,1664,15,0,20 21 22,0,181,,1665,15,0,20 21 22,0
35501,'191b086669276f0a2c02',1305,,1239,15,0,20 21 22,0
35501,'210a7c3e60384f725e7c',1050,,1668,17,0,20 21 22,0,755,,1667,17,0,20 21 22,0
35501,'371d2f0f7337032c2b25',1310,,1233,15,0,20 21 22,0
35501,'3a3841530321505b7b18',1305,,1669,15,0,20 21 22,0
35501,'4f67586f291357636e2f',1420,,1672,15,0,72 25,0,135,,1670,15,0,49 50,0,350,,1671,17,0,20 21 22,0
35501,'566406012b1e7e430018',1105,,1673,15,0,49 50,0
35501,'59737b0d0f044b52693e',1305,,1675,15,0,20 21 22,0,320,,1674,15,0,20 21 22,0
35501,'5d21673510580b5d6c6e',1310,,1676,15,0,20 21 22,0
35501,'5d5f40704724192d5825',836,,1244,17,0,49 50,0,269,,1229,15,0,49 50,0,525,,1242,15,0,20 21 22,0,176,,1243,15,0,20 21 22,0
35501,'723148100c272b183b65',910,,1231,15,0,20 21 22,0,393,,1232,15,0,20 21 22,0,322,,1230,15,0,20 21 22,0
35501,'7360781f782d14543c3f',1420,,1238,15,0,72 25,0,135,,1236,15,0,49 50,0,350,,1237,17,0,20 21 22,0
