35600,'02070559307629202a09',631,,373,10,0,9 10 11,0
35600,'0a2f1e22095132130163',1801,,374,11,0,9 10 11,0,4,,375,11,0,9 10 11,0
35600,'0a3c663a7d504d200835',1551,,1245,11,0,9 10 11,0,55,,1246,12,0,9 10 11,0
35600,'0d7c5c285a59412d315b',1756,,1247,10,0,9 10 11,0
35600,'112a0b7f332a564f1678',1231,,1248,10,0,9 10 11,0
35600,'14187635613e43612170',1441,,1249,10,0,9 10 11,0
35600,'1a223768176411647430',1801,,1250,10,0,9 10 11,0
35600,'1c2e3625233d01453772',611,,1252,10,0,9 10 11,0,320,,1251,10,0,9 10 11,0
35600,'1c42311e025d3b40504f',1705,,376,11,0,9 10 11,0
35600,'1f5759673f12020b0a50',631,,1253,10,0,9 10 11,0
35600,'200a2d69427732221f48',1231,,377,10,0,9 10 11,0
35600,'220e7e723c71704c1463',1441,,378,14,0,9 10 11,0,370,,379,14,0,9 10 11,0
35600,'2752046f425a49721d09',1231,,380,10,0,9 10 11,0
35600,'295d5e0567072f655d20',1056,,381,14,0,9 10 11,0,800,,382,14,0,9 10 11,0
35600,'2a08755845643968295b',631,,384,10,0,9 10 11,0,80,,385,10,0,9 10 11,0,30,,386,10,0,9 10 11,0,960,,383,10,0,9 10 11,0
35600,'2a5b3362091f52630354',631,,389,10,0,9 10 11,0,80,,390,10,0,9 10 11,0,30,,391,10,0,9 10 11,0,700,,387,10,0,9 10 11,0,399,,388,11,0,9 10 11,0
35600,'31744f7e5638320a2d4c',1231,,1254,11,0,9 10 11,0,4,,1255,11,0,9 10 11,0
35600,'4d7a6615443531084902',611,,393,10,0,9 10 11,0,320,,392,10,0,9 10 11,0
35600,'4f0277002864772e6462',831,,1256,10,0,9 10 11,0
35600,'52166b36781a3037644c',831,,394,10,0,9 10 11,0
35600,'553d275f1455102c362a',1801,,1257,11,0,9 10 11,0,4,,1258,11,0,9 10 11,0
35600,'56061576073054406d39',1801,,1259,10,0,9 10 11,0
35600,'59737b0d0f044b52693e',631,,1261,10,0,9 10 11,0,80,,1262,10,0,9 10 11,0,30,,1263,10,0,9 10 11,0,960,,1260,10,0,9 10 11,0
35600,'61121d2d1b1669750837',1056,,1264,10,0,9 10 11,0,800,,1265,10,0,9 10 11,0
35600,'634b592b186b573b6758',1056,,1266,14,0,9 10 11,0,800,,1267,14,0,9 10 11,0
35600,'693b6416011017175f3d',1551,,395,11,0,9 10 11,0,55,,396,12,0,9 10 11,0,100,,397,12,0,9 10 11,0
35600,'6a233617047119584137',1231,,1268,10,0,9 10 11,0
35600,'6d0c424c36686c087407',1441,,1269,14,0,9 10 11,0,360,,1270,14,0,9 10 11,0
35600,'725616403949496a5c67',1231,,398,11,0,9 10 11,0,4,,400,11,0,122 25,0,566,,401,10,0,9 10 11,0
35600,'7f443a14596255477616',631,,1273,10,0,9 10 11,0,80,,1274,10,0,9 10 11,0,30,,1275,10,0,9 10 11,0,964,,1271,11,0,9 10 11,0,135,,1272,11,0,9 10 11,0
