34201,'1e386a27476c5b6e1461',1756,,1093,13,0,135 25,0
34201,'1f5759673f12020b0a50',1756,,1638,15,0,135 25,0
34201,'2f16807a52596335736c',1309,,1091,15,0,135 25,0,537,,1637,15,0,135 25,0
34201,'59737b0d0f044b52693e',1756,,1639,15,0,135 25,0
36500,'1e386a27476c5b6e1461',656,,1419,7,0,9 10 11,0,667,,1418,7,0,9 10 11,0
36500,'1f5759673f12020b0a50',656,,1408,7,0,9 10 11,0
36500,'2a2423055d636f354b6d',1718,,1415,7,0,9 10 11,0
36500,'2c14404d6d61074b6d28',1143,,1409,7,0,9 10 11,0
36500,'2f16807a52596335736c',556,,1404,7,0,9 10 11,0,71,,1405,7,0,133 134,0
36500,'2f6b6069415f08614303',1143,,1410,7,0,9 10 11,0
36500,'3823594e52252d7f6b14',909,,1413,7,0,9 10 11,0,803,,1412,7,0,9 10 11,0
