31800,'2a2423055d636f354b6d',1334,,1069,43,0,9 68 38,0
31800,'2f16807a52596335736c',720,,1067,43,0,9 68 38,0,83,,1068,43,0,9 68 38,0
31900,'2a2423055d636f354b6d',1330,,1076,34,0,9 68 38,0
31900,'2f16807a52596335736c',713,,1073,33,0,9 68 38,0,43,,1074,34,0,9 68 38,0,157,,1075,33,0,9 68 38,0
35800,'1e386a27476c5b6e1461',734,,1356,38,0,9 10 11,0,23,,1357,37,0,9 10 11,0,192,,1358,37,0,9 10 11,0
35800,'1f5759673f12020b0a50',825,,1349,37,0,9 10 11,0,497,,1350,38,0,9 10 11,0
35800,'2a2423055d636f354b6d',1625,,1353,37,0,9 10 11,0
35800,'2f16807a52596335736c',1310,,1348,37,0,9 10 11,0
35800,'3823594e52252d7f6b14',921,,1351,37,0,9 10 11,0
35800,'59737b0d0f044b52693e',726,,1354,38,0,9 10 11,0
35800,'71472061383531535e0f',709,,1352,37,0,9 10 11,0
35800,'7a7c2673351c18595c18',1725,,1355,37,0,9 10 11,0
