36300,'1e386a27476c5b6e1461',703,,1397,23,0,9 10 11,0,246,,1398,20,0,9 10 11,0
36300,'1f5759673f12020b0a50',1323,,1394,23,0,9 10 11,0
36300,'2f16807a52596335736c',752,,1393,23,0,9 10 11,0
36300,'3c2a73256541336f410c',1323,,1395,23,0,9 10 11,0
36300,'59737b0d0f044b52693e',1749,,1396,20,0,9 10 11,0
36500,'0e5131610429337c0530',1009,,1403,35,0,9 10 11,0
36500,'1c486c5002601c4a534a',1752,,1407,34,0,9 10 11,0
36500,'1e386a27476c5b6e1461',850,,1419,49,0,9 10 11,0,604,,1418,49,0,9 10 11,0
36500,'1e7832711c690d2e452a',1752,,1416,35,0,9 10 11,0
36500,'1f5759673f12020b0a50',825,,1408,48,0,9 10 11,0
36500,'2a2423055d636f354b6d',1856,,1415,49,0,9 10 11,0
36500,'2c14404d6d61074b6d28',1324,,1409,48,0,9 10 11,0
36500,'2f16807a52596335736c',734,,1404,49,0,9 10 11,0,82,,1406,34,0,9 10 11,0
36500,'2f6b6069415f08614303',1324,,1410,49,0,9 10 11,0
36500,'31744f7e5638320a2d4c',1403,,1411,31,0,9 10 11,0
36500,'3823594e52252d7f6b14',1045,,1413,49,0,9 10 11,0,814,,1412,49,0,9 10 11,0
36500,'3c550d10735a472e4755',1012,,1417,36,0,9 10 11,0
36500,'71472061383531535e0f',715,,1414,34,0,9 10 11,0
