35601,'055e00325b240c7d4777',934,,407,32,0,15 16 17,0,803,,408,32,0,15 16 17,0
35601,'075f4276790e1e273655',1437,,1276,32,0,15 16 17,0
35601,'0a3c663a7d504d200835',1552,,1277,32,0,12 13 14,0
35601,'184134507f4517151633',847,,1279,32,0,12 13 14,0
35601,'1e386a27476c5b6e1461',657,,1301,32,0,12 13 14,0,195,,1306,32,0,12 13 14,0,875,,1302,32,0,12 13 14,0,80,,1303,32,0,12 13 14,0
35601,'1f5759673f12020b0a50',707,,1284,32,0,12 13 14,0
35601,'2943795d360756687162',1307,,1278,32,0,12 13 14,0
35601,'2a2423055d636f354b6d',1952,,1289,32,0,12 13 14,0
35601,'2f16807a52596335736c',1107,,1280,32,0,12 13 14,0,330,,1281,32,0,12 13 14,0,100,,1282,32,0,12 13 14,0,390,,1283,32,0,12 13 14,0
35601,'320823102b697f311363',1437,,1285,32,0,12 13 14,0
35601,'321e5f70685c1473436a',1847,,1287,32,0,12 13 14,0
35601,'332311354b01253e3615',922,,1286,32,0,12 13 14,0
35601,'59445e7d50034e156e11',1837,,1290,32,0,12 13 14,0
35601,'59737b0d0f044b52693e',707,,1293,32,0,12 13 14,0,1010,,1291,32,0,12 13 14,0,40,,1292,32,0,12 13 14,0
35601,'61121d2d1b1669750837',934,,1294,32,0,12 13 14,0,803,,1295,32,0,12 13 14,0
35601,'634b592b186b573b6758',934,,1296,32,0,15 16 17,0,803,,1297,32,0,15 16 17,0
35601,'6d0c424c36686c087407',852,,1299,32,0,15 16 17,0,455,,1298,32,0,15 16 17,0
35601,'71472061383531535e0f',1637,,1288,32,0,12 13 14,0
35601,'7c40501f37807a467b28',1637,,1300,32,0,15 16 17,0
