35601,'055e00325b240c7d4777',927,,407,25,0,15 16 17,0,803,,408,25,0,15 16 17,0
35601,'075f4276790e1e273655',1430,,1276,25,0,15 16 17,0
35601,'0a3c663a7d504d200835',1545,,1277,25,0,12 13 14,0
35601,'184134507f4517151633',840,,1279,25,0,12 13 14,0
35601,'1e386a27476c5b6e1461',650,,1301,25,0,12 13 14,0,197,,1306,25,0,12 13 14,0,873,,1302,25,0,12 13 14,0,80,,1303,25,0,12 13 14,0
35601,'1f5759673f12020b0a50',700,,1284,25,0,12 13 14,0
35601,'2943795d360756687162',1300,,1278,25,0,12 13 14,0
35601,'2a2423055d636f354b6d',1945,,1289,25,0,12 13 14,0
35601,'2f16807a52596335736c',1100,,1280,25,0,12 13 14,0,330,,1281,25,0,12 13 14,0,100,,1282,25,0,12 13 14,0,390,,1283,25,0,12 13 14,0
35601,'320823102b697f311363',1430,,1285,25,0,12 13 14,0
35601,'321e5f70685c1473436a',1840,,1287,25,0,12 13 14,0
35601,'332311354b01253e3615',915,,1286,25,0,12 13 14,0
35601,'59445e7d50034e156e11',1830,,1290,25,0,12 13 14,0
35601,'59737b0d0f044b52693e',700,,1293,25,0,12 13 14,0,1010,,1291,25,0,12 13 14,0,40,,1292,25,0,12 13 14,0
35601,'61121d2d1b1669750837',927,,1294,25,0,12 13 14,0,803,,1295,25,0,12 13 14,0
35601,'634b592b186b573b6758',927,,1296,25,0,15 16 17,0,803,,1297,25,0,15 16 17,0
35601,'6d0c424c36686c087407',845,,1299,25,0,15 16 17,0,414,,1298,25,0,15 16 17,0
35601,'71472061383531535e0f',1630,,1288,25,0,12 13 14,0
35601,'7c40501f37807a467b28',1630,,1300,25,0,15 16 17,0
