35601,'055e00325b240c7d4777',932,,407,30,0,15 16 17,0,803,,408,30,0,15 16 17,0
35601,'075f4276790e1e273655',1435,,1276,30,0,15 16 17,0
35601,'0a3c663a7d504d200835',1550,,1277,30,0,12 13 14,0
35601,'184134507f4517151633',845,,1279,30,0,12 13 14,0
35601,'1e386a27476c5b6e1461',655,,1301,30,0,12 13 14,0,195,,1306,30,0,12 13 14,0,875,,1302,30,0,12 13 14,0,80,,1303,30,0,12 13 14,0
35601,'1f5759673f12020b0a50',705,,1284,30,0,12 13 14,0
35601,'2943795d360756687162',1305,,1278,30,0,12 13 14,0
35601,'2a2423055d636f354b6d',1950,,1289,30,0,12 13 14,0
35601,'2f16807a52596335736c',1105,,1280,30,0,12 13 14,0,330,,1281,30,0,12 13 14,0,100,,1282,30,0,12 13 14,0,390,,1283,30,0,12 13 14,0
35601,'320823102b697f311363',1435,,1285,30,0,12 13 14,0
35601,'321e5f70685c1473436a',1845,,1287,30,0,12 13 14,0
35601,'332311354b01253e3615',920,,1286,30,0,12 13 14,0
35601,'59445e7d50034e156e11',1835,,1290,30,0,12 13 14,0
35601,'59737b0d0f044b52693e',705,,1293,30,0,12 13 14,0,1010,,1291,30,0,12 13 14,0,40,,1292,30,0,12 13 14,0
35601,'61121d2d1b1669750837',932,,1294,30,0,12 13 14,0,803,,1295,30,0,12 13 14,0
35601,'634b592b186b573b6758',932,,1296,30,0,15 16 17,0,803,,1297,30,0,15 16 17,0
35601,'6d0c424c36686c087407',850,,1299,30,0,15 16 17,0,455,,1298,30,0,15 16 17,0
35601,'71472061383531535e0f',1635,,1288,30,0,12 13 14,0
35601,'7c40501f37807a467b28',1635,,1300,30,0,15 16 17,0
