31401,'2b037649673f32451d0b',1215,,127,2,,,0
31401,'3b0d0a205721144a1f02',1215,,1059,2,,,0
37901,'0a2f1e22095132130163',1733,,740,8,0,114 115,0
37901,'16096334352325192d1f',1245,,1510,7,0,126 47 48,0
37901,'2b037649673f32451d0b',1233,,741,4,0,123 124 125,0
37901,'31744f7e5638320a2d4c',1245,,1512,7,0,114 115,0
37901,'4f0277002864772e6462',1728,,1513,7,0,126 47 48,0
37901,'52166b36781a3037644c',1730,,742,8,0,126 47 48,0
37901,'532f7e634a3b56246321',1235,,1514,4,0,123 124 125,0
37901,'553d275f1455102c362a',1728,,1516,7,0,114 115,0
37901,'69552d0660140f203513',1245,,743,8,0,126 47 48,0
37901,'725616403949496a5c67',1245,,745,8,0,114 115,0
