36500,'0e5131610429337c0530',1004,,1403,33,0,9 10 11,0
36500,'1c486c5002601c4a534a',1746,,1407,32,0,9 10 11,0
36500,'1e386a27476c5b6e1461',843,,1419,47,0,9 10 11,0,605,,1418,47,0,9 10 11,0
36500,'1e7832711c690d2e452a',1741,,1416,33,0,9 10 11,0
36500,'1f5759673f12020b0a50',819,,1408,46,0,9 10 11,0
36500,'2a2423055d636f354b6d',1850,,1415,47,0,9 10 11,0
36500,'2c14404d6d61074b6d28',1319,,1409,46,0,9 10 11,0
36500,'2f16807a52596335736c',726,,1404,47,0,9 10 11,0,82,,1406,32,0,9 10 11,0
36500,'2f6b6069415f08614303',1319,,1410,47,0,9 10 11,0
36500,'31744f7e5638320a2d4c',1357,,1411,29,0,9 10 11,0
36500,'3823594e52252d7f6b14',1041,,1413,47,0,9 10 11,0,814,,1412,47,0,9 10 11,0
36500,'3c550d10735a472e4755',1007,,1417,34,0,9 10 11,0
36500,'71472061383531535e0f',710,,1414,32,0,9 10 11,0
