31400,'184e4110395b10611f1d',827,,126,12,,,0
31400,'3b0d0a205721144a1f02',827,,1058,12,,,0
32001,'3c046c2a04663d195765',1847,,152,3,0,137 138 139,0
37900,'16096334352325192d1f',1403,,1503,11,0,65 66 67,0
37900,'1f5759673f12020b0a50',818,,1504,11,0,65 66 67,0
37900,'3a18561c2f3952270660',1400,,738,11,0,65 66 67,0
37900,'49363c5c560d0d713513',815,,732,11,0,65 66 67,0
37900,'59737b0d0f044b52693e',818,,1506,11,0,65 66 67,0
37900,'5a622e2f735638475e4f',815,,733,11,0,65 66 67,0
37900,'7f443a14596255477616',703,,1508,11,0,65 66 67,0,5,,1509,15,0,65 66 67,0
