35101,'02070559307629202a09',1856,,302,16,0,20 21 22,0
35101,'1a20552b5a400f716a1b',1011,,303,16,0,20 21 22,0
35101,'1f5759673f12020b0a50',1856,,1176,16,0,20 21 22,0
35101,'2a5b3362091f52630354',651,,307,16,0,23 24 18,0,106,,309,16,0,23 24 18,0,861,,304,16,0,23 25,0,205,,305,16,0,20 21 22,0,118,,306,16,0,20 21 22,0
35101,'2c295b0e5f4444502b59',1811,,310,16,0,20 21 22,0
35101,'31744f7e5638320a2d4c',1348,,1177,16,0,20 21 22,0
35101,'3823594e52252d7f6b14',1011,,1178,16,0,20 21 22,0
35101,'4f0277002864772e6462',926,,1179,16,0,20 21 22,0,380,,1180,16,0,20 21 22,0,150,,1181,16,0,20 21 22,0
35101,'52166b36781a3037644c',926,,312,16,0,20 21 22,0,380,,313,16,0,20 21 22,0,150,,314,16,0,20 21 22,0
35101,'725616403949496a5c67',1348,,315,16,0,20 21 22,0
35101,'7a7c2673351c18595c18',1811,,1182,16,0,20 21 22,0
35101,'7f443a14596255477616',651,,1186,16,0,23 24 18,0,106,,1188,16,0,23 24 18,0,861,,1183,16,0,23 25,0,205,,1184,16,0,20 21 22,0,118,,1185,16,0,20 21 22,0
