30500,'1e386a27476c5b6e1461',635,,1047,28,4,,0
30500,'2f16807a52596335736c',725,,1042,28,4,,0,85,,1043,28,4,,0,25,,1044,28,4,,0
30500,'71472061383531535e0f',950,,1045,28,4,,0,670,,1046,28,4,,0
30501,'1e386a27476c5b6e1461',1800,,1053,1,0,31 32,0
30501,'2f16807a52596335736c',1630,,1048,1,0,31 32,0,200,,1049,1,0,31 32,0,100,,1050,1,0,31 32,0
30501,'71472061383531535e0f',930,,1051,1,0,31 32,0,800,,1052,1,0,31 32,0
38800,'1e386a27476c5b6e1461',707,,1553,24,4,,0,98,,1555,28,4,,0,110,,1556,24,4,,0,800,,1551,24,4,,0,130,,1552,24,4,,0
38800,'2a2423055d636f354b6d',1140,,1549,24,4,,0,200,,1548,24,4,,0
38800,'2f16807a52596335736c',743,,1544,26,4,,0,77,,1545,28,4,,0,30,,1546,26,4,,0,690,,1541,28,4,,0,100,,1542,24,4,,0,105,,1543,28,4,,0
38800,'3823594e52252d7f6b14',1710,,1547,24,4,,0
38800,'7a7c2673351c18595c18',910,,1550,24,4,,0
38801,'1e386a27476c5b6e1461',830,,1574,1,0,81 25,0,100,,1575,1,0,81 25,0,580,,1569,1,0,81 25,0,100,,1570,1,0,81 25,0,100,,1571,1,0,81 82,0,100,,1572,1,0,81 82,0,100,,1573,1,0,81 25,0
38801,'1f5759673f12020b0a50',1240,,1565,1,0,81 25,0,270,,1564,1,0,81 25,0
38801,'2f16807a52596335736c',800,,1560,1,0,81 25,0,100,,1561,1,0,81 25,0,340,,1562,1,0,81 82,0,190,,1563,1,0,81 25,0,210,,1557,1,0,83 84,0,100,,1558,1,0,83 84,0,100,,1559,1,0,81 82,0
38801,'3823594e52252d7f6b14',930,,1567,1,0,81 25,0
38801,'7a7c2673351c18595c18',1800,,1568,1,0,81 25,0
