36501,'0e5131610429337c0530',730,,1420,18,0,135 25,0,115,,1421,18,0,166 32,0
36501,'1e386a27476c5b6e1461',647,,1436,18,0,132 117,0,996,,1434,18,0,132 117,0,112,,1435,18,0,133 134,0
36501,'1f5759673f12020b0a50',1833,,1425,18,0,132 117,0
36501,'2a2423055d636f354b6d',1308,,1429,18,0,132 117,0,142,,1430,18,0,132 117,0
36501,'2c14404d6d61074b6d28',945,,1426,18,0,133 134,0
36501,'2f16807a52596335736c',1827,,1422,18,0,132 117,0,87,,1423,18,0,133 134,0
36501,'3823594e52252d7f6b14',928,,1428,18,0,132 117,0,809,,1427,18,0,132 117,0
36501,'3c550d10735a472e4755',730,,1433,18,0,135 25,0
36501,'484f0e366a041c114e35',945,,1432,18,0,133 134,0
36501,'59737b0d0f044b52693e',1748,,1431,18,0,133 134,0
