39301,'0a2f1e22095132130163',1739,,854,9,0,162,0
39301,'2b037649673f32451d0b',1311,,856,4,0,162,0
39301,'31744f7e5638320a2d4c',1254,,1599,8,0,162,0
39301,'553d275f1455102c362a',1739,,1601,8,0,162,0
39301,'725616403949496a5c67',1254,,857,9,0,162,0
39401,'2a5b3362091f52630354',736,,877,7,,,0
39401,'4e3f30715c2160755238',736,,1613,7,,,0
39501,'1443632b3566627b2e20',918,,1619,5,0,163,0,495,,1620,5,0,163,0,405,,1621,5,0,163,0
39501,'2a08755845643968295b',818,,892,5,0,163,0,435,,893,3,0,163,0,185,,894,5,0,163,0,295,,895,3,0,163,0,105,,896,5,0,163,0
39501,'2a5b3362091f52630354',818,,897,5,0,163,0,435,,898,3,0,163,0,185,,899,5,0,163,0,295,,900,3,0,163,0,105,,901,5,0,163,0
39801,'0a2f1e22095132130163',1745,,915,9,,,0
39801,'31744f7e5638320a2d4c',1254,,1635,8,,,0
39801,'553d275f1455102c362a',1745,,1636,8,,,0
39801,'725616403949496a5c67',1254,,916,9,,,0
