35000,'02070559307629202a09',855,,238,41,0,9 35 36 37 38,0
35000,'1c2e3625233d01453772',705,,1114,39,0,9 35 36 37 38,0,41,,1115,45,0,9 35 36 37 38,0,173,,1112,45,0,9 35 36 37 38,0,686,,1113,39,0,9 35 36 37 38,0
35000,'1f5759673f12020b0a50',855,,1117,41,0,9 35 36 37 38,0
35000,'2a08755845643968295b',825,,243,39,0,9 35 36 37 38,0
35000,'2a5b3362091f52630354',640,,244,39,0,9 35 36 37 38,0,90,,245,39,0,9 35 36 37 38,0,9,,247,17,0,9 35 36 37 38,0,86,,248,40,0,9 35 36 37 38,0
35000,'4d7a6615443531084902',705,,254,39,0,9 35 36 37 38,0,41,,255,45,0,9 35 36 37 38,0,173,,250,45,0,9 35 36 37 38,0,686,,252,39,0,9 35 36 37 38,0
35000,'59737b0d0f044b52693e',825,,1127,39,0,9 35 36 37 38,0
35000,'7f443a14596255477616',640,,1128,39,0,9 35 36 37 38,0,90,,1129,39,0,9 35 36 37 38,0,6,,1131,17,0,9 35 36 37 38,0,89,,1132,40,0,9 35 36 37 38,0
38300,'02070559307629202a09',742,,762,27,0,9 35 36 37 38,0
38300,'1c2e3625233d01453772',835,,1529,13,0,9 35 36 37 38,0,597,,1530,27,0,9 35 36 37 38,0
38300,'1f5759673f12020b0a50',742,,1531,27,0,9 35 36 37 38,0
38300,'2a08755845643968295b',742,,763,27,0,9 35 36 37 38,0
38300,'2a5b3362091f52630354',709,,764,13,0,9 35 36 37 38,0,27,,765,27,0,9 35 36 37 38,0,1001,,766,13,0,9 35 36 37 38,0
38300,'494a652c1e455e3d7c72',1737,,1532,13,0,9 35 36 37 38,0
38300,'4d7a6615443531084902',835,,767,13,0,9 35 36 37 38,0,597,,768,27,0,9 35 36 37 38,0
38300,'59737b0d0f044b52693e',742,,1533,27,0,9 35 36 37 38,0
38300,'7f443a14596255477616',709,,1534,13,0,9 35 36 37 38,0,27,,1535,27,0,9 35 36 37 38,0
