36300,'02070559307629202a09',1314,,593,21,0,9 10 11,0
36300,'1c2e3625233d01453772',740,,1393,21,0,9 10 11,0
36300,'1f5759673f12020b0a50',1318,,1394,21,0,9 10 11,0
36300,'296b622873433b653522',1314,,594,21,0,9 10 11,0
36300,'2a08755845643968295b',1743,,595,18,0,9 10 11,0
36300,'2a5b3362091f52630354',654,,596,21,0,9 10 11,0,285,,597,18,0,9 10 11,0
36300,'44487e3c3e7f21570e19',1318,,1395,21,0,9 10 11,0
36300,'4d7a6615443531084902',734,,598,21,0,9 10 11,0
36300,'59737b0d0f044b52693e',1745,,1396,18,0,9 10 11,0
36300,'7f443a14596255477616',658,,1397,21,0,9 10 11,0,287,,1398,18,0,9 10 11,0
