35500,'033e170961301f7a0308',829,,1649,36,0,9 26,0
35500,'055e00325b240c7d4777',944,,1220,36,0,9 10 11,0,715,,1219,36,0,9 10 11,0
35500,'126535785649426e467c',714,,1650,26,0,9 10 11,0,20,,1651,36,0,9 10 11,0,100,,1652,15,0,9 26,0
35500,'210a7c3e60384f725e7c',944,,1654,36,0,9 10 11,0,715,,1653,36,0,9 10 11,0
35500,'4f67586f291357636e2f',1223,,1657,26,0,9 26,0,110,,1658,36,0,9 26,0,118,,1655,15,0,9 26,0,262,,1656,26,0,9 26,0
35500,'566406012b1e7e430018',943,,1659,26,0,9 26,0
35500,'59737b0d0f044b52693e',744,,1660,36,0,9 10 11,0
35500,'5d5f40704724192d5825',714,,1226,26,0,9 10 11,0,28,,1227,36,0,9 10 11,0,92,,1228,15,0,9 26,0,109,,1217,26,0,9 26,0
35500,'723148100c272b183b65',829,,1218,36,0,9 26,0
35500,'7360781f782d14543c3f',1223,,1223,26,0,9 26,0,110,,1224,36,0,9 26,0,118,,1221,15,0,9 26,0,262,,1222,26,0,9 26,0
