39301,'0a2f1e22095132130163',1826,,855,28,0,162,0
39301,'31744f7e5638320a2d4c',1338,,1600,27,0,162,0
39301,'553d275f1455102c362a',1826,,1602,27,0,162,0
39301,'725616403949496a5c67',1338,,858,28,0,162,0
39400,'012705765b230d454c07',1538,,1603,19,,,0
39400,'02070559307629202a09',903,,859,19,,,0,640,,860,19,,,0
39400,'1443632b3566627b2e20',728,,1604,19,,,0,390,,1605,19,,,0,515,,1606,19,,,0
39400,'2a08755845643968295b',728,,863,19,,,0,390,,864,19,,,0,515,,865,19,,,0
39400,'2a5b3362091f52630354',728,,866,19,,,0,390,,867,19,,,0,515,,868,19,,,0
39400,'693b6416011017175f3d',1538,,870,19,,,0
39400,'79634f716a31375a174a',903,,1609,19,,,0,640,,1610,19,,,0
