30100,'1e386a27476c5b6e1461',645,,945,1,0,9 26,0,5,,946,1,0,9 26,0
30100,'2f16807a52596335736c',600,,938,1,0,9 26,0,30,,939,1,0,9 26,0,70,,940,1,0,9 26,0,30,,941,1,0,9 26,0,70,,942,1,0,9 26,0,30,,943,1,0,9 26,0,770,,932,1,0,9 26,0,30,,933,1,0,9 26,0,70,,934,1,0,9 26,0,30,,935,1,0,9 26,0,70,,936,1,0,9 26,0,30,,937,1,0,9 26,0
30101,'1e386a27476c5b6e1461',1740,,960,8,4,,0,70,,961,8,4,,0
30101,'2f16807a52596335736c',750,,952,8,4,,0,70,,953,8,4,,0,35,,954,8,4,,0,65,,955,8,4,,0,30,,956,8,4,,0,775,,957,8,4,,0,30,,958,8,4,,0,70,,947,8,4,,0,25,,948,8,4,,0,70,,949,8,4,,0,30,,950,8,4,,0,70,,951,8,4,,0
30101,'3c2a73256541336f410c',1840,,959,8,4,,0
35100,'1e386a27476c5b6e1461',600,,1172,1,0,9 10 11,0,15,,1173,1,0,9 10 11,0
35100,'1f5759673f12020b0a50',745,,1159,1,0,9 10 11,0,375,,1160,1,0,9 10 11,0
35100,'2a2423055d636f354b6d',1030,,1168,1,0,9 10 11,0,225,,1166,1,0,9 10 11,0,150,,1167,1,0,9 10 11,0
35100,'3823594e52252d7f6b14',830,,1165,1,0,9 10 11,0,785,,1164,1,0,9 10 11,0
35100,'59737b0d0f044b52693e',1120,,1171,1,0,9 10 11,0
35101,'1e386a27476c5b6e1461',1925,,1184,61,4,,0,110,,1185,52,4,,0
35101,'1f5759673f12020b0a50',1950,,1176,52,4,,0
35101,'2a2423055d636f354b6d',1020,,1179,52,4,,0,380,,1180,52,4,,0,150,,1181,52,4,,0
35101,'31744f7e5638320a2d4c',1450,,1177,61,4,,0
35101,'3823594e52252d7f6b14',1105,,1178,52,4,,0
35101,'7a7c2673351c18595c18',1905,,1182,52,4,,0
35500,'033e170961301f7a0308',715,,1649,1,0,9 26,0
35500,'055e00325b240c7d4777',830,,1220,1,0,9 10 11,0,715,,1219,1,0,9 10 11,0
35500,'126535785649426e467c',605,,1651,1,0,9 10 11,0
35500,'210a7c3e60384f725e7c',830,,1654,1,0,9 10 11,0,715,,1653,1,0,9 10 11,0
35500,'2530772d5b5960361a09',1220,,1224,1,0,9 26,0
35500,'4f67586f291357636e2f',1220,,1658,1,0,9 26,0
35500,'59737b0d0f044b52693e',630,,1660,1,0,9 10 11,0
35500,'723148100c272b183b65',715,,1218,1,0,9 26,0
35500,'7249395f521c57637d3d',620,,1227,1,0,9 10 11,0
35501,'033e170961301f7a0308',1010,,1662,40,4,,0,345,,1663,40,4,,0,370,,1661,40,4,,0
35501,'055e00325b240c7d4777',1150,,1235,42,4,,0,755,,1234,42,4,,0
35501,'12050f054d0a0f53752f',1405,,1239,40,4,,0
35501,'126535785649426e467c',1730,,1664,40,4,,0,180,,1665,40,4,,0
35501,'210a7c3e60384f725e7c',1150,,1668,42,4,,0,755,,1667,42,4,,0
35501,'2530772d5b5960361a09',2005,,1237,42,4,,0
35501,'371d2f0f7337032c2b25',1410,,1233,40,4,,0
35501,'3a3841530321505b7b18',1405,,1669,40,4,,0
35501,'4f67586f291357636e2f',2005,,1671,42,4,,0
35501,'59737b0d0f044b52693e',1405,,1675,40,4,,0,320,,1674,40,4,,0
35501,'5d21673510580b5d6c6e',1410,,1676,40,4,,0
35501,'723148100c272b183b65',1010,,1231,40,4,,0,345,,1232,40,4,,0,370,,1230,40,4,,0
35501,'7249395f521c57637d3d',1730,,1242,40,4,,0,175,,1243,40,4,,0
37501,'31744f7e5638320a2d4c',1230,,1466,13,4,,0
