35801,'136e6b484c454e417465',1045,,477,32,0,91 92,0,807,,478,32,0,91 92,0
35801,'1c2e3625233d01453772',1915,,1359,32,0,91 92,0
35801,'1f5759673f12020b0a50',1455,,1360,32,0,91 92,0,452,,1361,32,0,91 92,0
35801,'3823594e52252d7f6b14',1045,,1362,32,0,91 92,0,807,,1363,32,0,91 92,0
35801,'3a511f30370a721b2433',1455,,475,32,0,91 92,0,452,,476,32,0,91 92,0
35801,'494a652c1e455e3d7c72',1340,,1364,32,0,91 92,0
35801,'4f0277002864772e6462',957,,1365,32,0,91 92,0,858,,1366,32,0,93 94 95,0
35801,'69181125652d7e4d6a80',1915,,481,32,0,91 92,0
35801,'702c275e051204394d01',957,,482,32,0,91 92,0,858,,483,32,0,93 94 95,0
35801,'7f443a14596255477616',1839,,1367,32,0,91 92,0
