35100,'1f5759673f12020b0a50',830,,1159,30,0,9 10 11,0,373,,1160,30,0,9 10 11,0
35100,'2a08755845643968295b',1203,,291,30,0,9 10 11,0
35100,'300d603a345a5010103b',1117,,298,30,0,9 10 11,0,228,,296,30,0,9 10 11,0,110,,297,30,0,9 10 11,0
35100,'31744f7e5638320a2d4c',1237,,1163,18,0,9 10 11,0,10,,1161,26,0,9 10 11,0
35100,'3823594e52252d7f6b14',912,,1165,30,0,9 10 11,0,788,,1164,30,0,9 10 11,0
35100,'4f0277002864772e6462',1117,,1168,30,0,9 10 11,0,228,,1166,30,0,9 10 11,0,110,,1167,30,0,9 10 11,0
35100,'553d275f1455102c362a',1841,,1169,26,0,9 10 11,0
35100,'59737b0d0f044b52693e',1203,,1171,30,0,9 10 11,0
35100,'5c112750394b6b07283a',830,,285,30,0,9 10 11,0,373,,286,30,0,9 10 11,0
35100,'75034b1d5a2e41380d0c',912,,290,30,0,9 10 11,0,788,,289,30,0,9 10 11,0
35100,'7f443a14596255477616',648,,1172,30,0,9 10 11,0,66,,1173,38,0,9 10 11,0,223,,1174,26,0,9 10 11,0
