32600,'2c5f74455e25454d432d',732,,1083,11,0,75 76 77,0
32600,'3f242a2f47502e255740',642,,185,11,0,75 76 77,0
32601,'2c5f74455e25454d432d',1806,,1086,5,0,78 45,0
32601,'35315f0c7e2102062569',1233,,1084,5,0,78 45,0,113,,1085,2,0,78 45,0
32601,'3f242a2f47502e255740',1904,,188,5,0,78 45,0
38801,'1e386a27476c5b6e1461',930,,1574,24,4,,0,100,,1575,24,4,,0,580,,1569,24,4,,0,110,,1570,24,4,,0,100,,1571,24,0,81 82,0,95,,1572,24,0,81 82,0,95,,1573,24,4,,0
38801,'1f5759673f12020b0a50',1340,,1565,24,4,,0,270,,1564,24,4,,0
38801,'2f16807a52596335736c',900,,1560,24,4,,0,100,,1561,24,4,,0,340,,1562,24,0,81 82,0,190,,1563,24,4,,0,220,,1557,24,0,83 84,0,100,,1558,24,0,83 84,0,90,,1559,24,0,81 82,0
38801,'31744f7e5638320a2d4c',1345,,1566,17,4,,0
38801,'3823594e52252d7f6b14',1030,,1567,24,4,,0
38801,'7a7c2673351c18595c18',1900,,1568,24,4,,0
