35600,'02070559307629202a09',648,,373,25,0,9 10 11,0
35600,'0a2f1e22095132130163',1818,,374,26,0,9 10 11,0,5,,375,26,0,9 10 11,0
35600,'0a3c663a7d504d200835',1608,,1245,26,0,9 10 11,0,15,,1246,27,0,9 10 11,0
35600,'0d7c5c285a59412d315b',1813,,1247,25,0,9 10 11,0
35600,'112a0b7f332a564f1678',1248,,1248,25,0,9 10 11,0
35600,'14187635613e43612170',1458,,1249,25,0,9 10 11,0
35600,'1a223768176411647430',1818,,1250,25,0,9 10 11,0
35600,'1c2e3625233d01453772',628,,1252,25,0,9 10 11,0,320,,1251,25,0,9 10 11,0
35600,'1c42311e025d3b40504f',1723,,376,26,0,9 10 11,0
35600,'1f5759673f12020b0a50',648,,1253,25,0,9 10 11,0
35600,'200a2d69427732221f48',1248,,377,25,0,9 10 11,0
35600,'220e7e723c71704c1463',1458,,378,29,0,9 10 11,0,370,,379,29,0,9 10 11,0
35600,'2752046f425a49721d09',1248,,380,25,0,9 10 11,0
35600,'295d5e0567072f655d20',1113,,381,29,0,9 10 11,0,800,,382,29,0,9 10 11,0
35600,'2a08755845643968295b',648,,384,25,0,9 10 11,0,80,,385,25,0,9 10 11,0,30,,386,25,0,9 10 11,0,960,,383,25,0,9 10 11,0
35600,'2a5b3362091f52630354',648,,389,25,0,9 10 11,0,83,,390,25,0,9 10 11,0,71,,391,25,0,9 10 11,0,656,,387,25,0,9 10 11,0,399,,388,26,0,9 10 11,0
35600,'31744f7e5638320a2d4c',1248,,1254,26,0,9 10 11,0,5,,1255,26,0,9 10 11,0
35600,'4d7a6615443531084902',628,,393,25,0,9 10 11,0,320,,392,25,0,9 10 11,0
35600,'4f0277002864772e6462',846,,1256,25,0,9 10 11,0
35600,'52166b36781a3037644c',846,,394,25,0,9 10 11,0
35600,'553d275f1455102c362a',1818,,1257,26,0,9 10 11,0,5,,1258,26,0,9 10 11,0
35600,'56061576073054406d39',1818,,1259,25,0,9 10 11,0
35600,'59737b0d0f044b52693e',648,,1261,25,0,9 10 11,0,80,,1262,25,0,9 10 11,0,30,,1263,25,0,9 10 11,0,960,,1260,25,0,9 10 11,0
35600,'61121d2d1b1669750837',1113,,1264,25,0,9 10 11,0,800,,1265,25,0,9 10 11,0
35600,'634b592b186b573b6758',1113,,1266,29,0,9 10 11,0,800,,1267,29,0,9 10 11,0
35600,'693b6416011017175f3d',1608,,395,26,0,9 10 11,0,15,,396,27,0,9 10 11,0,100,,397,27,0,9 10 11,0
35600,'6a233617047119584137',1248,,1268,25,0,9 10 11,0
35600,'6d0c424c36686c087407',1458,,1269,29,0,9 10 11,0,360,,1270,29,0,9 10 11,0
35600,'725616403949496a5c67',1248,,398,26,0,9 10 11,0,5,,399,26,0,9 10 11,0,565,,401,25,0,9 10 11,0
35600,'7f443a14596255477616',648,,1273,25,0,9 10 11,0,83,,1274,25,0,9 10 11,0,71,,1275,25,0,9 10 11,0,921,,1271,26,0,9 10 11,0,134,,1272,26,0,9 10 11,0
