35000,'02070559307629202a09',901,,238,47,0,9 35 36 37 38,0
35000,'1c2e3625233d01453772',710,,1114,45,0,9 35 36 37 38,0,44,,1115,51,0,9 35 36 37 38,0,170,,1112,51,0,9 35 36 37 38,0,686,,1113,45,0,9 35 36 37 38,0
35000,'1f5759673f12020b0a50',901,,1117,47,0,9 35 36 37 38,0
35000,'2a08755845643968295b',830,,243,45,0,9 35 36 37 38,0
35000,'2a5b3362091f52630354',645,,244,45,0,9 35 36 37 38,0,93,,245,45,0,9 35 36 37 38,0,7,,247,23,0,9 35 36 37 38,0,88,,248,46,0,9 35 36 37 38,0
35000,'4d7a6615443531084902',710,,254,45,0,9 35 36 37 38,0,44,,255,51,0,9 35 36 37 38,0,170,,250,51,0,9 35 36 37 38,0,686,,252,45,0,9 35 36 37 38,0
35000,'59737b0d0f044b52693e',830,,1127,45,0,9 35 36 37 38,0
35000,'7f443a14596255477616',645,,1128,45,0,9 35 36 37 38,0,93,,1129,45,0,9 35 36 37 38,0,7,,1131,23,0,9 35 36 37 38,0,88,,1132,46,0,9 35 36 37 38,0
38300,'02070559307629202a09',747,,762,33,0,9 35 36 37 38,0
38300,'1c2e3625233d01453772',841,,1529,19,0,9 35 36 37 38,0,596,,1530,33,0,9 35 36 37 38,0
38300,'1f5759673f12020b0a50',747,,1531,33,0,9 35 36 37 38,0
38300,'2a08755845643968295b',747,,763,33,0,9 35 36 37 38,0
38300,'2a5b3362091f52630354',713,,764,19,0,9 35 36 37 38,0,32,,765,33,0,9 35 36 37 38,0,996,,766,19,0,9 35 36 37 38,0
38300,'494a652c1e455e3d7c72',1741,,1532,19,0,9 35 36 37 38,0
38300,'4d7a6615443531084902',841,,767,19,0,9 35 36 37 38,0,596,,768,33,0,9 35 36 37 38,0
38300,'59737b0d0f044b52693e',747,,1533,33,0,9 35 36 37 38,0
38300,'7f443a14596255477616',713,,1534,19,0,9 35 36 37 38,0,32,,1535,33,0,9 35 36 37 38,0
