35701,'02070559307629202a09',824,,445,9,0,12 13 14,0
35701,'0d4e3278231744213640',1752,,1326,9,0,12 13 14,0
35701,'1a20552b5a400f716a1b',1924,,446,9,0,12 13 14,0
35701,'1c2e3625233d01453772',1310,,1330,9,0,12 13 14,0,290,,1327,9,0,12 13 14,0,52,,1328,9,0,12 13 14,0,288,,1329,9,0,12 13 14,0
35701,'220e7e723c71704c1463',909,,448,9,0,15 16 17,0,841,,447,9,0,12 13 14,0
35701,'295d5e0567072f655d20',1039,,449,9,0,15 16 17,0
35701,'2a08755845643968295b',756,,452,9,0,12 13 14,0,384,,453,9,0,15 16 17,0,570,,450,9,0,12 13 14,0,120,,451,9,0,12 13 14,0
35701,'2a5b3362091f52630354',800,,457,9,0,12 18 19,0,110,,458,9,0,12 13 14,0,230,,459,9,0,12 13 14,0,579,,454,9,0,12 13 14,0,33,,455,9,0,12 13 14,0,82,,456,9,0,12 13 14,0
35701,'320823102b697f311363',824,,1331,9,0,12 13 14,0
35701,'332311354b01253e3615',826,,1332,9,0,12 18 19,0
35701,'3823594e52252d7f6b14',1924,,1333,9,0,12 13 14,0
35701,'494a652c1e455e3d7c72',910,,1334,9,0,12 13 14,0,230,,1335,9,0,12 13 14,0
35701,'4d7a6615443531084902',1310,,463,9,0,12 13 14,0,290,,460,9,0,12 13 14,0,52,,461,9,0,12 13 14,0,288,,462,9,0,12 13 14,0
35701,'59445e7d50034e156e11',1750,,1336,9,0,12 13 14,0
35701,'59737b0d0f044b52693e',756,,1339,9,0,12 13 14,0,955,,1337,9,0,12 13 14,0,119,,1338,9,0,12 13 14,0
35701,'61121d2d1b1669750837',1039,,1340,9,0,12 13 14,0
35701,'634b592b186b573b6758',1039,,1341,9,0,15 16 17,0
35701,'6d0c424c36686c087407',909,,1342,9,0,15 16 17,0
35701,'7c40501f37807a467b28',1140,,1343,9,0,15 16 17,0
35701,'7f443a14596255477616',800,,1347,9,0,12 18 19,0,919,,1344,9,0,12 13 14,0,33,,1345,9,0,12 13 14,0,82,,1346,9,0,12 13 14,0
