35801,'136e6b484c454e417465',1046,,477,33,0,91 92,0,806,,478,33,0,91 92,0
35801,'1c2e3625233d01453772',1915,,1359,33,0,91 92,0
35801,'1f5759673f12020b0a50',1456,,1360,33,0,91 92,0,451,,1361,33,0,91 92,0
35801,'3823594e52252d7f6b14',1046,,1362,33,0,91 92,0,806,,1363,33,0,91 92,0
35801,'3a511f30370a721b2433',1456,,475,33,0,91 92,0,451,,476,33,0,91 92,0
35801,'494a652c1e455e3d7c72',1341,,1364,33,0,91 92,0
35801,'4f0277002864772e6462',957,,1365,33,0,91 92,0,859,,1366,33,0,93 94 95,0
35801,'69181125652d7e4d6a80',1915,,481,33,0,91 92,0
35801,'702c275e051204394d01',957,,482,33,0,91 92,0,859,,483,33,0,93 94 95,0
35801,'7f443a14596255477616',1840,,1367,33,0,91 92,0
