35701,'0d4e3278231744213640',1854,,1326,46,0,12 13 14,0
35701,'136e6b484c454e417465',2011,,446,46,0,12 13 14,0
35701,'1c2e3625233d01453772',1401,,1330,46,0,12 13 14,0,250,,1327,46,0,12 13 14,0,100,,1328,46,0,12 13 14,0,280,,1329,46,0,12 13 14,0
35701,'320823102b697f311363',911,,1331,46,0,12 13 14,0
35701,'332311354b01253e3615',921,,1332,46,0,12 18 19,0
35701,'3823594e52252d7f6b14',2011,,1333,46,0,12 13 14,0
35701,'3a4a044232474e33312b',1131,,449,46,0,15 16 17,0
35701,'3a511f30370a721b2433',911,,445,46,0,12 13 14,0
35701,'494a652c1e455e3d7c72',1001,,1334,46,0,12 13 14,0,229,,1335,46,0,12 13 14,0
35701,'59445e7d50034e156e11',1846,,1336,46,0,12 13 14,0
35701,'59737b0d0f044b52693e',846,,1339,46,0,12 13 14,0,965,,1337,46,0,12 13 14,0,110,,1338,46,0,12 13 14,0
35701,'61121d2d1b1669750837',1131,,1340,46,0,12 13 14,0
35701,'634b592b186b573b6758',1131,,1341,46,0,15 16 17,0
35701,'69181125652d7e4d6a80',846,,452,46,0,12 13 14,0,384,,453,46,0,15 16 17,0,171,,463,46,0,12 13 14,0,250,,460,46,0,12 13 14,0,100,,461,46,0,12 13 14,0,60,,450,46,0,12 13 14,0,110,,451,46,0,12 13 14,0,110,,462,46,0,12 13 14,0
35701,'6d0c424c36686c087407',955,,1342,46,0,15 16 17,0
35701,'702c275e051204394d01',955,,448,46,0,15 16 17,0,891,,447,46,0,12 13 14,0
35701,'7c40501f37807a467b28',1230,,1343,46,0,15 16 17,0
35701,'7f443a14596255477616',858,,1347,46,0,12 18 19,0,958,,1344,46,0,12 13 14,0,38,,1345,46,0,12 13 14,0,76,,1346,46,0,12 13 14,0
