39400,'012705765b230d454c07',1511,,1603,2,,,0
39400,'02070559307629202a09',836,,859,2,,,0,680,,860,2,,,0
39400,'1443632b3566627b2e20',701,,1604,2,,,0,350,,1605,2,,,0,555,,1606,2,,,0
39400,'2a08755845643968295b',701,,863,2,,,0,350,,864,2,,,0,555,,865,2,,,0
39400,'2a5b3362091f52630354',701,,866,2,,,0,350,,867,2,,,0,555,,868,2,,,0
39400,'693b6416011017175f3d',1511,,870,2,,,0
39400,'79634f716a31375a174a',836,,1609,2,,,0,680,,1610,2,,,0
39401,'02070559307629202a09',1758,,872,41,,,0
39401,'1443632b3566627b2e20',958,,1611,41,,,0,890,,1612,41,,,0
39401,'220e7e723c71704c1463',1348,,873,41,,,0
39401,'2a08755845643968295b',958,,875,41,,,0,890,,876,41,,,0
39401,'2a5b3362091f52630354',958,,878,42,,,0,390,,879,42,,,0,500,,880,42,,,0
39401,'5a1f120d085a5346570a',1348,,1614,41,,,0
39401,'79634f716a31375a174a',1758,,1615,41,,,0
