36901,'1e386a27476c5b6e1461',1710,,1449,20,0,128 129,0,114,,1450,20,0,130 131,0
36901,'1f5759673f12020b0a50',1709,,1445,20,0,128 129,0
36901,'2f16807a52596335736c',1904,,1443,20,0,128 129,0,30,,1444,20,0,128 129,0
36901,'3823594e52252d7f6b14',1111,,1446,20,0,130 131,0,740,,1447,20,0,130 131,0
36901,'71472061383531535e0f',1341,,1448,20,0,128 129,0
37301,'1e386a27476c5b6e1461',1748,,1462,20,0,143 45,0
37301,'1f5759673f12020b0a50',1513,,1459,20,0,143 45,0
37301,'2a2423055d636f354b6d',1900,,1461,20,0,143 45,0
37301,'2f16807a52596335736c',934,,1457,20,0,143 45,0,887,,1458,20,0,143 45,0
37301,'31744f7e5638320a2d4c',1343,,1460,20,0,143 45,0
