35601,'02070559307629202a09',1413,,402,23,0,15 16 17,0
35601,'075f4276790e1e273655',1428,,1276,23,0,15 16 17,0
35601,'0a3c663a7d504d200835',1543,,1277,23,0,12 13 14,0
35601,'14187635613e43612170',1258,,1278,23,0,12 13 14,0
35601,'184134507f4517151633',838,,1279,23,0,12 13 14,0
35601,'1c2e3625233d01453772',1058,,1280,23,0,12 13 14,0,370,,1281,23,0,12 13 14,0,100,,1282,23,0,12 13 14,0,390,,1283,23,0,12 13 14,0
35601,'1e10375f42313a246a18',1228,,422,23,0,12 13 14,0,200,,423,23,0,12 13 14,0,100,,424,23,0,12 13 14,0,390,,425,23,0,12 13 14,0
35601,'1f5759673f12020b0a50',658,,1284,23,0,12 13 14,0
35601,'2173665b1e6d5b0e5d56',658,,403,23,0,12 13 14,0
35601,'220e7e723c71704c1463',843,,406,23,0,15 16 17,0,415,,404,23,0,15 16 17,0
35601,'2a08755845643968295b',1628,,409,23,0,15 16 17,0
35601,'2d6a412e153614600940',1828,,405,23,0,12 13 14,0
35601,'320823102b697f311363',1428,,1285,23,0,12 13 14,0
35601,'332311354b01253e3615',913,,1286,23,0,12 13 14,0
35601,'3f575e1f5f6d63575f07',1838,,1287,23,0,12 13 14,0
35601,'494a652c1e455e3d7c72',1628,,1288,23,0,12 13 14,0
35601,'4f0277002864772e6462',1943,,1289,23,0,12 13 14,0
35601,'59445e7d50034e156e11',1828,,1290,23,0,12 13 14,0
35601,'59737b0d0f044b52693e',658,,1293,23,0,12 13 14,0,1050,,1291,23,0,12 13 14,0,40,,1292,23,0,12 13 14,0
35601,'5a622e2f735638475e4f',658,,412,23,0,12 13 14,0,1050,,410,23,0,12 13 14,0,40,,411,23,0,12 13 14,0
35601,'61121d2d1b1669750837',924,,1294,23,0,12 13 14,0,804,,1295,23,0,12 13 14,0
35601,'614f756f5f66407a564d',1943,,426,23,0,12 13 14,0
35601,'634b592b186b573b6758',924,,1296,23,0,15 16 17,0,804,,1297,23,0,15 16 17,0
35601,'6d0c424c36686c087407',843,,1299,23,0,15 16 17,0,415,,1298,23,0,15 16 17,0
35601,'7c40501f37807a467b28',1628,,1300,23,0,15 16 17,0
35601,'7f443a14596255477616',648,,1301,23,0,12 13 14,0,198,,1306,23,0,12 13 14,0,872,,1302,23,0,12 13 14,0,40,,1303,23,0,12 13 14,0
35601,'80152c04633e535e6600',924,,407,23,0,15 16 17,0,804,,408,23,0,15 16 17,0
