35500,'033e170961301f7a0308',802,,1649,20,0,9 26,0
35500,'055e00325b240c7d4777',917,,1220,20,0,9 10 11,0,715,,1219,20,0,9 10 11,0
35500,'126535785649426e467c',644,,1650,10,0,9 10 11,0,13,,1651,20,0,9 10 11,0
35500,'210a7c3e60384f725e7c',917,,1654,20,0,9 10 11,0,715,,1653,20,0,9 10 11,0
35500,'4f67586f291357636e2f',1157,,1657,10,0,9 26,0,152,,1658,20,0,9 26,0,338,,1656,10,0,9 26,0
35500,'566406012b1e7e430018',917,,1659,10,0,9 26,0
35500,'59737b0d0f044b52693e',717,,1660,20,0,9 10 11,0
35500,'5d5f40704724192d5825',644,,1226,10,0,9 10 11,0,68,,1227,20,0,9 10 11,0,205,,1217,10,0,9 26,0
35500,'723148100c272b183b65',802,,1218,20,0,9 26,0
35500,'7360781f782d14543c3f',1157,,1223,10,0,9 26,0,152,,1224,20,0,9 26,0,338,,1222,10,0,9 26,0
