39400,'0a2f1e22095132130163',1705,,861,2,,,0
39400,'35315f0c7e2102062569',1305,,1607,2,,,0
39400,'5e507c283847542b3f60',1705,,1608,2,,,0
39400,'725616403949496a5c67',1305,,871,2,,,0
39401,'02070559307629202a09',1704,,872,11,,,0
39401,'1443632b3566627b2e20',904,,1611,11,,,0,850,,1612,11,,,0
39401,'220e7e723c71704c1463',1254,,873,11,,,0
39401,'2a08755845643968295b',904,,875,11,,,0,850,,876,11,,,0
39401,'2a5b3362091f52630354',904,,878,11,,,0,350,,879,11,,,0,500,,880,11,,,0
39401,'5a1f120d085a5346570a',1254,,1614,11,,,0
39401,'79634f716a31375a174a',1704,,1615,11,,,0
39800,'2a5b3362091f52630354',640,,914,3,,,0
39800,'7f443a14596255477616',640,,1634,3,,,0
