35500,'033e170961301f7a0308',749,,1649,12,0,9 26,0
35500,'055e00325b240c7d4777',904,,1220,12,0,9 10 11,0,715,,1219,12,0,9 10 11,0
35500,'126535785649426e467c',628,,1650,2,0,9 10 11,0,13,,1651,12,0,9 10 11,0
35500,'210a7c3e60384f725e7c',904,,1654,12,0,9 10 11,0,715,,1653,12,0,9 10 11,0
35500,'4f67586f291357636e2f',1142,,1657,2,0,9 26,0,112,,1658,12,0,9 26,0,378,,1656,2,0,9 26,0
35500,'566406012b1e7e430018',902,,1659,2,0,9 26,0
35500,'59737b0d0f044b52693e',704,,1660,12,0,9 10 11,0
35500,'5d5f40704724192d5825',628,,1226,2,0,9 10 11,0,28,,1227,12,0,9 10 11,0,246,,1217,2,0,9 26,0
35500,'723148100c272b183b65',749,,1218,12,0,9 26,0
35500,'7360781f782d14543c3f',1142,,1223,2,0,9 26,0,112,,1224,12,0,9 26,0,378,,1222,2,0,9 26,0
37501,'31744f7e5638320a2d4c',1249,,1465,19,0,28 29,0
37501,'553d275f1455102c362a',1842,,1467,19,0,28 29,0
