35900,'114a44065a5209536517',728,,500,16,0,51 10 52 2 29,0,405,,501,16,0,51 10 52 2 29,0,195,,502,16,0,51 10 52 2 29,0
35900,'2c5f74455e25454d432d',656,,1369,16,0,51 10 52 2 29,0,1172,,1368,16,0,51 10 52 2 29,0
35900,'3f242a2f47502e255740',632,,497,16,0,51 10 52 2 29,0,126,,498,16,0,51 10 52 2 29,0,770,,499,16,0,51 10 52 2 29,0,180,,496,16,0,51 10 52 2 29,0
35900,'4a0603184e160563480a',843,,485,16,0,51 10 52 2 29,0
35900,'4b6f482a4a7216552331',1643,,484,16,0,51 10 52 2 29,0
36100,'114a44065a5209536517',1238,,561,11,0,51 10 52 2 29,0
36100,'2c5f74455e25454d432d',723,,1371,11,0,51 10 52 2 29,0,800,,1372,11,0,51 10 52 2 29,0
36100,'3f242a2f47502e255740',623,,558,11,0,51 10 52 2 29,0,415,,559,11,0,51 10 52 2 29,0
36100,'3f4d67570e29103a1e70',833,,552,11,0,51 10 52 2 29,0
36100,'4b6f482a4a7216552331',1523,,551,11,0,51 10 52 2 29,0
36100,'79634f716a31375a174a',723,,560,11,0,51 10 52 2 29,0
