35000,'112a0b7f332a564f1678',1236,,1110,13,0,60 103 104,0
35000,'16096334352325192d1f',1735,,1111,13,0,60 103 104,0
35000,'1c486c5002601c4a534a',1735,,1116,13,0,60 103 104,0
35000,'1e386a27476c5b6e1461',608,,1128,5,0,9 35 36 37 38,0,45,,1129,5,0,9 35 36 37 38,0,5,,1130,5,0,9 35 36 37 38,0,85,,1132,5,0,9 35 36 37 38,0
35000,'1e7832711c690d2e452a',1745,,1123,15,0,60 103 104,0,71,,1125,13,0,60 103 104,0
35000,'1f5759673f12020b0a50',823,,1117,11,0,9 35 36 37 38,0
35000,'2f16807a52596335736c',633,,1114,5,0,9 35 36 37 38,0,76,,1115,11,0,9 35 36 37 38,0,140,,1112,11,0,9 35 36 37 38,0,684,,1113,5,0,9 35 36 37 38,0
35000,'31744f7e5638320a2d4c',1246,,1118,15,0,60 103 104,0,73,,1120,13,0,60 103 104,0
35000,'59737b0d0f044b52693e',753,,1127,5,0,9 35 36 37 38,0
35000,'65010049261f3230571f',1236,,1122,13,0,60 103 104,0
