39700,'0a2f1e22095132130163',1623,,902,7,,,0
39700,'16096334352325192d1f',1428,,1622,13,,,0
39700,'1c2e3625233d01453772',840,,1623,13,,,0
39700,'2a08755845643968295b',735,,903,13,,,0
39700,'2a5b3362091f52630354',724,,904,13,,,0
39700,'2b037649673f32451d0b',930,,905,13,,,0
39700,'4d7a6615443531084902',840,,906,13,,,0
39700,'532f7e634a3b56246321',930,,1624,13,,,0
39700,'553d275f1455102c362a',1623,,1625,7,,,0
39700,'59737b0d0f044b52693e',735,,1626,13,,,0
39700,'69552d0660140f203513',1428,,907,13,,,0
39700,'7f443a14596255477616',724,,1627,13,,,0
