37600,'02070559307629202a09',829,,698,15,0,7 8,0
37600,'0a2f1e22095132130163',1809,,699,24,0,7 8,0,50,,700,24,0,7 8,0
37600,'1c2e3625233d01453772',654,,1468,15,0,7 8,0,173,,1469,23,0,7 8,0,588,,1470,15,0,7 8,0,309,,1471,15,0,7 8,0
37600,'1f5759673f12020b0a50',829,,1472,15,0,7 8,0
37600,'31744f7e5638320a2d4c',1304,,1473,24,0,7 8,0
37600,'4d7a6615443531084902',654,,701,15,0,7 8,0,175,,702,24,0,7 8,0,586,,703,15,0,7 8,0,309,,704,15,0,7 8,0
37600,'4f0277002864772e6462',709,,1474,15,0,7 8,0,215,,1475,15,0,7 8,0,235,,1476,15,0,7 8,0
37600,'52166b36781a3037644c',709,,705,15,0,7 8,0,215,,706,15,0,7 8,0,235,,707,15,0,7 8,0
37600,'553d275f1455102c362a',1813,,1477,23,0,7 8,0,91,,1478,24,0,7 8,0
37600,'725616403949496a5c67',1304,,708,24,0,7 8,0
