39101,'0a2f1e22095132130163',1731,,813,8,,,0
39101,'1c2e3625233d01453772',1839,,1581,7,,,0
39101,'20694715463639414353',1258,,1582,10,,,0
39101,'2a08755845643968295b',1745,,814,11,,,0
39101,'2a5b3362091f52630354',1745,,815,11,,,0
39101,'2b037649673f32451d0b',1244,,816,7,,,0
39101,'31744f7e5638320a2d4c',1251,,1583,7,,,0
39101,'4d7a6615443531084902',1839,,817,7,,,0
39101,'532f7e634a3b56246321',1244,,1584,7,,,0
39101,'553d275f1455102c362a',1731,,1585,7,,,0
39101,'59737b0d0f044b52693e',1745,,1586,10,,,0
39101,'725616403949496a5c67',1251,,818,8,,,0
39101,'7f443a14596255477616',1745,,1587,10,,,0
39101,'7f806225246b20094268',1258,,819,11,,,0
