35100,'1f5759673f12020b0a50',750,,1159,5,0,9 10 11,0,375,,1160,5,0,9 10 11,0
35100,'3823594e52252d7f6b14',835,,1165,5,0,9 10 11,0,787,,1164,5,0,9 10 11,0
35100,'4f0277002864772e6462',1035,,1168,5,0,9 10 11,0,267,,1166,5,0,9 10 11,0,110,,1167,5,0,9 10 11,0
35100,'59737b0d0f044b52693e',1125,,1171,5,0,9 10 11,0
35100,'7f443a14596255477616',605,,1172,5,0,9 10 11,0,16,,1173,5,0,9 10 11,0
35500,'033e170961301f7a0308',720,,1649,5,0,9 26,0
35500,'055e00325b240c7d4777',835,,1220,5,0,9 10 11,0,715,,1219,5,0,9 10 11,0
35500,'126535785649426e467c',611,,1651,5,0,9 10 11,0
35500,'210a7c3e60384f725e7c',835,,1654,5,0,9 10 11,0,715,,1653,5,0,9 10 11,0
35500,'4f67586f291357636e2f',1226,,1658,5,0,9 26,0
35500,'59737b0d0f044b52693e',635,,1660,5,0,9 10 11,0
35500,'5d5f40704724192d5825',626,,1227,5,0,9 10 11,0
35500,'723148100c272b183b65',720,,1218,5,0,9 26,0
35500,'7360781f782d14543c3f',1226,,1224,5,0,9 26,0
37500,'7f443a14596255477616',727,,1464,4,0,23 24 18,0
37501,'31744f7e5638320a2d4c',1226,,1466,12,0,20 21 22,0
37501,'553d275f1455102c362a',1816,,1467,12,0,28 29,0
