35101,'1c2e3625233d01453772',1235,,1175,5,0,23 24 18,0
35101,'1f5759673f12020b0a50',1922,,1176,36,0,20 21 22,0
35101,'300d603a345a5010103b',952,,312,36,0,20 21 22,0,380,,313,36,0,20 21 22,0,190,,314,36,0,20 21 22,0
35101,'31744f7e5638320a2d4c',1425,,1177,45,0,20 21 22,0
35101,'3823594e52252d7f6b14',1037,,1178,36,0,20 21 22,0
35101,'485f012a2c6b445e7a47',1837,,310,36,0,20 21 22,0
35101,'4f0277002864772e6462',952,,1179,36,0,20 21 22,0,380,,1180,36,0,20 21 22,0,190,,1181,36,0,20 21 22,0
35101,'5c112750394b6b07283a',1922,,302,36,0,20 21 22,0
35101,'5e30330704346c1e144e',1235,,311,5,0,23 24 18,0
35101,'75034b1d5a2e41380d0c',1037,,303,36,0,20 21 22,0
35101,'7a7c2673351c18595c18',1837,,1182,36,0,20 21 22,0
35101,'7f443a14596255477616',728,,1187,44,0,23 24 18,0,110,,1188,45,0,23 24 18,0,808,,1183,36,0,23 25,0,255,,1184,45,0,20 21 22,0,106,,1185,36,0,20 21 22,0
